-1.2552416 2.9331146 -3.0523827
-0.8367367 3.4716438 -2.2028888
-0.0881115 4.1810957 -2.5532605
-1.6298242 4.0071330 -1.6825084
-0.1883578 2.4925604 -1.2539962
-0.2034304 1.2879713 -1.5011151
0.3607672 2.9995664 -0.1503159
0.3249031 4.0010506 -0.0228907
1.1069755 2.2083278 0.8364923
1.9546392 1.7422531 0.3321060
1.6573105 3.1713041 1.8964266
0.8365016 3.6638951 2.4204369
2.2583622 2.6167542 2.6186279
2.2874411 3.9253170 1.4223129
0.2755022 1.0777633 1.4831138
0.8190809 0.0197767 1.8099832
-1.0448688 1.2613676 1.6098965
-1.4247352 2.1571634 1.3374068
-1.9712817 0.2499192 2.1306498
-1.5829952 -0.1180643 3.0821840
-3.3162233 0.9370975 2.3994682
-3.7378112 1.3169874 1.4673346
-3.1782648 1.7639029 3.0978689
-4.0123834 0.2207483 2.8381067
-2.1382083 -0.9722038 1.1971150
-2.4568181 -2.0675432 1.6696814
-1.8976967 -0.8044695 -0.1105953
-1.6520328 0.1235640 -0.4305021
-1.9079335 -1.8790468 -1.1093614
-2.5123959 -2.7098471 -0.7413013
-2.5847264 -1.3431630 -2.3775759
-2.0083880 -0.5148740 -2.7925087
-3.5927954 -0.9986491 -2.1424615
-2.6494585 -2.1383338 -3.1215442
-0.4970883 -2.4349100 -1.4023139
-0.3422029 -3.6369809 -1.6382140
0.5350377 -1.5822766 -1.3621590
0.3312615 -0.5979173 -1.2332840
1.9290741 -1.9588425 -1.6200251
1.9552773 -2.6149449 -2.4920261
2.7035686 -0.6819475 -1.9705413
2.2348319 -0.1834935 -2.8203903
2.7161463 -0.0042708 -1.1163625
3.7303092 -0.9377661 -2.2356454
2.5974478 -2.7221311 -0.4522300
3.5089747 -3.5246155 -0.6823317
2.1504222 -2.4967806 0.7919758
1.4355189 -1.7880820 0.9101945
2.6539387 -3.1541525 1.9978242
2.4836360 -4.2310157 1.9373180
3.7247506 -2.9702205 2.1068297
2.1383319 -2.7637348 2.8773784
