      1.70041666949364600470      1.52717138373878991153     -3.28198336122675771165
      2.70752105402571663362      1.49805709399989606112     -2.86718829978136335868
      3.30050506942029864277      0.75985036152536578058     -3.40662712252129296076
      3.16802692072323432981      2.47982352662093719076     -2.97319816831894856435
      2.63827190658997112749      1.13050857876988120054     -1.39700822993337947509
      3.19475827062928763311      0.11828405709838868409     -0.97385129443382023595
      1.93442813273005032038      1.94006550016164580619     -0.60833703372577974111
      1.47514423508631731252      2.74289945402416313058     -1.01963419268402910589
      1.79052407150059833540      1.76534754023416473601      0.84987230605711017173
      2.78146126032443641307      1.61463463772360538151      1.28137342723829950053
      1.21420067492960659372      3.05179873290316994172      1.46557800911443880665
      1.07063177962948863353      2.90442365494828225181      2.53789289342776980263
      1.93731369021017529874      3.85802864685813684531      1.32668947890043331661
     -0.02301935119911040911      3.42557815885439698178      0.86008454279111590246
     -0.34726078047934411108      4.25324535392872782325      1.27906997616863571388
      0.94712123099649514479      0.53936702852517581785      1.26179354674236821054
      0.99068873379665822743      0.11271371656524195592      2.41985377735246620645
      0.22410429540271725735     -0.07663286700147338426      0.31582305239356545101
      0.21258811546182856955      0.34217855975349503739     -0.60439723311942628037
     -0.52644741367295166956     -1.32888696290878649542      0.50970604798163487992
     -0.93829476196649963526     -1.34086106181859054942      1.52046813708131822729
     -1.70431471058415051623     -1.36405112801056738192     -0.48552875424741526178
     -2.22379782686603011399     -2.31848788351784396156     -0.38080727482720683197
     -1.31859993299715938520     -1.29715171530962924962     -1.50488048324810974599
     -2.72059109833849710469     -0.23408294155911382739     -0.24549006611777984821
     -2.23754558676698112052      0.73306721454268963800     -0.39145418089992406463
     -3.08251972438237409335     -0.29706016121215833570      0.78120296884103690438
     -3.90463580062749882060     -0.34841607829850973488     -1.21855745654366365294
     -3.51691897501913119939     -0.33261090770555346019     -2.23901978210579910566
     -4.41687127462133499733     -1.30086316996817474845     -1.06798583530894108939
     -4.90599817417385875018      0.80942035182357352507     -1.07139925766762944548
     -4.36590219926564859776      1.75757575897539219945     -1.15380817487799980370
     -5.61105401585566365696      0.75966688760306988470     -1.90683384003201306101
     -5.66228700227057490935      0.76100955555568394750      0.21067100563299659410
     -6.33444034417557766403      1.51532684640967429957      0.25846598247199487064
     -6.17275858283256972925     -0.10708652056862319468      0.30148086541305935127
     -5.04778311777500032775      0.85128746366875551743      1.00793099323500823239
      0.35068107015957861172     -2.59971295418926562348      0.39282698007808747320
     -0.12365591878397198811     -3.70413149241688444135      0.68100090879498009766
      1.61939567367329106951     -2.46240236671319978612     -0.01648544593552562013
      1.93833073279186307580     -1.52560596245824520167     -0.23008422806582698450
      2.57407840062863257913     -3.55550742119782725581     -0.17645384604832994868
      2.19922051952415564813     -4.27496657080199948808     -0.90654459421213251513
      2.72694784940813361729     -4.06062611316957511320      0.77886791557461598767
      3.52972952210437984633     -3.16154762761801810811     -0.52584590339027992290
