     -1.19218365106806456488     -1.73766430745683742032     -3.29915388759650962669
     -2.25225072821441951731     -1.64690336508388002201     -3.06430056387413296548
     -2.71369470825056113839     -0.92936437969822405236     -3.74236608501665868332
     -2.73105907469150155364     -2.61822553790750012226     -3.18442976835275493031
     -2.41401413335396908266     -1.17997589559919902058     -1.63015056867871099833
     -2.98938835921613454971     -0.12359367729067664843     -1.37254288027629134383
     -1.88733625220280432089     -1.95460320054403835499     -0.68365454774776102109
     -1.40690280039271620183     -2.80208721257441562003     -0.95987413197722326608
     -1.99182890384874355938     -1.68998633143386056688      0.76423643697794974017
     -3.03505490175426517752     -1.47345638654828192671      1.00066318025627842836
     -1.60391401942477007658     -2.95927362720858422307      1.54490864236212122051
     -1.63600365941154346494     -2.75531550022490678842      2.61720342130150074311
     -2.34647350409811572547     -3.72994983028223048294      1.33011320666367360843
     -0.31680912694505397598     -3.46074988998080801395      1.18109276194337264876
      0.37889075042675102178     -2.94817524159805088857      1.64767014026225377954
     -1.18069526390578882769     -0.46810004771312641036      1.24820717703363182061
     -1.37985761323705879988      0.00807817048715951148      2.36957268862441106094
     -0.30424024189753395842      0.08643724713634973189      0.39853218859734051982
     -0.17206895102796382346     -0.36737972151039066659     -0.49566881461232742412
      0.43402046440028158036      1.33642742469582187503      0.64888948209938801526
      0.70839055560925168198      1.37994698214654976098      1.70450418271863934905
      1.73324352530047276488      1.32621842346497165188     -0.18195994067343571055
      2.24440686266903410839      2.28091668002077918587     -0.04406651349317938088
      1.48574059614002207397      1.22309684763392501061     -1.24042330537527356604
      2.69651164277162447291      0.20082189003786302117      0.23212082008949555534
      2.92362636551353016756      0.29659896962383103247      1.29512086167425777283
      2.22778576093381008860     -0.76861248013529248624      0.05774123246933541426
      4.00231907945499543189      0.27282650129285523910     -0.57079127972922782952
      4.48125072685664527228      1.23806256295093319864     -0.39369925422328377884
      3.77586174216450798369      0.17792426549808179614     -1.63481016206817852954
      4.94797371751791548178     -0.85791892209082942777     -0.14162640410897259224
      5.14660059824775562021     -0.76372754213235094500      0.93040316463328553986
      4.44808560082978488026     -1.81742177543325889033     -0.30599448142075141854
      6.22997626021966421916     -0.82273344178229024237     -0.89560253567203096381
      6.84163850864452172118     -1.57256862649040862756     -0.60210014446473381078
      6.07349021023530877272     -0.92602503651582412925     -1.88893657105470591517
      6.71956486526445129215      0.04870157276244469619     -0.74460950988637475412
     -0.39916772771730224534      2.61175284429145504461      0.37165090632867825438
      0.03698559183564338604      3.71759352713710189420      0.71019676155324495959
     -1.58959045622735373193      2.47679843026542956252     -0.22899831940730105972
     -1.88077338470411681293      1.53893123289131250608     -0.47530416241768508323
     -2.49509888407121360743      3.57451854434428861751     -0.55603967693553890683
     -2.00247116523214518935      4.27660822481062652400     -1.23099291430618595911
     -3.38864103595324817064      3.18189718854270164883     -1.04387054446841887057
     -2.78994928828342425575      4.09924449863598905353      0.35438988936532012097
