     -2.97584107101124528683     -2.01039290892011601741     -3.29989835570949141541
     -2.38417583148193834575     -1.11077893000942173884     -3.13332276110301322092
     -2.76973424383958244377     -0.30390723142014697267     -3.75615271559018681913
     -1.34617430947323102330     -1.30868473345673064223     -3.39888210410904001435
     -2.46608386297813808596     -0.71783056014699730962     -1.67053219287373333479
     -2.90897970651856940805      0.38077227319172107789     -1.33865188307081339758
     -2.01621822205117817717     -1.60491759325696947691     -0.78331410774355070270
     -1.64531266432123035592     -2.47964671130185587700     -1.13156992518231835909
     -2.08109364998209533937     -1.40357577876840045050      0.68029387099859084387
     -3.08612029924713349160     -1.07119190992220647551      0.94475732690224867305
     -1.82742192352403587385     -2.73129338870512272663      1.41540196946658825006
     -1.80225570408092905517     -2.53842931381530423351      2.48951487781017322121
     -0.85460039607315863019     -3.13046913325652109705      1.12071586992727190157
     -2.84936897044633630216     -3.69430650722460152124      1.15823380196940228792
     -2.80669953434382568602     -3.98338221780872103750      0.22084483965836143593
     -1.11467566021799369125     -0.31907982466561557455      1.20420431290522156331
     -1.24389594468213982026      0.13278333831255678676      2.34534110700691833529
     -0.17243926506778339824      0.14538180336392023118      0.37111901795575374940
     -0.10734063664976739583     -0.27965017242752171489     -0.54460839480578060456
      0.73823107462856962790      1.26386780262621711834      0.67224910286241734703
      0.99005978941700267804      1.23966005064108686362      1.73411671454336024922
      2.04214615797305532041      1.07638833818618517846     -0.12965932726476900316
      1.80985666119299026811      1.03629305624092760141     -1.19578845563789770701
      2.68848861816950757131      1.93857039163976785368      0.04525892190272403498
      2.81190600320214345587     -0.19185339506613738325      0.27690308061048274357
      3.02306606838528146852     -0.15513776365019582570      1.34684642048282210425
      2.20584935387261094064     -1.07449043361016927101      0.06782285775395452410
      4.13402103999735359707     -0.30279629950481445899     -0.49415373412162916233
      4.74916495348494116513      0.57419788962671247656     -0.28225648885406412480
      3.92374764895168448575     -0.33954682453053919300     -1.56507137725563927333
      4.88533934397643054837     -1.57330085540160391488     -0.07173225190873065704
      5.06738922227496324524     -1.53323961721907942035      1.00662669953466088479
      4.25021704613291007036     -2.44179948805174751314     -0.27150189444381872539
      6.17745140292077365984     -1.71777860743962906831     -0.79479948302006553362
      6.66023926461075621575     -2.55808422486423836517     -0.50612827015064854042
      6.78939127937782949118     -0.93448346132824666732     -0.61075367194291607653
      6.03361789714770146986     -1.77488306843813181679     -1.79375811382942740302
      0.11185164771406633233      2.65677245881129531213      0.41634269422865000099
      0.71543883548289233243      3.67723382239910012714      0.76565631849524928842
     -1.08754229753102960032      2.71601548866184394626     -0.17864299507309919224
     -1.52317057271236522276      1.83806408079936134392     -0.43188393386462403667
     -1.81266280247054401009      3.94521834157239581486     -0.48752265895791302430
     -2.01843054604333271840      4.49821343567363740590      0.43064249442063939899
     -2.75851047136421856365      3.70244944620102112154     -0.97434811226976714149
     -1.21970970580062521016      4.57042582093000859800     -1.15737969694358699968
