          45
Energy of minimum      1=     0.000000000     first found at step       58 after                19519 function calls
HH31       -2.7958749515       -2.5952609373       -3.1617024780
CH3        -2.3553734829       -1.6074586870       -3.0298850959
HH32       -2.8767225384       -0.8909619190       -3.6642361483
HH33       -1.3034996188       -1.6428598832       -3.3117834832
C          -2.4752980648       -1.1926783084       -1.5756110909
O          -3.0840753827       -0.1713367254       -1.2600162351
N          -1.8756218687       -1.9717779372       -0.6777439218
H          -1.3653378498       -2.7841195874       -1.0007699408
CA         -1.9194014880       -1.7495873300        0.7804442527
HA         -2.9577173372       -1.5920989268        1.0770366176
CB         -1.4227026589       -3.0116275014        1.5062475493
HB2        -2.1205518604       -3.8266036126        1.3037427276
HB3        -1.4164376808       -2.8285420945        2.5826478260
OG         -0.1179257552       -3.3969648598        1.0748200831
HG          0.1535279851       -4.2070896206        1.5603602046
C          -1.1390089584       -0.5051920100        1.2564223742
O          -1.3319274103       -0.0418202245        2.3847698486
N          -0.3024535386        0.0851609808        0.3911314418
H          -0.1715021188       -0.3630088738       -0.5056591692
CA          0.4140199751        1.3478835264        0.6389335887
HA          0.6921760096        1.3948259273        1.6933598205
CB          1.7107046384        1.3588870567       -0.1962099670
HB2         2.2092054863        2.3200571425       -0.0571638553
HB3         1.4615125619        1.2548603029       -1.2541874564
CG          2.6900723026        0.2452131390        0.2127286677
HG2         2.9193423094        0.3420522300        1.2751790161
HG3         2.2337024840       -0.7302392408        0.0385381787
CD          3.9922832225        0.3349261486       -0.5940254254
HD2         3.7637203723        0.2392421630       -1.6575117846
HD3         4.4600740368        1.3054945081       -0.4163663071
CE          4.9522676659       -0.7854337856       -0.1696085757
HE2         5.1531984506       -0.6905282801        0.9019177561
HE3         4.4627382574       -1.7503128067       -0.3337035741
NZ          6.2312897450       -0.7345030282       -0.9276847910
HZ1         6.7113261627        0.1422848170       -0.7770290976
HZ2         6.0727173001       -0.8381940216       -1.9206424453
HZ3         6.8524406040       -1.4776915014       -0.6372373520
C          -0.4435336473        2.6086866450        0.3688601011
O          -0.0123466001        3.7249039932        0.6786410262
N          -1.6491207318        2.4501634738       -0.1946020386
H          -1.9361710535        1.5049288906       -0.4160556319
CH3        -2.5777363963        3.5314691380       -0.5113304366
HH31       -2.1139829200        4.2291867690       -1.2108241475
HH32       -3.4799789943        3.1203789359       -0.9668618857
HH33       -2.8526762021        4.0663608557        0.3994117340
          45
Energy of minimum      2=    0.5435495577E-01 first found at step       53 after                17731 function calls
HH31        1.4855606976        1.4724332867       -3.3939057075
CH3         2.4916463683        1.1871832977       -3.0879828914
HH32        2.8445860069        0.3715728246       -3.7186791078
HH33        3.1566662309        2.0432886579       -3.1974936325
C           2.4726731869        0.7465114473       -1.6364500791
O           2.8221038551       -0.3897679157       -1.3199973849
N           2.0474917150        1.6396047880       -0.7444396021
H           1.8166134069        2.5691370327       -1.0709187161
CA          2.0657201219        1.4348301857        0.7181042358
HA          3.0771700746        1.1600860013        1.0203571837
CB          1.7074033140        2.7505675703        1.4298561344
HB2         0.6674125070        3.0009670013        1.2096373972
HB3         1.8075113473        2.6101150975        2.5081206608
OG          2.5510276188        3.8231161258        1.0124677960
HG          2.3027955438        4.6372001662        1.5044871970
C           1.1303379645        0.3133420177        1.2190868820
O           1.2762716256       -0.1606044463        2.3492678065
N           0.1918736919       -0.1502805457        0.3815870791
H           0.1164910561        0.2914697692       -0.5253928258
CA         -0.7046178930       -1.2836576174        0.6681217515
HA         -0.9645230696       -1.2695060223        1.7282150247
CB         -2.0048933727       -1.1094807205       -0.1426070456
HB2        -2.6402220383       -1.9817977104        0.0221324062
HB3        -1.7648550491       -1.0597779324       -1.2066233812
CG         -2.7957470969        0.1453818242        0.2650574434
HG2        -2.2005788378        1.0377203700        0.0660690279
HG3        -3.0151050516        0.0993395591        1.3329903864
CD         -4.1129107112        0.2422651425       -0.5162984617
HD2        -3.8943607002        0.2879752677       -1.5852140819
HD3        -4.7174817894       -0.6443800820       -0.3143698891
CE         -4.8853222245        1.4998166298       -0.0931827190
HE2        -4.2606442564        2.3781350166       -0.2826957285
HE3        -5.0758938295        1.4510883600        0.9833444709
NZ         -6.1731493813        1.6305324333       -0.8264401265
HZ1        -6.6699850343        2.4624160535       -0.5372153719
HZ2        -6.0216613214        1.6953264901       -1.8237984672
HZ3        -6.7756865989        0.8378014776       -0.6520246662
C          -0.0583810880       -2.6664891666        0.4081237046
O          -0.6455633100       -3.6959636575        0.7591268266
N           1.1393320505       -2.7078873094       -0.1911421718
H           1.5608078056       -1.8229588921       -0.4480631345
CH3         1.8815515530       -3.9259596733       -0.5026968452
HH31        1.2956096810       -4.5599554246       -1.1704348058
HH32        2.0990957782       -4.4757045143        0.4146860465
HH33        2.8217079488       -3.6686256592       -0.9929974854
          45
Energy of minimum      3=    0.7110607618     first found at step       18 after                 6265 function calls
HH31        2.6431812744        2.2036119645       -3.3974441634
CH3         2.0162631925        1.3342769130       -3.2014585017
HH32        2.2277631224        0.5614780168       -3.9401273387
HH33        0.9683191849        1.6244532123       -3.2703963297
C           2.3049061702        0.8093611189       -1.8077384212
O           2.7059950497       -0.3411939973       -1.6384958611
N           2.0820810069        1.6433888958       -0.7940806341
H           1.7250577389        2.5692267531       -0.9941344144
CA          2.3453250116        1.3231733609        0.6221652234
HA          3.3552360335        0.9181080448        0.7050297237
CB          2.3006426515        2.6147880703        1.4564171576
HB2         2.4530599264        2.3684746777        2.5091761424
HB3         3.1185782682        3.2636711327        1.1368593264
OG          1.0644612727        3.3102748754        1.2976991066
HG          1.0838176053        4.1265804921        1.8445469237
C           1.4004761995        0.2573353092        1.2181718611
O           1.6893610959       -0.3104940627        2.2760905879
N           0.3016921539       -0.0721297411        0.5243611685
H           0.1123793155        0.4518781807       -0.3192916813
CA         -0.6292570069       -1.1551717413        0.8846965678
HA         -0.7009971927       -1.2111084542        1.9724240726
CB         -2.0290073269       -0.8156982309        0.3325119129
HB2        -2.7039025852       -1.6439148035        0.5567479238
HB3        -1.9682574221       -0.7076919159       -0.7517150667
CG         -2.6141536276        0.4653816940        0.9566360301
HG2        -2.5847326997        0.3701463849        2.0430868124
HG3        -2.0070376645        1.3263927586        0.6735868828
CD         -4.0693838366        0.7262638895        0.5379322979
HD2        -4.4313017169        1.5957315750        1.0902065867
HD3        -4.6814002852       -0.1342083462        0.8158706659
CE         -4.2029105013        0.9951993674       -0.9694876269
HE2        -3.8598058330        0.1148457887       -1.5210110171
HE3        -3.5521391015        1.8336395512       -1.2364746953
NZ         -5.6067201418        1.3076099524       -1.3513355010
HZ1        -5.6806705911        1.4825419277       -2.3446326180
HZ2        -6.2264783868        0.5406288822       -1.1283203924
HZ3        -5.9424694228        2.1308184119       -0.8700153465
C          -0.1599109694       -2.5551900740        0.4181233072
O          -0.7766953260       -3.5636450025        0.7790888096
N           0.9212371852       -2.6344866202       -0.3698022308
H           1.3769742173       -1.7657403931       -0.6198663531
CH3         1.4917914798       -3.8729044293       -0.8920394730
HH31        0.7536221392       -4.3959689140       -1.5025143966
HH32        1.7985370941       -4.5193960677       -0.0679552322
HH33        2.3636151057       -3.6457849443       -1.5075807354
          45
Energy of minimum      4=    0.7508105165     first found at step       19 after                 6598 function calls
HH31       -1.1891236038       -1.6235018033       -3.2798081339
CH3        -2.1319451928       -1.0835708184       -3.1978729264
HH32       -2.1650755256       -0.2959782980       -3.9503167134
HH33       -2.9575102241       -1.7755319339       -3.3615823636
C          -2.2491821259       -0.4786162459       -1.8116009495
O          -2.3595815055        0.7376628355       -1.6639433851
N          -2.2091008972       -1.3242388590       -0.7833118652
H          -2.1602797620       -2.3154921776       -0.9807900804
CA         -2.4226701710       -0.9378283357        0.6260614900
HA         -3.3736021217       -0.4090869894        0.7036729220
CB         -2.5179820195       -2.1998794709        1.5002825561
HB2        -2.7611118996       -1.9060182090        2.5234815474
HB3        -1.5475598163       -2.7009021100        1.5065790779
OG         -3.5131549367       -3.1018710757        1.0182849798
HG         -3.5553453645       -3.8821751540        1.6147659211
C          -1.3417201228        0.0012322621        1.2033056902
O          -1.5571858047        0.6353018046        2.2400038363
N          -0.1912400447        0.1337425871        0.5279810928
H          -0.0736217571       -0.4249579315       -0.3071230281
CA          0.8923137175        1.0644952675        0.8887989987
HA          0.9518496510        1.1322947098        1.9766612417
CB          2.2308709911        0.4969009965        0.3740877182
HB2         2.1738264423        0.3751635223       -0.7088822051
HB3         3.0234561460        1.2138653948        0.5966095206
CG          2.5956090088       -0.8453906989        1.0358878661
HG2         1.8664035042       -1.6068560259        0.7558157089
HG3         2.5604298630       -0.7222167126        2.1193451473
CD          3.9998225564       -1.3399081610        0.6553746782
HD2         4.2098129903       -2.2432832807        1.2314111253
HD3         4.7336476783       -0.5801004236        0.9318565189
CE          4.1198094489       -1.6584593419       -0.8435320107
HE2         3.3513315570       -2.3904939551       -1.1106543002
HE3         3.9299997858       -0.7472431321       -1.4185194883
NZ          5.4648110482       -2.1942549745       -1.1870741613
HZ1         5.6578214240       -3.0493697975       -0.6834903522
HZ2         6.1923853191       -1.5288721150       -0.9634715079
HZ3         5.5304521829       -2.3996533173       -2.1751103664
C           0.6606227081        2.5107732676        0.3867369702
O           1.4169518648        3.4175933525        0.7518649360
N          -0.3720560864        2.7424443340       -0.4349643002
H          -0.9503602952        1.9500631391       -0.6888626031
CH3        -0.7273352191        4.0445522883       -0.9917687504
HH31       -0.9526126902        4.7461487312       -0.1866873791
HH32       -1.6062283257        3.9441205859       -1.6304983179
HH33        0.1002614729        4.4348928121       -1.5866404679
          45
Energy of minimum      5=    0.7662027934     first found at step      225 after                77880 function calls
HH31       -4.1465542269       -0.1697700626       -2.6646536273
CH3        -3.4892081714       -0.9992307405       -2.4049332833
HH32       -2.6924761857       -1.0752895977       -3.1442600647
HH33       -4.0617786169       -1.9261923543       -2.3972524634
C          -2.8849123039       -0.7690728083       -1.0326189206
O          -3.1586205491        0.2414692283       -0.3867602373
N          -2.0434893803       -1.6992187953       -0.5844884507
H          -1.8982694496       -2.5252237102       -1.1507076872
CA         -1.4486692897       -1.7074349910        0.7673483422
HA         -2.2510573008       -1.6370880612        1.5029435991
CB         -0.7159329546       -3.0394489161        1.0023391399
HB2        -0.3544653886       -3.0696450241        2.0323120474
HB3         0.1450850325       -3.0934705584        0.3326222784
OG         -1.5688196225       -4.1591756712        0.7678136457
HG         -1.0698183935       -4.9867656238        0.9480263609
C          -0.4822029928       -0.5367403184        1.0486192619
O          -0.1574774496       -0.2617978977        2.2069466070
N          -0.0425303467        0.1854957795        0.0084321059
H          -0.3355933355       -0.1023851448       -0.9163265612
CA          0.7942381451        1.3928399899        0.1152790373
HA          1.4598265837        1.2889680698        0.9730903054
CB          1.6565261055        1.5172980291       -1.1594789117
HB2         2.2908078978        2.4011024055       -1.0694517325
HB3         0.9961620254        1.6752331919       -2.0143144634
CG          2.5624084675        0.3101494102       -1.4693205803
HG2         3.1040346569        0.5262303060       -2.3915331707
HG3         1.9487593646       -0.5745963506       -1.6442151187
CD          3.5821635809        0.0083626333       -0.3604534863
HD2         3.0581029948       -0.2978942980        0.5465141389
HD3         4.1643837565        0.9085823787       -0.1529792358
CE          4.5213923847       -1.1209332608       -0.8080915676
HE2         3.9238069909       -2.0109881805       -1.0281174244
HE3         5.0212857047       -0.8175725298       -1.7332049479
NZ          5.5382334631       -1.4404994039        0.2301079201
HZ1         6.1159530927       -0.6368728273        0.4363221306
HZ2         6.1489972513       -2.1842394862       -0.0806210995
HZ3         5.1020864296       -1.7421193908        1.0907850113
C          -0.0148346784        2.6872241248        0.3744902141
O           0.5775194797        3.7437317212        0.6202994972
N          -1.3524021612        2.6224869184        0.3316891048
H          -1.7676739194        1.7212775420        0.1262415430
CH3        -2.2557158144        3.7474967917        0.5557226007
HH31       -3.2899472014        3.4143273009        0.4562982945
HH32       -2.1082344591        4.1509273590        1.5590353662
HH33       -2.0642091813        4.5322660872       -0.1781906864
          45
Energy of minimum      6=    0.8122233135     first found at step      223 after                77174 function calls
HH31       -3.1431611759       -2.0561045048       -3.1899470113
CH3        -2.4877404769       -1.1929793320       -3.0778420571
HH32       -2.8481640082       -0.3802788445       -3.7080567159
HH33       -1.4779698255       -1.4668890390       -3.3819490841
C          -2.4765528805       -0.7544344078       -1.6257338909
O          -2.8380686765        0.3776433676       -1.3080152902
N          -2.0436894073       -1.6444867437       -0.7342355860
H          -1.7954831681       -2.5693625760       -1.0625539110
CA         -2.0587820202       -1.4397006463        0.7281178504
HA         -3.0692239631       -1.1637679083        1.0334540176
CB         -1.6898996215       -2.7557848217        1.4366183315
HB2        -0.6405385270       -2.9783256917        1.2332508722
HB3        -1.8068449432       -2.6306970194        2.5151299090
OG         -2.4849622839       -3.8565661824        0.9941510372
HG         -3.4043001313       -3.7503995256        1.3252888938
C          -1.1238599907       -0.3156281167        1.2248965953
O          -1.2644851429        0.1562487505        2.3565654283
N          -0.1919682276        0.1518882829        0.3822246871
H          -0.1201995532       -0.2892916180       -0.5253596344
CA          0.7031851647        1.2874948211        0.6642075947
HA          0.9639439260        1.2776341712        1.7241434070
CB          2.0031717795        1.1119013997       -0.1467113723
HB2         1.7625804349        1.0584970359       -1.2104212911
HB3         2.6378620177        1.9852770087        0.0148379564
CG          2.7952640596       -0.1410028235        0.2646230789
HG2         3.0152505472       -0.0912411841        1.3322595622
HG3         2.2006504281       -1.0344583193        0.0690051783
CD          4.1120050520       -0.2396391416       -0.5172071568
HD2         4.7161968102        0.6479932861       -0.3185121113
HD3         3.8928399301       -0.2889586392       -1.5858357224
CE          4.8853069091       -1.4954106406       -0.0904320417
HE2         5.0765661490       -1.4430213923        0.9858013644
HE3         4.2609174459       -2.3746515563       -0.2766027737
NZ          6.1727036640       -1.6279735717       -0.8241080193
HZ1         6.0205777858       -1.6961733597       -1.8211417169
HZ2         6.7749888036       -0.8343883287       -0.6527389922
HZ3         6.6701110404       -2.4586617316       -0.5324383825
C           0.0547207207        2.6684336952        0.3996934056
O           0.6419712666        3.7002015668        0.7437613593
N          -1.1450095102        2.7057085003       -0.1958702658
H          -1.5665701619        1.8192041162       -0.4468275061
CH3        -1.8893026988        3.9215850727       -0.5111564562
HH31       -2.8308156332        3.6610345173       -0.9971414564
HH32       -2.1043689722        4.4757652801        0.4041421908
HH33       -1.3060569296        4.5527231577       -1.1839471631
          45
Energy of minimum      7=    0.8142207930     first found at step      166 after                56664 function calls
HH31       -3.5340445680       -1.4170890895       -3.3291051619
CH3        -2.7568314945       -0.6783495397       -3.1357783526
HH32       -2.9446019126        0.2106539817       -3.7374307225
HH33       -1.7876550426       -1.0985746580       -3.4027426441
C          -2.7621230823       -0.3156602330       -1.6627618046
O          -2.9489577542        0.8450310226       -1.3004680920
N          -2.5349764565       -1.3042512571       -0.8002929822
H          -2.3595245583       -2.2340464672       -1.1599311092
CA         -2.5427769783       -1.1485430545        0.6671134499
HA         -3.4534905519       -0.6211686878        0.9558133326
CB         -2.5882611356       -2.5361143818        1.3296024900
HB2        -2.5507931306       -2.4181361745        2.4144444914
HB3        -3.5357023358       -3.0136854345        1.0717749786
OG         -1.5132218136       -3.3695631863        0.8975251402
HG         -1.5861972394       -4.2427829471        1.3424628905
C          -1.3660326771       -0.3178631900        1.2233146427
O          -1.4085215945        0.1322732061        2.3725219111
N          -0.3381285462       -0.0513295393        0.4050760736
H          -0.3548062051       -0.4748539969       -0.5128649412
CA          0.7940715650        0.8314724283        0.7337910606
HA          1.0345352141        0.7176316997        1.7924186349
CB          2.0261722673        0.3920260509       -0.0842921029
HB2         2.8359360155        1.0969687436        0.1080951348
HB3         1.7859391531        0.4306783212       -1.1487467743
CG          2.5076200552       -1.0248417936        0.2827465700
HG2         2.7617486613       -1.0560853166        1.3433825154
HG3         1.7012059622       -1.7373831012        0.1056971032
CD          3.7240154835       -1.4788540678       -0.5393891806
HD2         3.4788014203       -1.4213476164       -1.6018313136
HD3         3.9297626765       -2.5222010294       -0.2922432517
CE          4.9766947610       -0.6372290709       -0.2472078415
HE2         5.1801953725       -0.6704836701        0.8275987352
HE3         4.7794633087        0.4038300525       -0.5192569552
NZ          6.1617663988       -1.1330273537       -0.9980162364
HZ1         6.0043737081       -1.0978448899       -1.9960226999
HZ2         6.3793229063       -2.0884105985       -0.7491531346
HZ3         6.9780014706       -0.5710715986       -0.7964016869
C           0.4845172777        2.3348218180        0.5274054575
O           1.2932737874        3.1880691789        0.9089605729
N          -0.6711924423        2.6723578879       -0.0611818728
H          -1.2851857502        1.9182030477       -0.3426303868
CH3        -1.1122470900        4.0389000543       -0.3256446406
HH31       -1.1974060567        4.5917929073        0.6114870585
HH32       -2.0862093214        4.0228037592       -0.8172644111
HH33       -0.3954724276        4.5435201667       -0.9758473891
          45
Energy of minimum      8=    0.8386460498     first found at step       31 after                10797 function calls
HH31        1.8849359481        1.0173127171       -3.4594712869
CH3         2.7551010201        0.4357486833       -3.1565449443
HH32        2.8123417479       -0.4709460156       -3.7583669820
HH33        3.6554309125        1.0297926545       -3.3104246782
C           2.6350605018        0.0741608205       -1.6880896878
O           2.6118222906       -1.1026898751       -1.3304909246
N           2.5410384688        1.0862697486       -0.8273569680
H           2.6100219221        2.0291010533       -1.1882393394
CA          2.5313669151        0.9365922441        0.6419263014
HA          3.4101121102        0.3637631138        0.9411546894
CB          2.6294608672        2.3214501795        1.3042582911
HB2         1.7180654343        2.8831128353        1.0881959438
HB3         2.7074955977        2.1934519220        2.3858905883
OG          3.7596855077        3.0535054201        0.8320569390
HG          3.7959086008        3.9210136263        1.2931118197
C           1.3007904340        0.1905488401        1.2011055796
O           1.3180766515       -0.2676618893        2.3469613759
N           0.2413150191        0.0242961104        0.3967932627
H           0.2864143648        0.4373148871       -0.5256253488
CA         -0.9630182532       -0.7506911260        0.7422253474
HA         -1.1759578770       -0.6180809107        1.8046290536
CB         -2.1611551826       -0.1962575436       -0.0558327434
HB2        -1.9409843997       -0.2519353150       -1.1238582828
HB3        -3.0293974989       -0.8247670237        0.1462570229
CG         -2.5050170260        1.2569337452        0.3232581511
HG2        -2.7408060548        1.3060024380        1.3874390379
HG3        -1.6387568533        1.8929796115        0.1378353880
CD         -3.6854827491        1.8250211401       -0.4801559353
HD2        -3.4608397626        1.7508606617       -1.5461243682
HD3        -3.7913221267        2.8815385827       -0.2260080330
CE         -5.0061083348        1.1002722627       -0.1741462645
HE2        -5.1913909110        1.1463819144        0.9034817679
HE3        -4.9088751960        0.0469542860       -0.4530631807
NZ         -6.1505866539        1.7065697553       -0.9066093246
HZ1        -7.0121785864        1.2207576074       -0.6960652457
HZ2        -6.0103869450        1.6623553699       -1.9068174119
HZ3        -6.2762573162        2.6765518143       -0.6509499507
C          -0.7994671504       -2.2758054578        0.5295901638
O          -1.6754097003       -3.0502851741        0.9303213681
N           0.3058653238       -2.7191174080       -0.0844386427
H           0.9811744821       -2.0251392898       -0.3829826348
CH3         0.6114094530       -4.1206314771       -0.3566673324
HH31       -0.1637871323       -4.5558462570       -0.9897657012
HH32        0.6660048854       -4.6795937763        0.5791335366
HH33        1.5712312108       -4.1948531054       -0.8702324679
          45
Energy of minimum      9=    0.8868706337     first found at step       91 after                31090 function calls
HH31        1.2603370273        1.7707352258       -3.2487063825
CH3         2.2590279686        1.9522937074       -2.8527362728
HH32        2.9839759738        1.3627181756       -3.4134806719
HH33        2.4981100608        3.0105828156       -2.9529032649
C           2.3001232715        1.5634120068       -1.3870068685
O           3.0676030912        0.6883629879       -0.9889031279
N           1.4570466495        2.1968888361       -0.5741193488
H           0.8298187552        2.8882290728       -0.9656360538
CA          1.3849404266        1.9825533759        0.8841750453
HA          2.3930548297        2.0493514928        1.2965354438
CB          0.5512377358        3.1053718592        1.5246715732
HB2         1.0740770411        4.0528600283        1.3796076962
HB3         0.4675083318        2.9236240391        2.5980328464
OG         -0.7514817219        3.1980627690        0.9482505283
HG         -1.2393571297        3.9345450748        1.3786071809
C           0.8367590363        0.5993236909        1.2958767809
O           1.0055530288        0.1775422989        2.4441781819
N           0.2307681551       -0.1424172338        0.3582645533
H           0.1063125082        0.2770571874       -0.5533476861
CA         -0.2540196654       -1.5197928387        0.5507770368
HA         -0.5682586280       -1.6429233619        1.5887659790
CB         -1.4881155464       -1.7418917506       -0.3476641912
HB2        -1.2136772311       -1.5684414336       -1.3901806883
HB3        -1.8127733294       -2.7794593388       -0.2491315033
CG         -2.6673064156       -0.8293370832        0.0324285643
HG2        -2.9303124009       -1.0023670308        1.0771974512
HG3        -2.3741962013        0.2134487316       -0.0893267905
CD         -3.8923031472       -1.1170998733       -0.8495183627
HD2        -4.1550014597       -2.1717180087       -0.7463802173
HD3        -3.6447990805       -0.9324614311       -1.8968202961
CE         -5.1178578091       -0.2787429140       -0.4489601419
HE2        -5.3133229323       -0.4247806748        0.6177875766
HE3        -5.9857884891       -0.6587503674       -0.9965252394
NZ         -4.9489843950        1.1713849941       -0.7439937370
HZ1        -4.7744506266        1.3262834303       -1.7278518556
HZ2        -5.7845258887        1.6860139925       -0.4986947237
HZ3        -4.1820447529        1.5700893746       -0.2199259375
C           0.8320558981       -2.5963568797        0.3071728033
O           0.5852679588       -3.7851331225        0.5389448411
N           2.0286897651       -2.2008504554       -0.1484622355
H           2.1588721520       -1.2096418642       -0.3075198986
CH3         3.1562111036       -3.0854201566       -0.4282314563
HH31        3.4535401314       -3.6105401651        0.4811667587
HH32        4.0021172936       -2.5000012192       -0.7919364606
HH33        2.8776916153       -3.8162353240       -1.1894889022
          45
Energy of minimum     10=    0.9162201090     first found at step       79 after                26951 function calls
HH31        2.8412710516        2.2768158415       -3.1027492910
CH3         1.8859697700        1.7969943653       -2.8921413286
HH32        1.5088727670        1.3271008926       -3.8002070575
HH33        1.1743211661        2.5480178878       -2.5504922610
C           2.0754030086        0.7509629335       -1.8099356889
O           1.8086188671       -0.4306246263       -2.0245133774
N           2.5212549698        1.1819643865       -0.6309660240
H           2.7625020081        2.1604829718       -0.5388886039
CA          2.8671321762        0.3030667921        0.5046924151
HA          3.5954560007       -0.4353574554        0.1667456045
CB          3.5263979657        1.1319137337        1.6201509085
HB2         2.7874233339        1.8217396355        2.0334251233
HB3         3.8540160079        0.4598353650        2.4160104359
OG          4.6457912975        1.8723456504        1.1355070069
HG          5.0478677971        2.3712183175        1.8811322463
C           1.6734736016       -0.4820379012        1.0897284527
O           1.8663311854       -1.4728348258        1.7997261488
N           0.4350090171       -0.0831391198        0.7667939011
H           0.3477987245        0.7494411230        0.1994848656
CA         -0.8002534275       -0.7963816768        1.1328197675
HA         -0.6903307549       -1.1570240188        2.1572908965
CB         -1.9755610870        0.2031275942        1.1243817047
HB2        -1.7251406740        1.0408423160        1.7783124145
HB3        -2.8497701122       -0.2961167686        1.5446198076
CG         -2.3256653713        0.7450433604       -0.2764549884
HG2        -1.4377508668        1.1970625301       -0.7198067837
HG3        -2.6452096173       -0.0766039023       -0.9188102133
CD         -3.4326885620        1.8104589307       -0.2456973794
HD2        -3.1228470780        2.6292069961        0.4070366137
HD3        -3.5519613119        2.2059151164       -1.2564240836
CE         -4.7781573854        1.2426120217        0.2343771118
HE2        -4.6638237424        0.8680984203        1.2559530094
HE3        -5.0519813006        0.3971357968       -0.4043882752
NZ         -5.8548288610        2.2690320768        0.1972850902
HZ1        -6.7335148810        1.8823926022        0.5153512617
HZ2        -5.6326135809        3.0550542117        0.7930047895
HZ3        -5.9962282053        2.6178603404       -0.7410121672
C          -1.0895745472       -2.0521660460        0.2746459907
O          -1.9939381872       -2.8267125420        0.6046554049
N          -0.3394874229       -2.2641309597       -0.8148803390
H           0.3802999281       -1.5819745283       -1.0239549793
CH3        -0.4849714279       -3.3942969467       -1.7273492600
HH31       -1.4859347306       -3.3966044161       -2.1623341705
HH32       -0.3249802052       -4.3308429759       -1.1903092963
HH33        0.2499472258       -3.3159820531       -2.5300084371
          45
Energy of minimum     11=    0.9419620875     first found at step      248 after                86577 function calls
HH31       -0.7383847078       -2.2898027047       -2.7627192845
CH3        -1.5669518154       -1.6326788653       -3.0251102731
HH32       -1.2961025835       -1.0388465363       -3.8978077204
HH33       -2.4445831826       -2.2357528685       -3.2558824016
C          -1.8773974198       -0.7187013084       -1.8548737003
O          -1.8011160493        0.5032486000       -1.9744385279
N          -2.2127396136       -1.3065681263       -0.7075038802
H          -2.2994807564       -2.3147831589       -0.6935760081
CA         -2.6526612997       -0.5856773915        0.5043583457
HA         -3.4954527243        0.0558230476        0.2433665893
CB         -3.1424320826       -1.5933590656        1.5582048737
HB2        -2.2941694822       -2.1911438423        1.8985468289
HB3        -3.5442115803       -1.0461492288        2.4135124996
OG         -4.1498185634       -2.4571705847        1.0336505646
HG         -4.4482927828       -3.0697733005        1.7422491175
C          -1.5752743757        0.3253840837        1.1310371325
O          -1.8948277916        1.2118446419        1.9279095799
N          -0.3014565154        0.1527876632        0.7502593480
H          -0.1065020153       -0.6049846646        0.1097481027
CA          0.8202276498        1.0183143564        1.1521244812
HA          0.6852224584        1.2802648279        2.2032337022
CB          2.1333825674        0.2150039051        1.0481802923
HB2         2.0375893714       -0.6774105366        1.6684982696
HB3         2.9433261765        0.8201001966        1.4600011943
CG          2.5044397781       -0.1965763872       -0.3910517266
HG2         1.7350878039       -0.8545096820       -0.7972692114
HG3         2.5539596025        0.6952914275       -1.0165872054
CD          3.8632821825       -0.9091569950       -0.4771424542
HD2         4.6351856826       -0.2575636457       -0.0624297619
HD3         4.0912564223       -1.0802238196       -1.5311548465
CE          3.8666520483       -2.2562824685        0.2634574445
HE2         3.0630078037       -2.8815122191       -0.1378743821
HE3         3.6586664121       -2.0818393512        1.3233321252
NZ          5.1696682533       -2.9605733703        0.1205794658
HZ1         5.3776533499       -3.1530586286       -0.8498812453
HZ2         5.9277458498       -2.4092018672        0.4993179454
HZ3         5.1584931515       -3.8443493491        0.6120786204
C           0.8897051229        2.3655488383        0.3920868716
O           1.6758583595        3.2424207057        0.7661183034
N           0.0820672228        2.5431230585       -0.6619181714
H          -0.5325758591        1.7768886390       -0.9113165507
CH3         0.0260919184        3.7489593155       -1.4828132057
HH31        1.0010351234        3.9381595406       -1.9354001054
HH32       -0.7133210665        3.6207713724       -2.2748559568
HH33       -0.2568622557        4.6058140504       -0.8689250747
          45
Energy of minimum     12=    0.9843595552     first found at step       95 after                32545 function calls
HH31        1.7004166695        1.5271713837       -3.2819833612
CH3         2.7075210540        1.4980570940       -2.8671882998
HH32        3.3005050694        0.7598503615       -3.4066271225
HH33        3.1680269207        2.4798235266       -2.9731981683
C           2.6382719066        1.1305085788       -1.3970082299
O           3.1947582706        0.1182840571       -0.9738512944
N           1.9344281327        1.9400655002       -0.6083370337
H           1.4751442351        2.7428994540       -1.0196341927
CA          1.7905240715        1.7653475402        0.8498723061
HA          2.7814612603        1.6146346377        1.2813734272
CB          1.2142006749        3.0517987329        1.4655780091
HB2         1.0706317796        2.9044236549        2.5378928934
HB3         1.9373136902        3.8580286469        1.3266894789
OG         -0.0230193512        3.4255781589        0.8600845428
HG         -0.3472607805        4.2532453539        1.2790699762
C           0.9471212310        0.5393670285        1.2617935467
O           0.9906887338        0.1127137166        2.4198537774
N           0.2241042954       -0.0766328670        0.3158230524
H           0.2125881155        0.3421785598       -0.6043972331
CA         -0.5264474137       -1.3288869629        0.5097060480
HA         -0.9382947620       -1.3408610618        1.5204681371
CB         -1.7043147106       -1.3640511280       -0.4855287542
HB2        -2.2237978269       -2.3184878835       -0.3808072748
HB3        -1.3185999330       -1.2971517153       -1.5048804832
CG         -2.7205910983       -0.2340829416       -0.2454900661
HG2        -2.2375455868        0.7330672145       -0.3914541809
HG3        -3.0825197244       -0.2970601612        0.7812029688
CD         -3.9046358006       -0.3484160783       -1.2185574565
HD2        -3.5169189750       -0.3326109077       -2.2390197821
HD3        -4.4168712746       -1.3008631700       -1.0679858353
CE         -4.9059981742        0.8094203518       -1.0713992577
HE2        -4.3659021993        1.7575757590       -1.1538081749
HE3        -5.6110540159        0.7596668876       -1.9068338400
NZ         -5.6622870023        0.7610095556        0.2106710056
HZ1        -6.3344403442        1.5153268464        0.2584659825
HZ2        -6.1727585828       -0.1070865206        0.3014808654
HZ3        -5.0477831178        0.8512874637        1.0079309932
C           0.3506810702       -2.5997129542        0.3928269801
O          -0.1236559188       -3.7041314924        0.6810009088
N           1.6193956737       -2.4624023667       -0.0164854459
H           1.9383307328       -1.5256059625       -0.2300842281
CH3         2.5740784006       -3.5555074212       -0.1764538460
HH31        2.1992205195       -4.2749665708       -0.9065445942
HH32        2.7269478494       -4.0606261132        0.7788679156
HH33        3.5297295221       -3.1615476276       -0.5258459034
          45
Energy of minimum     13=     1.066292649     first found at step       21 after                 7321 function calls
HH31        3.5412292246        1.7521386451       -3.0360783572
CH3         2.8412086373        0.9214254526       -2.9521404540
HH32        3.2389617495        0.0576164916       -3.4842971985
HH33        1.8869858265        1.2099780806       -3.3918720124
C           2.6398955055        0.5783112782       -1.4881656980
O           2.9139978205       -0.5426338290       -1.0619008437
N           2.1425305800        1.5384079860       -0.7104082804
H           1.9807994264        2.4496354175       -1.1196070295
CA          1.9844167883        1.4303599915        0.7540500564
HA          2.9444810228        1.1506652073        1.1898492136
CB          1.5896984120        2.7989765816        1.3347889801
HB2         1.5594129614        2.7276215370        2.4240072521
HB3         0.5911499988        3.0607817654        0.9782457156
OG          2.5111049057        3.8196590121        0.9533626495
HG          2.2346005590        4.6706132759        1.3606092002
C           0.9611006510        0.3682589799        1.2106580356
O           0.9581678853       -0.0322038092        2.3780401112
N           0.1128217568       -0.1275502291        0.2986747194
H           0.1586105375        0.2540058859       -0.6371983477
CA         -0.8451243020       -1.2187893865        0.5473270213
HA         -1.2296091017       -1.1268961453        1.5648203459
CB         -2.0324060116       -1.0719377221       -0.4259270550
HB2        -1.6633185574       -1.0989753230       -1.4532361420
HB3        -2.7079277883       -1.9179665985       -0.2854988837
CG         -2.8310212139        0.2234835836       -0.2001668634
HG2        -3.1783702586        0.2484040560        0.8331526361
HG3        -2.1895546028        1.0876022089       -0.3785007963
CD         -4.0354808616        0.2947009735       -1.1521652134
HD2        -4.7003011254       -0.5525238195       -0.9719860565
HD3        -3.6700740335        0.2229342753       -2.1784586343
CE         -4.8213612323        1.6097034517       -1.0170542712
HE2        -5.5378278763        1.6656938416       -1.8423452515
HE3        -4.1286549373        2.4497462393       -1.1265752580
NZ         -5.5546003691        1.7155278094        0.2749838630
HZ1        -4.9216473234        1.7136086948        1.0628563663
HZ2        -6.0867905082        2.5747435811        0.3152093862
HZ3        -6.2048945252        0.9498129160        0.3900347244
C          -0.2140922623       -2.6299405746        0.4579784009
O          -0.8686214877       -3.6196578521        0.8041107530
N           1.0437724661       -2.7386076902        0.0093425376
H           1.5184419222       -1.8829349895       -0.2538895558
CH3         1.7809234157       -3.9910921739       -0.1305402499
HH31        1.8732017324       -4.4806175904        0.8405348904
HH32        2.7792231832       -3.7886903955       -0.5216194633
HH33        1.2586570312       -4.6569617644       -0.8197510940
          45
Energy of minimum     14=     1.231436940     first found at step      149 after                50979 function calls
HH31        1.4337935037        1.5105551833       -3.3602046459
CH3         2.4409661545        1.2706832806       -3.0207824294
HH32        2.8536529013        0.4769698247       -3.6430997164
HH33        3.0683174808        2.1577796706       -3.1023244934
C           2.3924374639        0.8194455251       -1.5732274055
O           2.7837465763       -0.3013571208       -1.2508163863
N           1.8951082955        1.6853148316       -0.6917418554
H           1.6332633223        2.6056619941       -1.0209453958
CA          1.8752006974        1.4719903285        0.7695379139
HA          2.8875897466        1.2394581273        1.1025252764
CB          1.4381619384        2.7663762087        1.4764659673
HB2         1.5112624748        2.6236216324        2.5566013394
HB3         0.3955530071        2.9728701664        1.2254793334
OG          2.2466472583        3.8771230334        1.0906760862
HG          1.9495531650        4.6761908873        1.5802070961
C           0.9748811135        0.3070435253        1.2344324877
O           1.1013940180       -0.1627833029        2.3686186253
N           0.0902113586       -0.1979701391        0.3627052826
H           0.0280662507        0.2407537322       -0.5468074267
CA         -0.7545864851       -1.3786232831        0.6137719947
HA         -1.0578911132       -1.3798621214        1.6623889484
CB         -2.0281496968       -1.2759267694       -0.2498087836
HB2        -2.6142227090       -2.1874225497       -0.1175828359
HB3        -1.7479233280       -1.2024156704       -1.3025895608
CG         -2.9123661626       -0.0763409320        0.1323769383
HG2        -3.1725483415       -0.1471835856        1.1896861912
HG3        -2.3620444126        0.8496826795       -0.0348967104
CD         -4.2022224839       -0.0617125480       -0.7035242756
HD2        -4.7179771800       -1.0134845657       -0.5619132165
HD3        -3.9547299571        0.0317597985       -1.7628868345
CE         -5.1651217403        1.0646958867       -0.2920976880
HE2        -5.3442159159        1.0019265873        0.7856487375
HE3        -6.1227875134        0.8950751187       -0.7937901920
NZ         -4.6595335167        2.4192799016       -0.6492785092
HZ1        -4.4933652600        2.4970294058       -1.6436996863
HZ2        -5.3336282169        3.1302448695       -0.3975573320
HZ3        -3.7981593126        2.6338339196       -0.1662631713
C          -0.0239813878       -2.7241001086        0.3823874626
O          -0.5652768035       -3.7836363877        0.7172672786
N           1.1945603770       -2.7006567384       -0.1742872852
H           1.5753858486       -1.7945123074       -0.4206162192
CH3         2.0134153499       -3.8766324153       -0.4539920769
HH31        2.2284901376       -4.4110477598        0.4729816845
HH32        2.9546402039       -3.5689824534       -0.9122026760
HH33        1.4872913530       -4.5438622855       -1.1389392505
          45
Energy of minimum     15=     1.378783693     first found at step      132 after                45632 function calls
HH31       -1.1921836511       -1.7376643075       -3.2991538876
CH3        -2.2522507282       -1.6469033651       -3.0643005639
HH32       -2.7136947083       -0.9293643797       -3.7423660850
HH33       -2.7310590747       -2.6182255379       -3.1844297684
C          -2.4140141334       -1.1799758956       -1.6301505687
O          -2.9893883592       -0.1235936773       -1.3725428803
N          -1.8873362522       -1.9546032005       -0.6836545477
H          -1.4069028004       -2.8020872126       -0.9598741320
CA         -1.9918289038       -1.6899863314        0.7642364370
HA         -3.0350549018       -1.4734563865        1.0006631803
CB         -1.6039140194       -2.9592736272        1.5449086424
HB2        -1.6360036594       -2.7553155002        2.6172034213
HB3        -2.3464735041       -3.7299498303        1.3301132067
OG         -0.3168091269       -3.4607498900        1.1810927619
HG          0.3788907504       -2.9481752416        1.6476701403
C          -1.1806952639       -0.4681000477        1.2482071770
O          -1.3798576132        0.0080781705        2.3695726886
N          -0.3042402419        0.0864372471        0.3985321886
H          -0.1720689510       -0.3673797215       -0.4956688146
CA          0.4340204644        1.3364274247        0.6488894821
HA          0.7083905556        1.3799469821        1.7045041827
CB          1.7332435253        1.3262184235       -0.1819599407
HB2         2.2444068627        2.2809166800       -0.0440665135
HB3         1.4857405961        1.2230968476       -1.2404233054
CG          2.6965116428        0.2008218900        0.2321208201
HG2         2.9236263655        0.2965989696        1.2951208617
HG3         2.2277857609       -0.7686124801        0.0577412325
CD          4.0023190795        0.2728265013       -0.5707912797
HD2         4.4812507269        1.2380625630       -0.3936992542
HD3         3.7758617422        0.1779242655       -1.6348101621
CE          4.9479737175       -0.8579189221       -0.1416264041
HE2         5.1466005982       -0.7637275421        0.9304031646
HE3         4.4480856008       -1.8174217754       -0.3059944814
NZ          6.2299762602       -0.8227334418       -0.8956025357
HZ1         6.8416385086       -1.5725686265       -0.6021001445
HZ2         6.0734902102       -0.9260250365       -1.8889365711
HZ3         6.7195648653        0.0487015728       -0.7446095099
C          -0.3991677277        2.6117528443        0.3716509063
O           0.0369855918        3.7175935271        0.7101967616
N          -1.5895904562        2.4767984303       -0.2289983194
H          -1.8807733847        1.5389312329       -0.4753041624
CH3        -2.4950988841        3.5745185443       -0.5560396769
HH31       -2.0024711652        4.2766082248       -1.2309929143
HH32       -3.3886410360        3.1818971885       -1.0438705445
HH33       -2.7899492883        4.0992444986        0.3543898894
          45
Energy of minimum     16=     1.400247640     first found at step       63 after                21315 function calls
HH31       -2.9758410710       -2.0103929089       -3.2998983557
CH3        -2.3841758315       -1.1107789300       -3.1333227611
HH32       -2.7697342438       -0.3039072314       -3.7561527156
HH33       -1.3461743095       -1.3086847335       -3.3988821041
C          -2.4660838630       -0.7178305601       -1.6705321929
O          -2.9089797065        0.3807722732       -1.3386518831
N          -2.0162182221       -1.6049175933       -0.7833141077
H          -1.6453126643       -2.4796467113       -1.1315699252
CA         -2.0810936500       -1.4035757788        0.6802938710
HA         -3.0861202992       -1.0711919099        0.9447573269
CB         -1.8274219235       -2.7312933887        1.4154019695
HB2        -1.8022557041       -2.5384293138        2.4895148778
HB3        -0.8546003961       -3.1304691333        1.1207158699
OG         -2.8493689704       -3.6943065072        1.1582338020
HG         -2.8066995343       -3.9833822178        0.2208448397
C          -1.1146756602       -0.3190798247        1.2042043129
O          -1.2438959447        0.1327833383        2.3453411070
N          -0.1724392651        0.1453818034        0.3711190180
H          -0.1073406366       -0.2796501724       -0.5446083948
CA          0.7382310746        1.2638678026        0.6722491029
HA          0.9900597894        1.2396600506        1.7341167145
CB          2.0421461580        1.0763883382       -0.1296593273
HB2         1.8098566612        1.0362930562       -1.1957884556
HB3         2.6884886182        1.9385703916        0.0452589219
CG          2.8119060032       -0.1918533951        0.2769030806
HG2         3.0230660684       -0.1551377637        1.3468464205
HG3         2.2058493539       -1.0744904336        0.0678228578
CD          4.1340210400       -0.3027962995       -0.4941537341
HD2         4.7491649535        0.5741978896       -0.2822564889
HD3         3.9237476490       -0.3395468245       -1.5650713773
CE          4.8853393440       -1.5733008554       -0.0717322519
HE2         5.0673892223       -1.5332396172        1.0066266995
HE3         4.2502170461       -2.4417994881       -0.2715018944
NZ          6.1774514029       -1.7177786074       -0.7947994830
HZ1         6.6602392646       -2.5580842249       -0.5061282702
HZ2         6.7893912794       -0.9344834613       -0.6107536719
HZ3         6.0336178971       -1.7748830684       -1.7937581138
C           0.1118516477        2.6567724588        0.4163426942
O           0.7154388355        3.6772338224        0.7656563185
N          -1.0875422975        2.7160154887       -0.1786429951
H          -1.5231705727        1.8380640808       -0.4318839339
CH3        -1.8126628025        3.9452183416       -0.4875226590
HH31       -2.0184305460        4.4982134357        0.4306424944
HH32       -2.7585104714        3.7024494462       -0.9743481123
HH33       -1.2197097058        4.5704258209       -1.1573796969
          45
Energy of minimum     17=     1.458611029     first found at step        0 after                  365 function calls
HH31       -4.7430277988       -0.1799670883       -2.1766119441
CH3        -3.8483763489        0.4413724000       -2.2029033342
HH32       -4.1333816115        1.4795016493       -2.3720822014
HH33       -3.2021131871        0.1063728510       -3.0136401482
C          -3.1098195473        0.3170418120       -0.8836299556
O          -2.9095056854        1.3058983282       -0.1798518820
N          -2.6842150629       -0.8993932967       -0.5472761958
H          -2.9219236124       -1.6737435406       -1.1537911066
CA         -2.0511168375       -1.2369516163        0.7436920057
HA         -2.7056449637       -0.9066497350        1.5513743684
CB         -1.8980338135       -2.7630864122        0.8615673389
HB2        -1.1787275779       -3.1060073823        0.1146850754
HB3        -1.5088368448       -3.0060330282        1.8524854589
OG         -3.1414523110       -3.4348649183        0.6644535999
HG         -3.0034874499       -4.4028542700        0.7663534656
C          -0.6800062780       -0.5673997452        0.9786809159
O          -0.1943087880       -0.5234772638        2.1122164862
N          -0.0594629345       -0.0098125521       -0.0705589395
H          -0.5054274202       -0.0947340312       -0.9749769129
CA          1.1981965209        0.7530068742        0.0023341488
HA          1.8184979477        0.3378801255        0.7976435548
CB          1.9519160855        0.6004835391       -1.3367809692
HB2         1.3542976771        1.0599290708       -2.1265333293
HB3         2.8893796524        1.1559554641       -1.2814703133
CG          2.2644147680       -0.8499593285       -1.7589258849
HG2         1.3274726177       -1.3760974443       -1.9456848264
HG3         2.8085223030       -0.8180484856       -2.7039841746
CD          3.0885396779       -1.6709752654       -0.7523369407
HD2         2.5313926655       -1.7738924206        0.1803523408
HD3         3.2297255875       -2.6702091347       -1.1691125169
CE          4.4643283324       -1.0422982633       -0.4782089037
HE2         4.9871120285       -0.9136026151       -1.4311944411
HE3         4.3246740144       -0.0506128756       -0.0376182322
NZ          5.2855631839       -1.8848040201        0.4332470521
HZ1         4.8328261915       -2.0082513308        1.3287858442
HZ2         5.4491502257       -2.8004891704        0.0368938239
HZ3         6.1879584650       -1.4603368897        0.6021260539
C           0.9984932061        2.2440356733        0.3687471895
O           1.9818967155        2.9583952759        0.5918301653
N          -0.2512777272        2.7211850195        0.4417442578
H          -1.0075055744        2.0750025785        0.2481279684
CH3        -0.6071889000        4.0971740355        0.7763047096
HH31       -0.1669252841        4.7838595873        0.0511739155
HH32       -1.6921841930        4.2112271301        0.7585493598
HH33       -0.2410354231        4.3457935579        1.7739414176
          45
Energy of minimum     18=     1.459758045     first found at step      190 after                65730 function calls
HH31       -0.6432379230       -4.0497265448       -2.5298020136
CH3        -1.0388872031       -3.0345366869       -2.5313155405
HH32       -2.0230278658       -3.0301797802       -2.9993180150
HH33       -0.3667433262       -2.3880455888       -3.0947000536
C          -1.1437781191       -2.5332193560       -1.1035321687
O          -2.2268749028       -2.1843041059       -0.6362233355
N          -0.0121134302       -2.4718691837       -0.4044437431
H           0.8527359616       -2.7499506820       -0.8513131248
CA          0.0729763175       -2.0606853059        1.0100064993
HA         -0.6878536442       -2.6019617595        1.5747080232
CB          1.4418104446       -2.4723556028        1.5780884190
HB2         1.5039777054       -3.5623556056        1.5704333597
HB3         1.5192599828       -2.1357441412        2.6137162966
OG          2.5262144651       -1.9402648131        0.8165527881
HG          3.3655184717       -2.3173426496        1.1611479763
C          -0.1953732039       -0.5599016557        1.2535717926
O          -0.3872193735       -0.1365271896        2.3973882514
N          -0.2653692581        0.2484246856        0.1863331249
H          -0.0836088450       -0.1646902314       -0.7186861539
CA         -0.6093891000        1.6797386468        0.2296913433
HA         -0.2527892554        2.1076823638        1.1682939010
CB          0.1074125985        2.4058550069       -0.9314856142
HB2        -0.0269003216        1.8423475181       -1.8568146116
HB3        -0.3688103358        3.3769668094       -1.0767986679
CG          1.6071410126        2.6853150830       -0.7117195418
HG2         1.7272703369        3.2837573941        0.1926503755
HG3         1.9571700198        3.2823910493       -1.5553034692
CD          2.4932776420        1.4349053756       -0.6048567221
HD2         2.2937684335        0.7766923909       -1.4527202671
HD3         2.2668290312        0.9091189217        0.3230907901
CE          3.9763160930        1.8278343973       -0.5976299432
HE2         4.2057533099        2.3638047738       -1.5237183443
HE3         4.1563862659        2.5104408795        0.2385259694
NZ          4.8561416071        0.6349940434       -0.4727063838
HZ1         4.7222801108       -0.0003954061       -1.2475410691
HZ2         4.6639023422        0.1288309471        0.3811505953
HZ3         5.8307759741        0.9044094056       -0.4598631379
C          -2.1373691163        1.9349128153        0.2060170113
O          -2.5754010158        3.0752724966        0.3946552843
N          -2.9534375559        0.8937755758       -0.0096188452
H          -2.5217087542       -0.0113213578       -0.1462130362
CH3        -4.4111540743        0.9636844620       -0.0581954407
HH31       -4.7262979327        1.6406359645       -0.8541896932
HH32       -4.8212650874       -0.0283220747       -0.2538826055
HH33       -4.7996221495        1.3259447234        0.8952331592
          45
Energy of minimum     19=     1.513840360     first found at step      204 after                70878 function calls
HH31       -1.1800092189       -1.6199184682       -3.2665735287
CH3        -2.1297823635       -1.0921292987       -3.1859495516
HH32       -2.1725251593       -0.3057140562       -3.9391352622
HH33       -2.9461771054       -1.7948940938       -3.3495294241
C          -2.2558479469       -0.4876005546       -1.8004236572
O          -2.3812697564        0.7272542421       -1.6535110854
N          -2.2057508446       -1.3319344657       -0.7713923068
H          -2.1371196530       -2.3226846142       -0.9677040957
CA         -2.4166573518       -0.9465782706        0.6384391796
HA         -3.3677367137       -0.4181316735        0.7193360659
CB         -2.4991458572       -2.2118668133        1.5115530340
HB2        -2.7620045624       -1.9295143770        2.5331660384
HB3        -1.5151896053       -2.6845236354        1.5332876114
OG         -3.4494577049       -3.1563851142        1.0171631747
HG         -4.3585363481       -2.8093802795        1.1559765079
C          -1.3363177448       -0.0035745253        1.2110380576
O          -1.5482977986        0.6270237177        2.2505139390
N          -0.1907587873        0.1356733428        0.5287157353
H          -0.0755693413       -0.4214880400       -0.3077911736
CA          0.8911110116        1.0704662832        0.8842274182
HA          0.9526415883        1.1425389164        1.9717069944
CB          2.2300755689        0.5040655539        0.3692133119
HB2         3.0214548910        1.2236051503        0.5876686401
HB3         2.1713974677        0.3781342543       -0.7131871260
CG          2.5989252831       -0.8349336427        1.0354237906
HG2         1.8706874182       -1.5989642083        0.7598460242
HG3         2.5657428312       -0.7076314233        2.1184662834
CD          4.0033186646       -1.3281487811        0.6539200222
HD2         4.7361934542       -0.5656945939        0.9255920744
HD3         4.2164083856       -2.2286721913        1.2332752576
CE          4.1206274808       -1.6527691747       -0.8438920462
HE2         3.3529296474       -2.3873437640       -1.1062476147
HE3         3.9278687670       -0.7443311324       -1.4222830902
NZ          5.4658634416       -2.1875371652       -1.1881134620
HZ1         6.1926962443       -1.5198930206       -0.9688854847
HZ2         5.5297360696       -2.3969691522       -2.1754180697
HZ3         5.6615334817       -3.0401760735       -0.6813659156
C           0.6546870944        2.5142756663        0.3772604417
O           1.4111578409        3.4238910188        0.7350510920
N          -0.3821985612        2.7407814112       -0.4406266069
H          -0.9605334631        1.9465475625       -0.6882671521
CH3        -0.7419939197        4.0399540913       -1.0014430874
HH31       -1.6236642362        3.9354973263       -1.6356878177
HH32       -0.9645983190        4.7447242474       -0.1983899178
HH33        0.0822749044        4.4289315158       -1.6018076322
          45
Energy of minimum     20=     1.605514956     first found at step       36 after                12141 function calls
HH31        3.6423551296        1.0534499447       -3.3046963290
CH3         2.7490523155        0.4496192135       -3.1480814062
HH32        2.8133849075       -0.4555347213       -3.7514986188
HH33        1.8715272988        1.0224164961       -3.4464120768
C           2.6389459263        0.0847282892       -1.6798123380
O           2.6288085336       -1.0926630851       -1.3235716387
N           2.5379548602        1.0947321099       -0.8172502686
H           2.5886871203        2.0393275014       -1.1777496066
CA          2.5272394778        0.9431425301        0.6516053128
HA          3.4049001042        0.3686310449        0.9516093207
CB          2.6169369783        2.3302240734        1.3134797889
HB2         1.6882884095        2.8700009481        1.1177617730
HB3         2.7171229722        2.2091821729        2.3941375402
OG          3.7093332954        3.1040014739        0.8159049114
HG          4.5553688453        2.7202680909        1.1369704617
C           1.2966444528        0.1937149282        1.2068911459
O           1.3108520889       -0.2626526964        2.3534755818
N           0.2410448455        0.0229307622        0.3984205941
H           0.2883028536        0.4357342931       -0.5240178078
CA         -0.9623426609       -0.7555285374        0.7394247561
HA         -1.1768070693       -0.6278014508        1.8021241051
CB         -2.1605120290       -0.1996283110       -0.0575899190
HB2        -1.9392734953       -0.2508039230       -1.1256183511
HB3        -3.0281108555       -0.8300663391        0.1412286831
CG         -2.5066266985        1.2516294694        0.3268770001
HG2        -2.7434174786        1.2962275341        1.3910317231
HG3        -1.6410464968        1.8895454053        0.1447207456
CD         -3.6871000757        1.8213628085       -0.4753473354
HD2        -3.4614532803        1.7516192356       -1.5414014772
HD3        -3.7944593634        2.8767555007       -0.2171917663
CE         -5.0070837386        1.0938074078       -0.1732765634
HE2        -5.1932944951        1.1354440511        0.9043735467
HE3        -4.9083389841        0.0417174473       -0.4562666715
NZ         -6.1516991325        1.7016159731       -0.9042706726
HZ1        -7.0128753361        1.2139411481       -0.6963510866
HZ2        -6.0106315457        1.6615315499       -1.9045304552
HZ3        -6.2787435112        2.6704284368       -0.6448797642
C          -0.7957780066       -2.2794437863        0.5205702781
O          -1.6718023350       -3.0570645536        0.9149728492
N           0.3122534814       -2.7183090426       -0.0918587787
H           0.9875514870       -2.0220816165       -0.3848640466
CH3         0.6206519750       -4.1181461331       -0.3695796679
HH31       -0.1518787925       -4.5515007449       -1.0072009697
HH32        0.6729743771       -4.6813750724        0.5637920712
HH33        1.5822353448       -4.1887071317       -0.8803627480
