         1     52.40966633    
         2     52.40966633    
         3     53.02619715    
         4     53.02619715    
         5     53.02619715    
         6     53.02619745    
         7     53.02619745    
         8     53.02619745    
         9     53.27984918    
        10     53.27984939    
        11     53.14953912    
        12     52.97488411    
        13     52.97488411    
        14     52.88763752    
        15     52.88763752    
        16     52.88763723    
        17     52.88763719    
        18     52.88763770    
        19     51.66211601    
        20     51.70186591    
        21     51.70186613    
        22     52.01734771    
        23     52.01734801    
        24     52.01734801    
        25     51.66211623    
        26     51.66211592    
        27     51.66211592    
        28     51.66211629    
        29     51.70186573    
        30     51.70186578    
        31     51.70186578    
        32     51.78970136    
        33     51.78970144    
        34     51.78970144    
        35     51.78970144    
        36     51.78970144    
        37     51.78970144    
        38     51.78970128    
        39     51.78970088    
        40     51.78970146    
        41     51.78970146    
        42     51.78970146    
        43     51.78970146    
        44     51.78970146    
        45     51.78970146    
        46     51.78970146    
        47     51.78970133    
        48     51.78970133    
        49     51.78970109    
        50     51.78970109    
        51     51.78970384    
        52     51.78970384    
        53     51.78970418    
        54     51.00541320    
        55     51.00541320    
        56     51.00541320    
        57     51.00541320    
        58     51.00541326    
        59     50.95105795    
        60     50.95105795    
        61     50.95105795    
        62     50.95105795    
        63     50.95105527    
        64     52.35130254    
        65     53.13011184    
        66     53.13011184    
        67     53.13011184    
        68     53.13011184    
        69     53.13011184    
        70     53.13011169    
        71     52.77989704    
        72     52.77989739    
        73     52.77989739    
        74     52.77989739    
        75     52.77989739    
        76     52.77989739    
        77     51.70186613    
        78     51.70186557    
        79     51.70186583    
        80     51.70186583    
        81     51.66211618    
        82     51.66211540    
        83     51.66211581    
        84     51.66211583    
        85     51.66211588    
        86     51.66211588    
        87     51.66211604    
        88     51.66211604    
        89     51.66211604    
        90     50.95105548    
        91     50.95105522    
        92     50.95105522    
        93     50.95105522    
        94     50.95105529    
        95     50.95105511    
        96     50.95105511    
        97     50.95105563    
        98     50.95105563    
        99     50.95105491    
       100     51.00540956    
       101     50.95105906    
       102     50.95105906    
       103     50.95105921    
       104     50.95105921    
       105     50.95105921    
       106     50.95105804    
       107     50.95105804    
       108     50.95105804    
       109     50.95105805    
       110     50.95105807    
       111     50.95105807    
       112     50.95105824    
       113     50.95105514    
       114     50.95105535    
       115     50.95105513    
       116     51.00541050    
       117     51.00541317    
       118     51.00541317    
       119     51.00541317    
       120     51.00541317    
       121     51.00541317    
       122     51.00541354    
       123     51.00541354    
       124     51.00541298    
       125     51.00541298    
       126     51.00541298    
       127     51.00541294    
       128     51.00541294    
       129     51.00541290    
       130     51.00541290    
       131     51.00541002    
       132     51.00540992    
       133     51.00540992    
       134     51.00541007    
       135     51.00541007    
       136     51.00541007    
       137     50.95105538    
       138     50.95105538    
       139     50.95105493    
       140     50.95105518    
       141     50.95105550    
       142     50.95105550    
       143     50.95105532    
       144     50.95105532    
       145     50.95105525    
       146     51.00541013    
       147     51.00541013    
       148     51.00541013    
       149     51.00540994    
       150     51.00540994    
       151     51.00540994    
       152     51.00540994    
       153     51.78970225    
       154     51.78970225    
       155     51.78970225    
       156     51.78970128    
       157     51.78970148    
       158     51.78970148    
       159     51.78970139    
       160     51.78970489    
       161     51.78970480    
       162     51.78970480    
       163     51.78970480    
       164     51.78970480    
       165     51.78970480    
       166     51.78970480    
       167     51.76527970    
       168     51.76527992    
       169     51.76527992    
       170     51.76528070    
       171     51.76528070    
       172     51.76527983    
       173     50.95105907    
       174     50.95105922    
       175     50.95105922    
       176     50.95105918    
       177     50.95105879    
       178     50.95105901    
       179     50.95105901    
       180     50.95105901    
       181     50.95105901    
       182     50.95105901    
       183     50.95105901    
       184     50.95105901    
       185     50.95105901    
       186     50.95105932    
       187     50.95105932    
       188     50.95105932    
       189     50.95105932    
       190     50.95105796    
       191     52.41081712    
       192     52.41081329    
       193     53.66469625    
       194     53.66469676    
       195     53.66469676    
       196     51.83792951    
       197     51.78970536    
       198     51.70186875    
       199     51.70186859    
       200     51.70186891    
       201     51.70186891    
       202     51.70186777    
       203     51.70186777    
       204     51.70186777    
       205     51.70186777    
       206     51.70186820    
       207     51.70186820    
       208     52.35130600    
       209     52.35130600    
       210     52.35130592    
       211     52.35130242    
       212     51.00541300    
       213     51.00541300    
       214     50.95105765    
       215     51.00541278    
       216     51.00541381    
       217     51.00541381    
       218     51.00541381    
       219     51.00541381    
       220     51.00541381    
       221     51.00541381    
       222     51.00541381    
       223     51.00541381    
       224     51.00541381    
       225     51.00541381    
       226     51.00541381    
       227     51.00541381    
       228     51.00541381    
       229     50.95105804    
       230     50.95105810    
       231     50.95105810    
       232     51.76527927    
       233     51.76527870    
       234     51.76527870    
       235     51.70186838    
       236     51.00541321    
       237     51.00541321    
       238     51.76328211    
       239     51.76328211    
       240     51.76328211    
       241     51.76328211    
       242     51.76328211    
       243     51.76328276    
       244     51.76328218    
       245     51.76328218    
       246     51.76328218    
       247     51.76327876    
       248     51.00541038    
       249     51.00541038    
       250     51.00541038    
       251     51.00541006    
       252     51.00541047    
       253     51.76527651    
       254     50.95105566    
       255     50.95105566    
       256     50.95105822    
       257     50.95105801    
       258     50.95105801    
       259     51.76527917    
       260     51.76527892    
       261     51.76527892    
       262     51.76527892    
       263     51.76527892    
       264     51.76527892    
       265     51.76527892    
       266     51.76527863    
       267     51.76527863    
       268     51.76527863    
       269     51.66211996    
       270     50.95105886    
       271     50.95105866    
       272     50.95105866    
       273     50.95105866    
       274     50.95105866    
       275     50.95105866    
       276     50.95105818    
       277     51.00541306    
       278     51.00541306    
       279     51.00541306    
       280     51.00541306    
       281     51.00541339    
       282     51.00541339    
       283     51.00541339    
       284     51.00541339    
       285     51.00541339    
       286     52.35130590    
       287     52.35130601    
       288     52.35130601    
       289     52.35130556    
       290     52.01735075    
       291     52.01735075    
       292     52.01735075    
       293     52.18249551    
       294     51.78970426    
       295     51.78970390    
       296     51.78970390    
       297     51.78970152    
       298     51.78970152    
       299     51.78970152    
       300     51.78970137    
       301     51.78970137    
       302     51.78970137    
       303     51.78970137    
       304     51.78970137    
       305     53.13011187    
       306     53.13011203    
       307     53.13011203    
       308     53.13011203    
       309     53.13011203    
       310     53.13011203    
       311     51.76328243    
       312     51.76328243    
       313     51.76328243    
       314     51.76328243    
       315     50.95105893    
       316     50.95105893    
       317     50.95105893    
       318     50.95105893    
       319     50.95105893    
       320     50.95105893    
       321     50.95105895    
       322     50.95105895    
       323     50.95105895    
       324     50.95105895    
       325     50.95105923    
       326     50.95105923    
       327     50.95105923    
       328     50.95105846    
       329     51.93541852    
       330     51.93541852    
       331     51.93541852    
       332     51.93541852    
       333     51.93541890    
       334     51.93541890    
       335     51.93541876    
       336     51.93541876    
       337     51.93541876    
       338     51.93541876    
       339     51.93541876    
       340     50.95105930    
       341     50.95105930    
       342     50.95105930    
       343     50.95105568    
       344     50.95105468    
       345     50.95105468    
       346     50.95105468    
       347     50.95105536    
       348     50.95105557    
       349     50.95105557    
       350     50.95105557    
       351     50.95105557    
       352     50.95105796    
       353     50.95105790    
       354     50.95105790    
       355     50.95105790    
       356     51.00541375    
       357     51.00541295    
       358     51.00541295    
       359     51.00541295    
       360     51.00541295    
       361     51.00541295    
       362     51.00541295    
       363     51.00541350    
       364     51.00541350    
       365     51.00541350    
       366     50.95105835    
       367     50.95105835    
       368     50.95105866    
       369     50.95105866    
       370     52.41081659    
       371     52.41081659    
       372     52.41081659    
       373     52.41081659    
       374     52.41081632    
       375     52.41081632    
       376     52.41081664    
       377     52.41081664    
       378     52.41081664    
       379     52.41081734    
       380     52.41081743    
       381     52.41081743    
       382     52.41081740    
       383     52.41081762    
       384     52.41081762    
       385     52.41081632    
       386     53.99393693    
       387     53.99393693    
       388     52.41081675    
       389     52.41081611    
       390     52.41081611    
       391     52.41081611    
       392     52.41081611    
       393     52.41081611    
       394     52.41081611    
       395     52.41081340    
       396     52.41081340    
       397     52.41081337    
       398     53.11858324    
       399     53.11858324    
       400     53.11858633    
       401     53.11858630    
       402     53.11858630    
       403     52.41081655    
       404     52.41081655    
       405     52.41081655    
       406     52.41081655    
       407     52.41081655    
       408     52.41081655    
       409     52.41081638    
       410     52.41081638    
       411     52.41081638    
       412     52.41081361    
       413     52.41081361    
       414     52.41081771    
       415     52.41081771    
       416     52.41081708    
       417     52.41081727    
       418     52.41081727    
       419     52.41081747    
       420     52.41081747    
       421     52.41081747    
       422     52.41081742    
       423     52.41081660    
       424     52.41081660    
       425     52.41081660    
       426     53.27513272    
       427     53.27513329    
       428     53.27513329    
       429     53.27513329    
       430     53.27513269    
       431     52.41081646    
       432     52.41081646    
       433     52.41081349    
       434     52.41081334    
       435     52.41081334    
       436     52.41081334    
       437     52.41081535    
       438     52.41081535    
       439     52.41081535    
       440     52.41081663    
       441     52.41081619    
       442     52.41081619    
       443     52.41081619    
       444     52.41081760    
       445     52.41081636    
       446     52.41081636    
       447     52.41081648    
       448     52.41081345    
       449     52.41081336    
       450     52.41081336    
       451     53.27512898    
       452     53.27512898    
       453     53.27512898    
       454     53.27512898    
       455     53.27512915    
       456     53.27512915    
       457     53.27512940    
       458     53.27512940    
       459     53.27512940    
       460     53.27512940    
       461     53.27512940    
       462     51.66211606    
       463     51.66211606    
       464     51.66211901    
       465     51.66211913    
       466     51.76527935    
       467     51.76527935    
       468     51.76527935    
       469     51.76527935    
       470     51.76527935    
       471     51.76527935    
       472     51.76527935    
       473     51.76527935    
       474     53.11858670    
       475     51.66211851    
       476     51.66211851    
       477     51.66211866    
       478     51.66211866    
       479     51.66211866    
       480     51.66211883    
       481     51.66211883    
       482     51.66211883    
       483     51.66211917    
       484     51.66211872    
       485     51.66211872    
       486     51.66211900    
       487     51.66211900    
       488     51.70186843    
       489     51.70186551    
       490     51.70186551    
       491     51.70186551    
       492     51.70186551    
       493     51.70186919    
       494     51.70186919    
       495     51.66211914    
       496     51.66211885    
       497     51.70186869    
       498     51.70186869    
       499     51.70186869    
       500     51.70186887    
