     -4.36566030119896986150     -2.48246823319024745302      1.84501756572555208891
     -4.02123715136954018590     -1.45803682955689151157      1.98458717640188520015
     -4.84079332657356076197     -0.84982758619454279447      2.36621394287807484957
     -3.20123686088716929987     -1.44666359318729109695      2.70201311404911725944
     -3.54340397068235235523     -0.88798572800743680311      0.66152149665156390057
     -3.58010367110429728044     -1.56581598665646737345     -0.36439576449211991127
     -3.08470626412056070365      0.36190842668668055104      0.67939477791326008393
     -3.13334583781888875720      0.87619339854238376120      1.54888748419145971802
     -2.65488414925448434900      1.10800652875373017991     -0.52121459295738636897
     -3.36641888133297317864      0.92086664584831545710     -1.32657403624909187023
     -2.67389119006196418482      2.61894973638061934196     -0.22795431551721700991
     -2.42873115729062760693      3.16194600150113291903     -1.14302055385674727894
     -1.91142983450528669565      2.84458011593268356165      0.52068223827128168324
     -3.94796160056538480987      3.05187970528852225982      0.24732171667289024053
     -3.91845231428454088274      4.02135189535518033921      0.40748086448898912515
     -1.26211449362630889759      0.70520049497152259566     -1.05740510998589920533
     -0.85440702529783663088      1.16095029408633254597     -2.13044869479211973484
     -0.52877465572777015979     -0.15347149195739528960     -0.33465953521802982440
     -0.93788284509035868552     -0.49538478978872690917      0.52533814483616225743
      0.83033853800659218614     -0.61728497709899621260     -0.66065087384033782669
      0.89879100766678887702     -0.75100079087502014108     -1.74220792275607871957
      1.83612274342525472193      0.47663978898128628314     -0.23715366557362005384
      1.79842601017317171852      0.59113129734260938530      0.84753301184052187711
      1.53801545818956286737      1.42397976010387528056     -0.68989698355451545275
      3.27954895181831984630      0.16862479742980007735     -0.67494783509615330352
      3.64248517198596521993     -0.71694057929500065729     -0.15172165505996043633
      3.28480923456886131362     -0.03878105111652917214     -1.74606130275786552986
      4.24786219368054318579      1.33183458371260421416     -0.40800051783336477307
      5.22249218112113400281      1.06488946759555158650     -0.82149600959440782777
      3.88887166037835108057      2.22252927425971602560     -0.92778770317329462003
      4.40151834171696432207      1.63137945301363962436      1.09190127242090451176
      4.72173380004702369916      0.71798944855018209665      1.60280184589850227539
      3.42834933363440086396      1.92058074044420012960      1.49978631771305148668
      5.38875288465104063107      2.71697039032718024032      1.33901285263138869475
      5.48018740800060033536      2.90377298513111092859      2.32870414001387437963
      6.30371583824138870256      2.46640210926451652895      0.98950020433311902668
      5.10737799648456736179      3.57770870893727455098      0.88950476375756171166
      1.13570881271463419715     -1.97939371120090346068      0.00337612534603567646
      0.77421044786724635411     -2.20717607662243953115      1.16374754231928556614
      1.80593362722303085732     -2.88086122101568520293     -0.72496475353353417859
      2.06714513364057506095     -2.62669160574839377631     -1.66738595079948681565
      2.18882836660936241913     -4.21057798578574882242     -0.25408084128738384067
      1.29893821840994583283     -4.78192168181534604798      0.01621853760689214233
      2.83779464229870104219     -4.12499727090871726176      0.61936633177988831278
      2.72478984714709504544     -4.74313878948765577093     -1.04139938738389470352
