     -1.63666017118115059148      2.40343458557535916142      2.74493605776646765193
     -2.69270533812778056770      2.15805774741108002956      2.63656198816962517029
     -3.24293385344801476933      3.05580925842746475851      2.35636379043798793731
     -3.07556324262260227798      1.78013456649792778386      3.58427946683617593138
     -2.85898434372413134952      1.10634095507466012620      1.55494617432810522395
     -3.36355729257385416275      0.01447381846796541409      1.81211487648233782188
     -2.42909378592255809082      1.42931657865476813285      0.33740417717033471812
     -2.03785642358075236302      2.35087963094112950557      0.18835959817691458329
     -2.52324011423068039761      0.55551868906571810758     -0.84763421150092854717
     -3.40933613718553862881     -0.07486147215791184861     -0.75797791440691608678
     -2.71024691611936807689      1.43027566020642527000     -2.09970877810139233688
     -3.66419511712068102227      1.95510391051293797027     -2.01741170164417793487
     -2.74933499389026270165      0.79180115356094848966     -2.98449527713605222701
     -1.66121363226008766922      2.38855036461426806227     -2.24112241584617022383
     -1.82517231804274593365      2.92541174152951377607     -3.04781437515538344840
     -1.32392075114488028120     -0.40323235516020011771     -1.02444513597273756389
     -1.32650768975021304819     -1.25068093261672919070     -1.92398614858956862328
     -0.29807901366462408177     -0.30307119204463606188     -0.16800932949045821463
     -0.36617748318054355039      0.39278918555252162470      0.56068206008643539651
      0.90803558446136956039     -1.14572194264968652000     -0.20274313757141873560
      1.27354458807021053701     -1.17931112813586902455     -1.23115940598917417148
      2.00253847520285876982     -0.50783225678575982798      0.67659449354355216677
      1.62633911753101334519     -0.39317072747061171389      1.69544747348731572600
      2.86197822459452533295     -1.18078860117884953951      0.70663617869438455354
      2.47400947156817707651      0.85788748662621738816      0.14752456126423890703
      2.83358659639436849531      0.73616498442613409470     -0.87472036243115725007
      1.63949113062444595812      1.56048401935651215311      0.14769118949701690036
      3.59988927638448208413      1.42476835842535320964      1.02693342163129175404
      3.23608418417513243881      1.49249157143917443591      2.05409562556160008029
      4.45476406548856829204      0.74552474519029188205      1.01725595577908789480
      4.04678818801487505397      2.82897766239298986690      0.58670945348290137744
      3.16872930506407879392      3.47980965190294977418      0.53229682127123201241
      4.70814599915052589552      3.23448724486145655632      1.35856723264574252852
      4.76339431746047026195      2.82585585005227901689     -0.71892223898795104553
      5.58218875883649978675      2.23349218005852634406     -0.68524897198939460630
      5.07277334846516492206      3.75832341068081809965     -0.95957346429791356979
      4.16859001580165511314      2.50087730421610965337     -1.46858865443504793546
      0.62781314346273631166     -2.60356286476569165345      0.23011278239578661364
     -0.18578863767824671527     -2.85715425901902753125      1.12728666553226486435
      1.32670390519071190738     -3.56385409721468393585     -0.38788906111357951412
      1.98242041403437685432     -3.28194905613302756464     -1.10278530283573461546
      1.20955934096278805434     -4.99242558044764628278     -0.10300884538335491891
      0.18623203771786034366     -5.32639161600855270962     -0.28352926254877697243
      1.88450040001030738601     -5.55627518504381967546     -0.74893257910653665554
      1.47117831855875791369     -5.18807643312676081138      0.93842863331791037673
