         1    -38.74735094    
         2    -38.74735094    
         3    -38.74735094    
         4    -38.74735094    
         5    -38.74735094    
         6    -38.74735094    
         7    -38.74735094    
         8    -38.74735094    
         9    -38.74735094    
        10    -38.74735094    
        11    -38.74735094    
        12    -38.74735094    
        13    -38.74735094    
        14    -38.74735094    
        15    -38.74735094    
        16    -38.74735094    
        17    -38.74735094    
        18    -38.74735094    
        19    -38.74735094    
        20    -38.74735094    
        21    -38.74735094    
        22    -38.74735094    
        23    -38.74735094    
        24    -38.74735094    
        25    -38.74735094    
        26    -38.74735094    
        27    -38.74735094    
        28    -38.74735094    
        29    -38.74735094    
        30    -38.74735094    
        31    -38.74735094    
        32    -38.74735094    
        33    -38.74735094    
        34    -38.74735094    
        35    -38.74735094    
        36    -38.74735094    
        37    -38.74735094    
        38    -38.74735094    
        39    -38.74735094    
        40    -38.74735094    
        41    -38.74735094    
        42    -38.74735094    
        43    -38.74735094    
        44    -38.74735094    
        45    -38.74735094    
        46    -38.74735094    
        47    -38.74735094    
        48    -38.74735094    
        49    -38.74735094    
        50    -38.74735094    
        51    -38.74735094    
        52    -38.74735094    
        53    -38.74735094    
        54    -38.74735094    
        55    -38.74735094    
        56    -38.74735094    
        57    -38.74735095    
        58    -38.74735095    
        59    -38.74735095    
        60    -38.74735095    
        61    -38.74735095    
        62    -38.74735095    
        63    -38.74735095    
        64    -38.74735095    
        65    -38.74735095    
        66    -38.74735095    
        67    -38.74735095    
        68    -38.74735095    
        69    -38.74735095    
        70    -38.74735095    
        71    -38.74735095    
        72    -38.74735095    
        73    -38.74735095    
        74    -38.74735095    
        75    -38.74735095    
        76    -38.74735095    
        77    -38.74735095    
        78    -38.74735095    
        79    -38.74735095    
        80    -38.74735095    
        81    -38.74735095    
        82    -38.74735095    
        83    -38.74735095    
        84    -38.74735095    
        85    -38.74735095    
        86    -38.74735095    
        87    -38.74735095    
        88    -38.74735095    
        89    -38.74735095    
        90    -38.74735095    
        91    -38.74735095    
        92    -38.74735095    
        93    -38.74735095    
        94    -38.74735095    
        95    -38.74735095    
        96    -38.74735095    
        97    -38.74735095    
        98    -38.74735095    
        99    -38.74735095    
       100    -38.74735095    
       101    -38.74735095    
       102    -38.74735095    
       103    -38.74735095    
       104    -38.74735095    
       105    -38.74735095    
       106    -38.74735095    
       107    -38.74735095    
       108    -38.74735095    
       109    -38.74735095    
       110    -39.74685868    
       111    -39.74685869    
       112    -39.74685869    
       113    -39.74685869    
       114    -39.74685869    
       115    -39.74685869    
       116    -39.74685869    
       117    -39.74685869    
       118    -39.74685869    
       119    -39.74685869    
       120    -39.74685869    
       121    -39.74685869    
       122    -39.74685869    
       123    -39.74685869    
       124    -39.74685869    
       125    -39.74685869    
       126    -39.74685869    
       127    -39.74685870    
       128    -39.74685870    
       129    -39.74685870    
       130    -39.74685870    
       131    -39.74685870    
       132    -39.74685870    
       133    -39.74685870    
       134    -39.74685870    
       135    -39.74685870    
       136    -39.74685870    
       137    -39.74685870    
       138    -39.74685870    
       139    -39.74685870    
       140    -39.74685870    
       141    -39.74685870    
       142    -39.74685870    
       143    -39.74685870    
       144    -39.74685870    
       145    -39.74685870    
       146    -39.74685870    
       147    -39.74685870    
       148    -39.74685870    
       149    -39.74685870    
       150    -39.74685870    
       151    -39.74685870    
       152    -39.74685870    
       153    -39.74685870    
       154    -39.74685870    
       155    -39.74685870    
       156    -39.74685870    
       157    -39.74685870    
       158    -39.74685870    
       159    -39.74685870    
       160    -39.74685870    
       161    -39.74685870    
       162    -39.74685870    
       163    -39.74685870    
       164    -39.74685870    
       165    -39.74685870    
       166    -39.74685870    
       167    -39.74685870    
       168    -39.74685870    
       169    -39.74685870    
       170    -39.74685870    
       171    -39.74685870    
       172    -39.74685870    
       173    -39.74685870    
       174    -39.74685870    
       175    -39.74685870    
       176    -39.74685870    
       177    -39.74685870    
       178    -39.74685870    
       179    -39.74685870    
       180    -39.74685870    
       181    -39.74685870    
       182    -39.74685870    
       183    -39.74685870    
       184    -39.74685870    
       185    -39.74685870    
       186    -39.74685870    
       187    -39.74685870    
       188    -39.74685870    
       189    -39.74685870    
       190    -39.74685870    
       191    -39.74685870    
       192    -39.74685870    
       193    -39.74685870    
       194    -39.74685870    
       195    -39.74685870    
       196    -39.74685870    
       197    -39.74685870    
       198    -39.74685870    
       199    -39.74685870    
       200    -39.74685870    
       201    -39.74685870    
       202    -39.74685870    
       203    -39.74685870    
       204    -39.74685870    
       205    -39.74685870    
       206    -39.74685870    
       207    -39.74685870    
       208    -39.74685870    
       209    -39.74685870    
       210    -39.74685870    
       211    -39.74685870    
       212    -39.74685870    
       213    -39.74685870    
       214    -39.74685870    
       215    -39.74685870    
       216    -39.74685870    
       217    -39.74685870    
       218    -39.74685870    
       219    -39.74685870    
       220    -39.74685870    
       221    -39.74685870    
       222    -39.74685870    
       223    -39.74685870    
       224    -39.74685870    
       225    -39.74685870    
       226    -39.74685870    
       227    -39.74685870    
       228    -39.74685870    
       229    -39.74685870    
       230    -39.74685870    
       231    -39.74685870    
       232    -39.74685870    
       233    -39.74685870    
       234    -39.74685870    
       235    -39.74685870    
       236    -39.74685870    
       237    -39.74685870    
       238    -39.74685870    
       239    -39.74685870    
       240    -39.74685870    
       241    -39.79992722    
       242    -39.79992722    
       243    -39.79992722    
       244    -39.79992722    
       245    -39.79992722    
       246    -39.79992722    
       247    -39.79992722    
       248    -39.79992722    
       249    -39.79992723    
       250    -39.79992723    
       251    -39.79992723    
       252    -39.79992723    
       253    -39.79992723    
       254    -39.79992723    
       255    -39.79992723    
       256    -39.79992723    
       257    -39.79992723    
       258    -39.79992723    
       259    -39.79992723    
       260    -39.79992723    
       261    -39.79992723    
       262    -39.79992723    
       263    -39.79992723    
       264    -39.79992723    
       265    -39.79992723    
       266    -39.79992723    
       267    -39.79992723    
       268    -39.79992723    
       269    -39.79992723    
       270    -39.79992723    
       271    -39.79992723    
       272    -39.79992723    
       273    -39.79992723    
       274    -39.79992723    
       275    -39.79992723    
       276    -39.79992723    
       277    -39.79992723    
       278    -39.79992723    
       279    -39.79992723    
       280    -39.79992723    
       281    -39.79992723    
       282    -39.79992723    
       283    -39.79992723    
       284    -39.79992723    
       285    -39.79992723    
       286    -39.79992723    
       287    -39.79992723    
       288    -39.79992723    
       289    -39.79992723    
       290    -39.79992723    
       291    -39.79992723    
       292    -39.79992723    
       293    -39.79992723    
       294    -39.79992723    
       295    -39.79992723    
       296    -39.79992723    
       297    -39.79992723    
       298    -39.79992723    
       299    -39.79992723    
       300    -39.79992723    
       301    -39.79992723    
       302    -39.79992723    
       303    -39.79992723    
       304    -39.79992723    
       305    -39.79992723    
       306    -39.79992723    
       307    -39.79992723    
       308    -39.79992723    
       309    -39.79992723    
       310    -39.79992723    
       311    -39.79992723    
       312    -39.79992723    
       313    -39.79992723    
       314    -39.79992723    
       315    -39.79992723    
       316    -39.79992723    
       317    -39.79992723    
       318    -39.79992723    
       319    -39.79992723    
       320    -39.79992723    
       321    -39.79992723    
       322    -39.79992723    
       323    -39.79992723    
       324    -39.79992723    
       325    -39.79992723    
       326    -39.79992723    
       327    -39.79992723    
       328    -39.79992723    
       329    -39.79992723    
       330    -39.79992723    
       331    -39.79992723    
       332    -39.79992723    
       333    -39.79992723    
       334    -39.79992723    
       335    -39.79992723    
       336    -39.79992723    
       337    -39.79992723    
       338    -39.79992723    
       339    -39.79992723    
       340    -39.79992723    
       341    -39.79992723    
       342    -39.79992723    
       343    -39.79992723    
       344    -39.79992723    
       345    -39.79992723    
       346    -39.79992723    
       347    -39.79992723    
       348    -39.79992723    
       349    -39.79992723    
       350    -39.79992723    
       351    -39.79992723    
       352    -39.79992723    
       353    -39.79992723    
       354    -39.79992723    
       355    -39.79992723    
       356    -39.79992723    
       357    -39.79992723    
       358    -39.79992723    
       359    -39.79992723    
       360    -39.79992723    
       361    -39.79992723    
       362    -39.79992723    
       363    -39.79992723    
       364    -39.79992723    
       365    -39.79992723    
       366    -39.79992723    
       367    -39.79992723    
       368    -39.79992723    
       369    -39.79992723    
       370    -39.79992723    
       371    -39.79992723    
       372    -39.79992723    
       373    -39.79992723    
       374    -39.79992723    
       375    -39.79992723    
       376    -39.79992723    
       377    -39.79992723    
       378    -39.79992723    
       379    -39.79992723    
       380    -39.79992723    
       381    -39.79992723    
       382    -39.79992723    
       383    -39.79992723    
       384    -39.79992723    
       385    -39.79992723    
       386    -39.79992723    
       387    -39.79992723    
       388    -39.79992723    
       389    -39.79992723    
       390    -39.79992723    
       391    -39.79992723    
       392    -39.79992723    
       393    -39.79992723    
       394    -39.79992723    
       395    -39.79992723    
       396    -39.79992723    
       397    -39.79992723    
       398    -39.79992723    
       399    -39.79992723    
       400    -39.79992723    
       401    -39.79992723    
       402    -39.79992723    
       403    -39.79992723    
       404    -39.79992723    
       405    -39.79992723    
       406    -39.79992723    
       407    -39.79992723    
       408    -39.79992723    
       409    -39.79992723    
       410    -39.79992723    
       411    -39.79992723    
       412    -39.79992723    
       413    -39.79992723    
       414    -39.79992723    
       415    -39.79992723    
       416    -39.79992723    
       417    -39.79992723    
       418    -39.79992723    
       419    -39.79992723    
       420    -39.79992723    
       421    -39.79992723    
       422    -39.79992723    
       423    -39.79992723    
       424    -39.79992723    
       425    -39.79992723    
       426    -39.79992723    
       427    -39.79992723    
       428    -39.79992723    
       429    -39.79992723    
       430    -39.79992723    
       431    -39.79992723    
       432    -39.79992723    
       433    -39.79992723    
       434    -39.79992723    
       435    -39.79992723    
       436    -39.79992723    
       437    -39.79992723    
       438    -39.79992723    
       439    -39.79992723    
       440    -39.79992723    
       441    -39.79992723    
       442    -39.79992723    
       443    -39.79992723    
       444    -39.79992723    
       445    -39.79992723    
       446    -39.79992723    
       447    -39.79992723    
       448    -39.79992723    
       449    -39.79992723    
       450    -39.79992723    
       451    -39.79992723    
       452    -39.79992723    
       453    -39.79992723    
       454    -39.79992723    
       455    -39.79992723    
       456    -39.79992723    
       457    -39.79992723    
       458    -39.79992723    
       459    -39.79992723    
       460    -39.79992723    
       461    -39.79992723    
       462    -39.79992723    
       463    -39.79992723    
       464    -39.79992723    
       465    -39.79992723    
       466    -39.79992723    
       467    -39.79992723    
       468    -39.79992723    
       469    -39.79992723    
       470    -39.79992723    
       471    -39.79992723    
       472    -39.79992723    
       473    -39.79992723    
       474    -39.79992723    
       475    -39.79992723    
       476    -39.79992723    
       477    -39.79992723    
       478    -39.79992723    
       479    -39.79992723    
       480    -39.79992723    
       481    -39.79992723    
       482    -39.79992723    
       483    -39.79992723    
       484    -39.79992723    
       485    -39.79992723    
       486    -39.79992723    
       487    -39.79992723    
       488    -39.79992723    
       489    -39.79992723    
       490    -39.79992723    
       491    -39.79992723    
       492    -39.79992723    
       493    -39.79992723    
       494    -39.79992723    
       495    -39.79992723    
       496    -39.79992723    
       497    -39.79992723    
       498    -39.79992723    
       499    -39.79992723    
       500    -39.79992723    
       501    -39.79992723    
       502    -39.79992723    
       503    -39.79992723    
       504    -39.79992723    
       505    -39.79992723    
       506    -39.79992723    
       507    -39.79992723    
       508    -39.79992723    
       509    -39.79992723    
       510    -39.79992723    
       511    -39.79992723    
       512    -39.79992723    
       513    -39.79992723    
       514    -39.79992723    
       515    -39.79992723    
       516    -39.79992723    
       517    -39.79992723    
       518    -39.79992723    
       519    -39.79992723    
       520    -39.79992723    
       521    -39.79992723    
       522    -39.79992723    
       523    -39.79992723    
       524    -39.79992723    
       525    -39.79992723    
       526    -39.79992723    
       527    -39.79992723    
       528    -39.79992723    
       529    -39.79992723    
       530    -39.79992723    
       531    -39.79992723    
       532    -39.79992723    
       533    -39.79992723    
       534    -39.79992723    
       535    -39.79992723    
       536    -39.79992723    
       537    -39.79992723    
       538    -39.79992723    
       539    -39.79992723    
       540    -39.79992723    
       541    -39.79992723    
       542    -39.79992723    
       543    -39.79992723    
       544    -39.79992723    
       545    -39.79992723    
       546    -39.79992723    
       547    -39.79992723    
       548    -39.79992723    
       549    -39.79992723    
       550    -39.79992723    
       551    -39.79992723    
       552    -39.79992723    
       553    -39.79992723    
       554    -39.79992723    
       555    -39.79992723    
       556    -39.79992723    
       557    -39.79992723    
       558    -39.79992723    
       559    -39.79992723    
       560    -39.79992723    
       561    -39.79992723    
       562    -39.79992723    
       563    -39.79992723    
       564    -39.79992723    
       565    -39.79992723    
       566    -39.79992723    
       567    -39.79992723    
       568    -39.79992723    
       569    -39.79992723    
       570    -41.72299236    
       571    -41.72299238    
       572    -41.72299238    
       573    -41.72299238    
       574    -41.72299239    
       575    -41.72299239    
       576    -41.72299239    
       577    -41.72299239    
       578    -41.72299239    
       579    -41.72299239    
       580    -41.72299239    
       581    -41.72299239    
       582    -41.72299239    
       583    -41.72299239    
       584    -41.72299239    
       585    -41.72299239    
       586    -41.72299239    
       587    -41.72299239    
       588    -41.72299239    
       589    -41.72299239    
       590    -41.72299239    
       591    -41.72299239    
       592    -41.72299239    
       593    -41.72299239    
       594    -41.72299239    
       595    -41.72299239    
       596    -41.72299239    
       597    -41.72299239    
       598    -41.72299239    
       599    -41.72299239    
       600    -41.72299239    
       601    -41.72299239    
       602    -41.72299239    
       603    -41.72299239    
       604    -41.72299239    
       605    -41.72299239    
       606    -41.72299239    
       607    -41.72299239    
       608    -41.72299239    
       609    -41.72299239    
       610    -41.72299239    
       611    -41.72299239    
       612    -41.72299239    
       613    -41.72299239    
       614    -41.72299239    
       615    -41.72299239    
       616    -41.72299239    
       617    -41.72299239    
       618    -41.72299239    
       619    -41.72299239    
       620    -41.72299239    
       621    -41.72299239    
       622    -41.72299239    
       623    -41.72299239    
       624    -41.72299239    
       625    -41.72299239    
       626    -41.72299239    
       627    -41.72299239    
       628    -41.72299239    
       629    -41.72299239    
       630    -41.72299239    
       631    -41.72299239    
       632    -41.72299239    
       633    -41.72299239    
       634    -41.72299239    
       635    -41.72299239    
       636    -41.72299239    
       637    -41.72299239    
       638    -41.72299239    
       639    -41.72299239    
       640    -41.72299239    
       641    -41.72299239    
       642    -41.72299239    
       643    -41.72299239    
       644    -41.72299239    
       645    -41.72299239    
       646    -41.72299239    
       647    -41.72299239    
       648    -41.72299239    
       649    -41.72299239    
       650    -41.72299239    
       651    -41.72299240    
       652    -41.72299240    
       653    -41.72299240    
       654    -41.72299240    
       655    -41.72299240    
       656    -41.72299240    
       657    -41.72299240    
       658    -41.72299240    
       659    -41.72299240    
       660    -41.72299240    
       661    -41.72299240    
       662    -41.72299240    
       663    -41.72299240    
       664    -41.72299240    
       665    -41.72299240    
       666    -41.72299240    
       667    -41.72299240    
       668    -41.72299240    
       669    -41.72299240    
       670    -41.72299240    
       671    -41.72299240    
       672    -41.72299240    
       673    -41.72299240    
       674    -41.72299240    
       675    -41.72299240    
       676    -41.72299240    
       677    -41.72299240    
       678    -41.72299240    
       679    -41.72299240    
       680    -41.72299240    
       681    -41.72299240    
       682    -41.72299240    
       683    -41.72299240    
       684    -41.72299240    
       685    -41.72299240    
       686    -41.72299240    
       687    -41.72299240    
       688    -41.72299240    
       689    -41.72299240    
       690    -41.72299240    
       691    -41.72299240    
       692    -41.72299240    
       693    -41.72299240    
       694    -41.72299240    
       695    -41.72299240    
       696    -41.72299240    
       697    -41.72299240    
       698    -41.72299240    
       699    -41.72299240    
       700    -41.72299240    
       701    -41.72299240    
       702    -41.72299240    
       703    -41.72299240    
       704    -41.72299240    
       705    -41.72299240    
       706    -41.72299240    
       707    -41.72299240    
       708    -41.72299240    
       709    -41.72299240    
       710    -41.72299240    
       711    -41.72299240    
       712    -41.72299240    
       713    -41.72299240    
       714    -41.72299240    
       715    -41.72299240    
       716    -41.72299240    
       717    -41.72299240    
       718    -41.72299240    
       719    -41.72299240    
       720    -41.72299240    
       721    -41.72299240    
       722    -41.72299240    
       723    -41.72299240    
       724    -41.72299240    
       725    -41.72299240    
       726    -41.72299240    
       727    -41.72299240    
       728    -41.72299240    
       729    -41.72299240    
       730    -41.72299240    
       731    -41.72299240    
       732    -41.72299240    
       733    -41.72299240    
       734    -41.72299240    
       735    -41.72299240    
       736    -41.72299240    
       737    -41.72299240    
       738    -41.72299240    
       739    -41.72299240    
       740    -41.72299240    
       741    -41.72299240    
       742    -41.72299240    
       743    -41.72299240    
       744    -41.72299240    
       745    -41.72299240    
       746    -41.72299240    
       747    -41.72299240    
       748    -41.72299240    
       749    -41.72299240    
       750    -41.72299240    
       751    -41.72299240    
       752    -41.72299240    
       753    -41.72299240    
       754    -41.72299240    
       755    -41.72299240    
       756    -41.72299240    
       757    -41.72299240    
       758    -41.72299240    
       759    -41.72299240    
       760    -41.72299240    
       761    -41.72299240    
       762    -41.72299240    
       763    -41.72299240    
       764    -41.72299240    
       765    -41.72299240    
       766    -41.72299240    
       767    -41.72299240    
       768    -41.72299240    
       769    -41.72299240    
       770    -41.72299240    
       771    -41.72299240    
       772    -41.72299240    
       773    -41.72299240    
       774    -41.72299240    
       775    -41.72299240    
       776    -41.72299240    
       777    -41.72299240    
       778    -41.72299240    
       779    -41.72299240    
       780    -41.72299240    
       781    -41.72299240    
       782    -41.72299240    
       783    -41.72299240    
       784    -41.72299240    
       785    -41.72299240    
       786    -41.72299240    
       787    -41.72299240    
       788    -41.72299240    
       789    -41.72299240    
       790    -41.72299240    
       791    -41.72299240    
       792    -41.72299240    
       793    -41.72299240    
       794    -41.72299240    
       795    -41.72299240    
       796    -41.72299240    
       797    -41.72299240    
       798    -41.72299240    
       799    -41.72299240    
       800    -41.72299240    
       801    -41.72299240    
       802    -41.72299240    
       803    -41.72299240    
       804    -41.72299240    
       805    -41.72299240    
       806    -41.72299240    
       807    -41.72299240    
       808    -41.72299240    
       809    -41.72299240    
       810    -41.72299240    
       811    -41.72299240    
       812    -41.72299240    
       813    -41.72299240    
       814    -41.72299240    
       815    -41.72299240    
       816    -41.72299240    
       817    -41.72299240    
       818    -41.72299240    
       819    -41.72299240    
       820    -41.72299240    
       821    -41.72299240    
       822    -41.72299240    
       823    -41.72299240    
       824    -41.72299240    
       825    -41.72299240    
       826    -41.72299240    
       827    -41.72299240    
       828    -41.72299240    
       829    -41.72299240    
       830    -41.72299240    
       831    -41.72299240    
       832    -41.72299240    
       833    -41.72299240    
       834    -41.72299240    
       835    -41.72299240    
       836    -41.72299240    
       837    -41.72299240    
       838    -41.72299240    
       839    -41.72299240    
       840    -41.72299240    
       841    -41.72299240    
       842    -41.72299240    
       843    -41.72299240    
       844    -41.72299240    
       845    -41.72299240    
       846    -41.72299240    
       847    -41.72299240    
       848    -41.72299240    
       849    -41.72299240    
       850    -41.72299240    
       851    -41.72299240    
       852    -41.72299240    
       853    -41.72299240    
       854    -41.72299240    
       855    -41.72299240    
       856    -41.72299240    
       857    -41.72299240    
       858    -41.72299240    
       859    -41.72299240    
       860    -41.72299240    
       861    -41.72299240    
       862    -41.72299240    
       863    -41.72299240    
       864    -41.72299240    
       865    -41.72299240    
       866    -41.72299240    
       867    -41.72299240    
       868    -41.72299240    
       869    -41.72299240    
       870    -41.72299240    
       871    -41.72299240    
       872    -41.72299240    
       873    -41.72299240    
       874    -41.72299240    
       875    -41.72299240    
       876    -41.72299240    
       877    -41.72299240    
       878    -41.72299240    
       879    -41.72299240    
       880    -41.72299240    
       881    -41.72299240    
       882    -41.72299240    
       883    -41.72299240    
       884    -41.72299240    
       885    -41.72299240    
       886    -41.72299240    
       887    -41.72299240    
       888    -41.72299240    
       889    -41.72299240    
       890    -41.72299240    
       891    -41.72299240    
       892    -41.72299240    
       893    -41.72299240    
       894    -41.72299240    
       895    -41.72299240    
       896    -41.72299240    
       897    -41.72299240    
       898    -41.72299240    
       899    -41.72299240    
       900    -41.72299240    
       901    -41.72299240    
       902    -41.72299240    
       903    -41.72299240    
       904    -41.72299240    
       905    -41.72299240    
       906    -41.72299240    
       907    -41.72299240    
       908    -41.72299240    
       909    -41.72299240    
       910    -41.72299240    
       911    -41.72299240    
       912    -41.72299240    
       913    -41.72299240    
       914    -41.72299240    
       915    -41.72299240    
       916    -41.72299240    
       917    -41.72299240    
       918    -41.72299240    
       919    -41.72299240    
       920    -41.72299240    
       921    -41.72299240    
       922    -41.72299240    
       923    -41.72299240    
       924    -41.72299240    
       925    -41.72299240    
       926    -41.72299240    
       927    -41.72299240    
       928    -41.72299240    
       929    -41.72299240    
       930    -41.72299240    
       931    -41.72299240    
       932    -41.72299240    
       933    -41.72299240    
       934    -41.72299240    
       935    -41.72299240    
       936    -41.72299240    
       937    -41.72299240    
       938    -41.72299240    
       939    -41.72299240    
       940    -41.72299240    
       941    -41.72299240    
       942    -41.72299240    
       943    -41.72299240    
       944    -41.72299240    
       945    -41.72299240    
       946    -41.72299240    
       947    -41.72299240    
       948    -41.72299240    
       949    -41.72299240    
       950    -41.72299240    
       951    -41.72299240    
       952    -41.72299240    
       953    -41.72299240    
       954    -41.72299240    
       955    -41.72299240    
       956    -41.72299240    
       957    -41.72299240    
       958    -41.72299240    
       959    -41.72299240    
       960    -41.72299240    
       961    -41.72299240    
       962    -41.72299240    
       963    -41.72299240    
       964    -41.72299240    
       965    -41.72299240    
       966    -41.72299240    
       967    -41.72299240    
       968    -41.72299240    
       969    -41.72299240    
       970    -41.72299240    
       971    -41.72299240    
       972    -41.72299240    
       973    -41.72299240    
       974    -41.72299240    
       975    -41.72299240    
       976    -41.72299240    
       977    -41.72299240    
       978    -41.72299240    
       979    -41.72299240    
       980    -41.72299240    
       981    -41.72299240    
       982    -41.72299240    
       983    -41.72299240    
       984    -41.72299240    
       985    -41.72299240    
       986    -41.72299240    
       987    -41.72299240    
       988    -41.72299240    
       989    -41.72299240    
       990    -41.72299240    
       991    -41.72299240    
       992    -41.72299240    
       993    -41.72299240    
       994    -41.72299240    
       995    -41.72299240    
       996    -41.72299240    
       997    -41.72299240    
       998    -41.72299240    
       999    -41.72299240    
      1000    -41.72299240    
