         1    -38.74735094    
         2    -38.74735085    
         3    -38.74735087    
         4    -38.74735088    
         5    -38.74735094    
         6    -38.74735090    
         7    -38.74735094    
         8    -38.74735093    
         9    -38.74735094    
        10    -38.74735091    
        11    -38.74735092    
        12    -38.74735094    
        13    -38.74735088    
        14    -38.74735087    
        15    -38.74735090    
        16    -38.74735072    
        17    -38.74735091    
        18    -38.74735094    
        19    -38.74735090    
        20    -38.74735091    
        21    -38.74735093    
        22    -38.74735084    
        23    -38.74735078    
        24    -38.74735088    
        25    -38.74735093    
        26    -38.74735093    
        27    -38.74735058    
        28    -38.74735094    
        29    -38.74735093    
        30    -38.74735094    
        31    -38.74735094    
        32    -38.74735094    
        33    -38.74735092    
        34    -38.74735092    
        35    -38.74735094    
        36    -38.74735093    
        37    -38.74735094    
        38    -38.74735094    
        39    -38.74735091    
        40    -38.74735093    
        41    -38.74735078    
        42    -38.74735078    
        43    -38.74735093    
        44    -38.74735094    
        45    -38.74735091    
        46    -38.74735089    
        47    -38.74735092    
        48    -38.74735090    
        49    -38.74735091    
        50    -38.74735088    
        51    -38.74735063    
        52    -38.74735091    
        53    -38.74735094    
        54    -38.74735094    
        55    -38.74735091    
        56    -38.74735088    
        57    -38.74735094    
        58    -38.74735095    
        59    -38.74735094    
        60    -38.74735082    
        61    -38.74735083    
        62    -38.74735093    
        63    -38.74735086    
        64    -38.74735093    
        65    -38.74735093    
        66    -38.74735091    
        67    -38.74735092    
        68    -38.74735074    
        69    -38.74735094    
        70    -38.74735092    
        71    -38.74735094    
        72    -38.74735083    
        73    -38.74735094    
        74    -38.74735094    
        75    -38.74735095    
        76    -38.74735071    
        77    -38.74735093    
        78    -38.74735088    
        79    -38.74735093    
        80    -38.74735093    
        81    -38.74735080    
        82    -38.74735089    
        83    -38.74735090    
        84    -38.74735092    
        85    -38.74735094    
        86    -38.36194797    
        87    -38.36194798    
        88    -38.36194798    
        89    -38.36194799    
        90    -38.36194795    
        91    -38.39036707    
        92    -38.39036714    
        93    -38.39036714    
        94    -38.39036714    
        95    -38.39036714    
        96    -38.39036714    
        97    -38.39036715    
        98    -38.39036716    
        99    -38.39036716    
       100    -38.39036716    
       101    -38.39036709    
       102    -38.39036714    
       103    -38.39036714    
       104    -38.39036710    
       105    -38.39036714    
       106    -38.39036714    
       107    -38.39036621    
       108    -38.39036716    
       109    -38.39036714    
       110    -38.39036712    
       111    -39.74685868    
       112    -39.74685869    
       113    -39.74685868    
       114    -39.74685867    
       115    -39.74685868    
       116    -39.74685868    
       117    -39.74685868    
       118    -39.74685869    
       119    -39.74685865    
       120    -39.74685868    
       121    -39.74685869    
       122    -39.74685869    
       123    -39.74685869    
       124    -39.74685869    
       125    -39.74685868    
       126    -39.74685868    
       127    -39.74685869    
       128    -39.74685870    
       129    -39.74685867    
       130    -39.74685869    
       131    -39.74685869    
       132    -39.74685869    
       133    -39.74685868    
       134    -39.74685868    
       135    -39.74685868    
       136    -39.74685867    
       137    -39.74685867    
       138    -39.74685868    
       139    -39.74685868    
       140    -39.74685867    
       141    -39.74685867    
       142    -39.74685869    
       143    -39.74685773    
       144    -39.74685773    
       145    -39.74685869    
       146    -39.74685868    
       147    -39.74685867    
       148    -39.74685869    
       149    -39.74685866    
       150    -39.74685870    
       151    -39.74685869    
       152    -39.74685869    
       153    -39.74685867    
       154    -39.74685868    
       155    -39.74685867    
       156    -39.74685869    
       157    -39.74685868    
       158    -39.74685866    
       159    -39.74685869    
       160    -39.74685869    
       161    -39.74685869    
       162    -39.74685869    
       163    -39.74685866    
       164    -39.74685868    
       165    -39.74685870    
       166    -39.74685870    
       167    -39.74685869    
       168    -39.74685852    
       169    -39.74685868    
       170    -39.74685862    
       171    -39.74685870    
       172    -39.74685868    
       173    -39.74685866    
       174    -39.74685868    
       175    -39.74685864    
       176    -39.74685868    
       177    -39.74685867    
       178    -39.74685868    
       179    -39.74685867    
       180    -39.74685868    
       181    -39.74685869    
       182    -39.74685865    
       183    -39.74685866    
       184    -39.74685869    
       185    -39.74685869    
       186    -39.74685866    
       187    -39.74685869    
       188    -39.74685864    
       189    -39.74685869    
       190    -39.74685869    
       191    -39.74685868    
       192    -39.74685868    
       193    -39.74685869    
       194    -39.74685865    
       195    -39.74685866    
       196    -39.74685868    
       197    -39.74685867    
       198    -39.74685865    
       199    -39.74685868    
       200    -39.74685867    
       201    -39.74685868    
       202    -39.74685868    
       203    -39.74685868    
       204    -39.74685867    
       205    -39.74685868    
       206    -39.74685868    
       207    -39.74685867    
       208    -39.74685870    
       209    -39.74685869    
       210    -39.74685868    
       211    -39.74685869    
       212    -39.74685866    
       213    -39.74685869    
       214    -39.74685869    
       215    -39.74685863    
       216    -39.74685866    
       217    -39.74685869    
       218    -39.74685867    
       219    -39.74685868    
       220    -39.74685869    
       221    -39.74685868    
       222    -39.06610558    
       223    -39.06610556    
       224    -39.06610557    
       225    -39.06610558    
       226    -39.06610558    
       227    -39.06610554    
       228    -39.06610558    
       229    -39.06610557    
       230    -39.06610559    
       231    -39.06610557    
       232    -39.06610557    
       233    -39.06610559    
       234    -39.06610559    
       235    -39.06610557    
       236    -39.06610556    
       237    -39.06610557    
       238    -39.06610558    
       239    -39.06610558    
       240    -39.06610558    
       241    -39.06610557    
       242    -39.79992722    
       243    -39.79992717    
       244    -39.79992713    
       245    -39.79992722    
       246    -39.79992722    
       247    -39.79992720    
       248    -39.79992718    
       249    -39.79992721    
       250    -39.79992723    
       251    -39.79992711    
       252    -39.79992721    
       253    -39.79992713    
       254    -39.79992717    
       255    -39.79992722    
       256    -39.79992715    
       257    -39.79992715    
       258    -39.79992719    
       259    -39.79992721    
       260    -39.79992720    
       261    -39.79992722    
       262    -39.79992717    
       263    -39.79992720    
       264    -39.79992721    
       265    -39.79992721    
       266    -39.79992722    
       267    -39.79992720    
       268    -39.79992721    
       269    -39.79992717    
       270    -39.79992721    
       271    -39.79992720    
       272    -39.79992716    
       273    -39.79992721    
       274    -39.79992713    
       275    -39.79992721    
       276    -39.79992721    
       277    -39.79992721    
       278    -39.79992710    
       279    -39.79992722    
       280    -39.79992722    
       281    -39.79992722    
       282    -39.79992722    
       283    -39.79992721    
       284    -39.79992715    
       285    -39.79992722    
       286    -39.79992720    
       287    -39.79992719    
       288    -39.79992721    
       289    -39.79992721    
       290    -39.79992720    
       291    -39.79992709    
       292    -39.79992720    
       293    -39.79992720    
       294    -39.79992721    
       295    -39.79992716    
       296    -39.79992721    
       297    -39.79992719    
       298    -39.79992722    
       299    -39.79992722    
       300    -39.79992723    
       301    -39.79992723    
       302    -39.79992719    
       303    -39.79992721    
       304    -39.79992721    
       305    -39.79992720    
       306    -39.79992720    
       307    -39.79992716    
       308    -39.79992717    
       309    -39.79992722    
       310    -39.79992719    
       311    -39.79992716    
       312    -39.79992719    
       313    -39.79992713    
       314    -39.79992710    
       315    -39.79992723    
       316    -39.79992717    
       317    -39.79992719    
       318    -39.79992718    
       319    -39.79992708    
       320    -39.79992708    
       321    -39.79992722    
       322    -39.79992720    
       323    -39.79992718    
       324    -39.79992720    
       325    -39.79992722    
       326    -39.79992719    
       327    -39.79992720    
       328    -39.79992719    
       329    -39.79992721    
       330    -39.79992721    
       331    -39.79992721    
       332    -39.79992721    
       333    -39.79992718    
       334    -39.79992723    
       335    -39.79992721    
       336    -39.79992721    
       337    -39.79992718    
       338    -39.79992718    
       339    -39.79992721    
       340    -39.79992720    
       341    -39.79992723    
       342    -39.79992718    
       343    -39.79992722    
       344    -39.79992723    
       345    -39.79992723    
       346    -39.79992715    
       347    -39.79992716    
       348    -39.79992721    
       349    -39.79992722    
       350    -39.79992722    
       351    -39.79992722    
       352    -39.79992712    
       353    -39.79992720    
       354    -39.79992720    
       355    -39.79992722    
       356    -39.79992722    
       357    -39.79992721    
       358    -39.79992716    
       359    -39.79992721    
       360    -39.79992722    
       361    -39.79992721    
       362    -39.79992721    
       363    -39.79992719    
       364    -39.79992723    
       365    -39.79992720    
       366    -39.79992720    
       367    -39.79992722    
       368    -39.79992722    
       369    -39.79992722    
       370    -39.79992722    
       371    -39.79992722    
       372    -39.79992712    
       373    -39.79992720    
       374    -39.79992719    
       375    -39.79992706    
       376    -39.79992706    
       377    -39.79992719    
       378    -39.79992721    
       379    -39.79992719    
       380    -39.79992720    
       381    -39.79992713    
       382    -39.79992721    
       383    -39.79992714    
       384    -39.79992720    
       385    -39.79992720    
       386    -39.79992720    
       387    -39.79992706    
       388    -39.79992715    
       389    -39.79992717    
       390    -39.79992721    
       391    -39.79992721    
       392    -39.79992720    
       393    -39.79992714    
       394    -39.79992722    
       395    -39.79992713    
       396    -39.79992720    
       397    -39.79992721    
       398    -39.79992718    
       399    -39.79992719    
       400    -39.79992721    
       401    -39.79992721    
       402    -39.79992717    
       403    -39.79992719    
       404    -39.79992723    
       405    -39.79992721    
       406    -39.79992721    
       407    -39.79992719    
       408    -39.79992715    
       409    -39.79992722    
       410    -39.79992719    
       411    -39.79992721    
       412    -39.79992720    
       413    -39.79992718    
       414    -39.79992720    
       415    -39.79992718    
       416    -39.79992720    
       417    -39.79992716    
       418    -39.79992715    
       419    -39.79992715    
       420    -39.79992715    
       421    -39.79992721    
       422    -39.79992717    
       423    -39.79992722    
       424    -39.79992715    
       425    -39.79992722    
       426    -39.79992715    
       427    -39.79992722    
       428    -39.79992720    
       429    -39.79992721    
       430    -39.79992721    
       431    -39.79992721    
       432    -39.79992712    
       433    -39.79992715    
       434    -39.79992714    
       435    -39.79992721    
       436    -39.79992722    
       437    -39.79992717    
       438    -39.79992715    
       439    -39.79992720    
       440    -39.79992720    
       441    -39.79992720    
       442    -39.79992712    
       443    -39.79992713    
       444    -39.79992722    
       445    -39.79992720    
       446    -39.79992721    
       447    -39.79992721    
       448    -39.79992703    
       449    -39.79992720    
       450    -39.79992720    
       451    -39.79992714    
       452    -39.79992714    
       453    -39.79992722    
       454    -39.79992722    
       455    -39.79992722    
       456    -39.79992711    
       457    -39.79992715    
       458    -39.79992718    
       459    -39.79992719    
       460    -39.79992721    
       461    -39.79992715    
       462    -39.79992718    
       463    -39.79992720    
       464    -39.79992719    
       465    -39.79992721    
       466    -39.79992721    
       467    -39.79992710    
       468    -39.79992710    
       469    -39.79992710    
       470    -39.79992720    
       471    -39.79992720    
       472    -39.79992710    
       473    -39.79992721    
       474    -39.79992720    
       475    -39.79992719    
       476    -39.79992723    
       477    -39.79992720    
       478    -39.79992719    
       479    -39.79992721    
       480    -39.79992722    
       481    -39.79992717    
       482    -39.79992719    
       483    -39.79992721    
       484    -39.79992722    
       485    -39.79992721    
       486    -39.79992721    
       487    -39.79992718    
       488    -39.79992721    
       489    -39.79992705    
       490    -39.79992705    
       491    -39.79992722    
       492    -39.79992714    
       493    -39.79992720    
       494    -39.79992723    
       495    -39.79992711    
       496    -39.79992720    
       497    -39.79992721    
       498    -39.79992721    
       499    -39.79992721    
       500    -39.79992712    
       501    -39.79992716    
       502    -39.79992723    
       503    -39.79992715    
       504    -39.79992706    
       505    -39.79992721    
       506    -39.79992721    
       507    -39.79992721    
       508    -39.79992722    
       509    -39.79992721    
       510    -39.79992721    
       511    -39.79992722    
       512    -39.79992712    
       513    -39.79992721    
       514    -39.79992721    
       515    -39.79992716    
       516    -39.79992716    
       517    -39.79992716    
       518    -39.79992713    
       519    -39.79992713    
       520    -39.79992713    
       521    -39.79992720    
       522    -39.79992710    
       523    -39.79992710    
       524    -39.79992710    
       525    -39.79992710    
       526    -39.79992722    
       527    -39.79992720    
       528    -39.79992716    
       529    -39.79992711    
       530    -39.79992711    
       531    -39.79992711    
       532    -39.79992711    
       533    -39.79992722    
       534    -39.79992722    
       535    -39.79992719    
       536    -39.79992719    
       537    -39.79992720    
       538    -39.79992720    
       539    -39.79992721    
       540    -39.79992720    
       541    -39.79992714    
       542    -39.79992722    
       543    -39.79992722    
       544    -39.79992718    
       545    -39.79992718    
       546    -39.79992723    
       547    -39.79992721    
       548    -39.79992721    
       549    -39.79992723    
       550    -39.79992715    
       551    -39.79992722    
       552    -39.79992721    
       553    -39.79992720    
       554    -39.79992720    
       555    -39.79992720    
       556    -39.79992720    
       557    -39.79992721    
       558    -39.79992719    
       559    -39.79992721    
       560    -39.79992706    
       561    -39.79992706    
       562    -39.79992719    
       563    -39.79992722    
       564    -39.79992721    
       565    -39.79992721    
       566    -39.79992721    
       567    -39.79992721    
       568    -39.79992710    
       569    -39.37804817    
       570    -39.37804817    
       571    -41.72299236    
       572    -41.72299238    
       573    -41.72299235    
       574    -41.72299236    
       575    -41.72299239    
       576    -41.72299231    
       577    -41.72299237    
       578    -41.72299238    
       579    -41.72299230    
       580    -41.72299238    
       581    -41.72299238    
       582    -41.72299235    
       583    -41.72299236    
       584    -41.72299236    
       585    -41.72299236    
       586    -41.72299236    
       587    -41.72299236    
       588    -41.72299236    
       589    -41.72299238    
       590    -41.72299238    
       591    -41.72299239    
       592    -41.72299238    
       593    -41.72299228    
       594    -41.72299235    
       595    -41.72299237    
       596    -41.72299237    
       597    -41.72299239    
       598    -41.72299235    
       599    -41.72299236    
       600    -41.72299236    
       601    -41.72299238    
       602    -41.72299238    
       603    -41.72299233    
       604    -41.72299238    
       605    -41.72299238    
       606    -41.72299238    
       607    -41.72299230    
       608    -41.72299234    
       609    -41.72299238    
       610    -41.72299236    
       611    -41.72299236    
       612    -41.72299236    
       613    -41.72299238    
       614    -41.72299236    
       615    -41.72299236    
       616    -41.72299238    
       617    -41.72299238    
       618    -41.72299237    
       619    -41.72299232    
       620    -41.72299238    
       621    -41.72299237    
       622    -41.72299237    
       623    -41.72299237    
       624    -41.72299237    
       625    -41.72299238    
       626    -41.72299238    
       627    -41.72299236    
       628    -41.72299236    
       629    -41.72299236    
       630    -41.72299236    
       631    -41.72299239    
       632    -41.72299239    
       633    -41.72299237    
       634    -41.72299237    
       635    -41.72299233    
       636    -41.72299238    
       637    -41.72299238    
       638    -41.72299237    
       639    -41.72299237    
       640    -41.72299237    
       641    -41.72299237    
       642    -41.72299234    
       643    -41.72299235    
       644    -41.72299237    
       645    -41.72299235    
       646    -41.72299236    
       647    -41.72299236    
       648    -41.72299236    
       649    -41.72299238    
       650    -41.72299234    
       651    -41.72299235    
       652    -41.72299240    
       653    -41.72299240    
       654    -41.72299238    
       655    -41.72299235    
       656    -41.72299236    
       657    -41.72299239    
       658    -41.72299238    
       659    -41.72299238    
       660    -41.72299238    
       661    -41.72299238    
       662    -41.72299235    
       663    -41.72299238    
       664    -41.72299238    
       665    -41.72299238    
       666    -41.72299237    
       667    -41.72299239    
       668    -41.72299238    
       669    -41.72299237    
       670    -41.72299237    
       671    -41.72299237    
       672    -41.72299237    
       673    -41.72299234    
       674    -41.72299236    
       675    -41.72299236    
       676    -41.72299236    
       677    -41.72299237    
       678    -41.72299237    
       679    -41.72299237    
       680    -41.72299237    
       681    -41.72299235    
       682    -41.72299235    
       683    -41.72299239    
       684    -41.72299239    
       685    -41.72299236    
       686    -41.72299236    
       687    -41.72299232    
       688    -41.72299232    
       689    -41.72299236    
       690    -41.72299237    
       691    -41.72299238    
       692    -41.72299235    
       693    -41.72299238    
       694    -41.72299237    
       695    -41.72299237    
       696    -41.72299237    
       697    -41.72299237    
       698    -41.72299236    
       699    -41.72299235    
       700    -41.72299235    
       701    -41.72299235    
       702    -41.72299226    
       703    -41.72299226    
       704    -41.72299235    
       705    -41.72299236    
       706    -41.72299237    
       707    -41.72299237    
       708    -41.72299237    
       709    -41.72299237    
       710    -41.72299232    
       711    -41.72299232    
       712    -41.72299235    
       713    -41.72299236    
       714    -41.72299238    
       715    -41.72299238    
       716    -41.72299238    
       717    -41.72299238    
       718    -41.72299238    
       719    -41.72299238    
       720    -41.72299235    
       721    -41.72299238    
       722    -41.72299238    
       723    -41.72299238    
       724    -41.72299238    
       725    -41.72299238    
       726    -41.72299238    
       727    -41.72299238    
       728    -41.72299235    
       729    -41.72299239    
       730    -41.72299237    
       731    -41.72299235    
       732    -41.72299238    
       733    -41.72299235    
       734    -41.72299235    
       735    -41.72299235    
       736    -41.72299235    
       737    -41.72299238    
       738    -41.72299238    
       739    -41.72299238    
       740    -41.72299238    
       741    -41.72299237    
       742    -41.72299238    
       743    -41.72299236    
       744    -41.72299236    
       745    -41.72299239    
       746    -41.72299237    
       747    -41.72299237    
       748    -41.72299236    
       749    -41.72299238    
       750    -41.72299236    
       751    -41.72299236    
       752    -41.72299236    
       753    -41.72299233    
       754    -41.72299233    
       755    -41.72299233    
       756    -41.72299233    
       757    -41.72299233    
       758    -41.72299234    
       759    -41.72299234    
       760    -41.72299234    
       761    -41.72299234    
       762    -41.72299234    
       763    -41.72299234    
       764    -41.72299239    
       765    -41.72299239    
       766    -41.72299239    
       767    -41.72299239    
       768    -41.72299239    
       769    -41.72299237    
       770    -41.72299238    
       771    -41.72299232    
       772    -41.72299236    
       773    -41.72299238    
       774    -41.72299238    
       775    -41.72299237    
       776    -41.72299237    
       777    -41.72299237    
       778    -41.72299237    
       779    -41.72299237    
       780    -41.72299237    
       781    -41.72299237    
       782    -41.72299237    
       783    -41.72299238    
       784    -41.72299239    
       785    -41.72299238    
       786    -41.72299234    
       787    -41.72299234    
       788    -41.72299237    
       789    -41.72299238    
       790    -41.72299239    
       791    -41.72299239    
       792    -41.72299239    
       793    -41.72299239    
       794    -41.72299237    
       795    -41.72299236    
       796    -41.72299236    
       797    -41.72299235    
       798    -41.72299235    
       799    -41.72299236    
       800    -41.72299236    
       801    -41.72299236    
       802    -41.72299237    
       803    -41.72299238    
       804    -41.72299237    
       805    -41.72299237    
       806    -41.72299237    
       807    -41.72299235    
       808    -41.72299237    
       809    -41.72299237    
       810    -41.72299238    
       811    -41.72299238    
       812    -41.72299238    
       813    -41.72299238    
       814    -41.72299238    
       815    -41.72299238    
       816    -41.72299238    
       817    -41.72299237    
       818    -41.72299237    
       819    -41.72299237    
       820    -41.72299233    
       821    -41.72299236    
       822    -41.72299236    
       823    -41.72299236    
       824    -41.72299239    
       825    -41.72299239    
       826    -41.72299232    
       827    -41.72299232    
       828    -41.72299236    
       829    -41.72299236    
       830    -41.72299237    
       831    -41.72299237    
       832    -41.72299237    
       833    -41.72299236    
       834    -41.72299236    
       835    -41.72299236    
       836    -41.72299236    
       837    -41.72299236    
       838    -41.72299237    
       839    -41.72299237    
       840    -41.72299237    
       841    -41.72299237    
       842    -41.72299236    
       843    -41.72299237    
       844    -41.72299237    
       845    -41.72299237    
       846    -41.72299237    
       847    -41.72299230    
       848    -41.72299237    
       849    -41.72299237    
       850    -41.72299237    
       851    -41.72299237    
       852    -41.72299237    
       853    -41.72299237    
       854    -41.72299239    
       855    -41.72299239    
       856    -41.72299237    
       857    -41.72299237    
       858    -41.72299237    
       859    -41.72299237    
       860    -41.72299238    
       861    -41.72299238    
       862    -41.72299237    
       863    -41.72299238    
       864    -41.72299238    
       865    -41.72299238    
       866    -41.72299238    
       867    -41.72299238    
       868    -41.72299238    
       869    -41.72299238    
       870    -41.72299238    
       871    -41.72299238    
       872    -41.72299238    
       873    -41.72299233    
       874    -41.72299233    
       875    -41.72299237    
       876    -41.72299237    
       877    -41.72299237    
       878    -41.72299237    
       879    -41.72299237    
       880    -41.72299237    
       881    -41.72299237    
       882    -41.72299237    
       883    -41.72299237    
       884    -41.72299237    
       885    -41.72299237    
       886    -41.72299237    
       887    -41.72299239    
       888    -41.72299239    
       889    -41.72299237    
       890    -41.72299238    
       891    -41.72299235    
       892    -41.72299235    
       893    -41.72299238    
       894    -41.72299238    
       895    -41.72299236    
       896    -41.72299236    
       897    -41.72299236    
       898    -41.72299236    
       899    -41.72299238    
       900    -41.72299238    
       901    -41.72299238    
       902    -41.72299238    
       903    -41.72299238    
       904    -41.72299238    
       905    -41.72299238    
       906    -41.72299238    
       907    -41.72299238    
       908    -41.72299238    
       909    -41.72299238    
       910    -41.72299238    
       911    -41.72299238    
       912    -41.72299238    
       913    -41.72299238    
       914    -41.72299236    
       915    -41.72299236    
       916    -41.72299239    
       917    -41.72299234    
       918    -41.72299234    
       919    -39.44390504    
       920    -39.44390503    
       921    -39.44390503    
       922    -39.44390503    
       923    -39.44390503    
       924    -39.44390503    
       925    -39.44390503    
       926    -39.44390503    
       927    -39.44390504    
       928    -39.44390504    
       929    -39.44390504    
       930    -39.44390504    
       931    -39.44390504    
       932    -39.26483924    
       933    -39.26483925    
       934    -39.26483924    
       935    -39.26483924    
       936    -39.26483924    
       937    -38.94698543    
       938    -38.94698543    
       939    -38.94698543    
       940    -38.94698543    
       941    -38.94698543    
       942    -38.94698544    
       943    -38.94698544    
       944    -38.94698544    
       945    -38.94698544    
       946    -39.39795142    
       947    -39.40628509    
       948    -39.40628509    
       949    -39.40628509    
       950    -39.40628509    
       951    -39.40628509    
       952    -39.40628509    
       953    -39.40628509    
       954    -39.40628509    
       955    -39.40628509    
       956    -39.40628509    
       957    -39.40628509    
       958    -39.40628507    
       959    -39.39795139    
       960    -39.79992722    
       961    -39.79992722    
       962    -39.79992722    
       963    -39.79992722    
       964    -39.79992722    
       965    -39.79992722    
       966    -39.79992722    
       967    -39.79992722    
       968    -39.79992722    
       969    -39.79992722    
       970    -39.79992722    
       971    -39.79992722    
       972    -39.79992722    
       973    -39.79992722    
       974    -39.79992722    
       975    -39.79992722    
       976    -39.79992722    
       977    -39.79992722    
       978    -39.79992722    
       979    -39.79992722    
       980    -39.79992722    
       981    -39.79992722    
       982    -39.79992722    
       983    -39.79992722    
       984    -39.79992722    
       985    -39.79992722    
       986    -39.79992722    
       987    -39.79992722    
       988    -38.70885781    
       989    -38.70885781    
       990    -38.70885779    
       991    -38.70885779    
       992    -38.70885784    
       993    -38.70885782    
       994    -38.70885782    
       995    -38.70885782    
       996    -38.70885782    
       997    -38.70885782    
       998    -38.70885782    
       999    -38.70885782    
      1000    -38.70885782    
