         1    -314.6608188    
         2    -314.6608188    
         3    -314.6608188    
         4    -314.6608188    
         5    -314.6608188    
         6    -314.6608188    
         7    -314.6608188    
         8    -315.1498360    
         9    -315.1498360    
        10    -315.1498364    
        11    -315.1498364    
        12    -315.1498366    
        13    -316.6175469    
        14    -316.6175500    
        15    -316.6175500    
        16    -316.6175500    
        17    -316.6175500    
        18    -316.6175500    
        19    -316.6175500    
        20    -316.6175500    
        21    -316.6175500    
        22    -316.6175500    
        23    -316.6175500    
        24    -316.6175500    
        25    -316.6175500    
        26    -316.6175500    
        27    -316.6175500    
        28    -316.6175500    
        29    -316.6175500    
        30    -316.6175500    
        31    -316.6175500    
        32    -316.6175500    
        33    -316.6175500    
        34    -316.6175500    
        35    -316.6175500    
        36    -316.6175500    
        37    -316.6175500    
        38    -316.6175500    
        39    -316.6175500    
        40    -316.6175500    
        41    -316.6175500    
        42    -316.6175500    
        43    -316.6175500    
        44    -316.6175500    
        45    -316.6175500    
        46    -316.6175500    
        47    -316.6175500    
        48    -316.6175500    
        49    -316.6175500    
        50    -316.6175500    
        51    -316.6175500    
        52    -316.6175500    
        53    -316.6175500    
        54    -316.6175500    
        55    -316.6175500    
        56    -316.6175500    
        57    -316.6175500    
        58    -316.6175500    
        59    -316.6175500    
        60    -316.6175500    
        61    -316.6175500    
        62    -316.6175500    
        63    -316.6175500    
        64    -316.6175500    
        65    -316.6175500    
        66    -316.6175500    
        67    -316.6175500    
        68    -316.6175500    
        69    -316.6175500    
        70    -316.6175500    
        71    -316.6175500    
        72    -316.6175500    
        73    -316.6175500    
        74    -316.6175500    
        75    -316.6175500    
        76    -316.6175500    
        77    -316.6175500    
        78    -316.6175500    
        79    -316.6175500    
        80    -316.6175500    
        81    -316.6175500    
        82    -316.6175500    
        83    -316.6175500    
        84    -316.6175500    
        85    -316.6175500    
        86    -316.6175500    
        87    -316.6175500    
        88    -316.6175500    
        89    -316.6175500    
        90    -316.6175500    
        91    -316.6175500    
        92    -316.6175500    
        93    -316.6175500    
        94    -316.6175500    
        95    -316.6175500    
        96    -316.6175500    
        97    -316.6175500    
        98    -316.6175500    
        99    -316.6175500    
       100    -316.6175500    
       101    -316.6175500    
       102    -316.6175500    
       103    -316.6175500    
       104    -316.9680371    
       105    -316.9680371    
       106    -316.9680371    
       107    -316.9680371    
       108    -316.9680371    
       109    -316.9680371    
       110    -316.9680371    
       111    -316.9680371    
       112    -316.9680371    
       113    -316.9680371    
       114    -316.9680371    
       115    -316.9680371    
       116    -316.9680371    
       117    -316.9680371    
       118    -316.9680371    
       119    -316.9680371    
       120    -316.9680371    
       121    -316.9680371    
       122    -316.9680371    
       123    -316.9680371    
       124    -316.9680371    
       125    -316.9680371    
       126    -316.9680371    
       127    -316.9680371    
       128    -316.9680371    
       129    -316.9680371    
       130    -316.9680371    
       131    -316.9680371    
       132    -316.9680371    
       133    -316.9680371    
       134    -316.9680371    
       135    -316.9680371    
       136    -316.9680371    
       137    -316.9680371    
       138    -316.9680371    
       139    -316.9680371    
       140    -316.9680371    
       141    -316.9680371    
       142    -316.9680371    
       143    -316.9680371    
       144    -316.9680371    
       145    -316.9680371    
       146    -316.9680371    
       147    -316.9680371    
       148    -316.9680371    
       149    -316.9680371    
       150    -316.9680371    
       151    -316.9680371    
       152    -316.9680371    
       153    -316.9680371    
       154    -316.9680371    
       155    -316.9680371    
       156    -316.9680371    
       157    -316.9680371    
       158    -316.9680371    
       159    -316.9680371    
       160    -316.9680371    
       161    -316.9680371    
       162    -316.9680371    
       163    -316.9680371    
       164    -316.9680371    
       165    -316.9680371    
       166    -316.9680371    
       167    -316.9680371    
       168    -316.9680371    
       169    -316.9680371    
       170    -316.9680371    
       171    -316.9680371    
       172    -316.9680371    
       173    -316.9680371    
       174    -316.9680371    
       175    -316.9680371    
       176    -316.9680371    
       177    -316.9680371    
       178    -316.9680371    
       179    -316.9680371    
       180    -316.9680371    
       181    -316.9680371    
       182    -316.9680371    
       183    -316.9680371    
       184    -316.9680371    
       185    -316.9680371    
       186    -316.9680371    
       187    -316.9680371    
       188    -316.9680371    
       189    -316.9680371    
       190    -316.9680371    
       191    -316.9680371    
       192    -316.9680371    
       193    -316.9680371    
       194    -316.9680371    
       195    -316.9680371    
       196    -316.9680371    
       197    -316.9680371    
       198    -316.9680371    
       199    -316.9680371    
       200    -316.9680371    
       201    -316.9680371    
       202    -316.9680371    
       203    -316.9680371    
       204    -316.9680371    
       205    -316.9680371    
       206    -316.9680371    
       207    -316.9680371    
       208    -316.9680371    
       209    -316.9680371    
       210    -316.9680371    
       211    -316.9680371    
       212    -316.9680371    
       213    -316.9680371    
       214    -316.9680371    
       215    -316.9680371    
       216    -316.9680371    
       217    -316.9680371    
       218    -316.9680371    
       219    -316.9680371    
       220    -316.9680371    
       221    -316.9680371    
       222    -316.9680371    
       223    -316.9680371    
       224    -316.9680371    
       225    -316.9680371    
       226    -316.9680371    
       227    -316.9680371    
       228    -316.9680371    
       229    -316.9680371    
       230    -316.9680371    
       231    -316.9680371    
       232    -316.9680371    
       233    -316.9680371    
       234    -316.9680371    
       235    -316.9680371    
       236    -316.9680371    
       237    -316.9680371    
       238    -316.9680371    
       239    -316.9680371    
       240    -316.9680371    
       241    -316.9680371    
       242    -316.9680371    
       243    -316.9680371    
       244    -316.9680371    
       245    -316.9680371    
       246    -316.9680371    
       247    -316.9680371    
       248    -316.9680371    
       249    -316.9680371    
       250    -316.9680371    
       251    -316.9680371    
       252    -316.9680371    
       253    -316.9680371    
       254    -316.9680371    
       255    -316.9680371    
       256    -316.9680371    
       257    -316.9680371    
       258    -316.9680371    
       259    -316.9680371    
       260    -316.9680371    
       261    -316.9680371    
       262    -316.9680371    
       263    -316.9680371    
       264    -316.9680371    
       265    -316.9680371    
       266    -316.9680371    
       267    -316.9680371    
       268    -316.9680371    
       269    -316.9680371    
       270    -316.9680371    
       271    -316.9680371    
       272    -316.9680371    
       273    -316.9680371    
       274    -316.9680371    
       275    -316.9680371    
       276    -316.9680371    
       277    -316.9680371    
       278    -316.9680371    
       279    -316.9680371    
       280    -316.9680371    
       281    -316.9680371    
       282    -316.9680371    
       283    -316.9680371    
       284    -316.9680371    
       285    -316.9680371    
       286    -316.9680371    
       287    -316.9680371    
       288    -316.9680371    
       289    -316.9680371    
       290    -316.9680371    
       291    -316.9680371    
       292    -316.9680371    
       293    -316.9680371    
       294    -316.9680371    
       295    -316.9680393    
       296    -316.9680401    
       297    -316.9680401    
       298    -316.9680401    
       299    -316.9680401    
       300    -316.9680401    
       301    -316.9680401    
       302    -316.9680401    
       303    -316.9680401    
       304    -316.9680401    
       305    -316.9680401    
       306    -316.9680401    
       307    -316.9680401    
       308    -316.9680401    
       309    -316.9680401    
       310    -316.9681372    
       311    -316.9681372    
       312    -316.9681372    
       313    -316.9681372    
       314    -316.9681372    
       315    -316.9681372    
       316    -316.9681372    
       317    -316.9681372    
       318    -316.9681372    
       319    -316.9681372    
       320    -316.9681372    
       321    -316.9681372    
       322    -316.9681372    
       323    -316.9681372    
       324    -316.9681372    
       325    -316.9681372    
       326    -316.9681372    
       327    -316.9681372    
       328    -316.9681372    
       329    -316.9681372    
       330    -316.9681372    
       331    -316.9681372    
       332    -316.9681372    
       333    -316.9681372    
       334    -316.9681372    
       335    -316.9681372    
       336    -316.9681372    
       337    -316.9681372    
       338    -316.9681372    
       339    -316.9681372    
       340    -316.9681372    
       341    -316.9681372    
       342    -316.9681372    
       343    -316.9681372    
       344    -316.9681372    
       345    -316.9681372    
       346    -316.9681372    
       347    -316.9681372    
       348    -316.9681372    
       349    -316.9681372    
       350    -316.9681372    
       351    -316.9681372    
       352    -316.9681372    
       353    -316.9681372    
       354    -316.9681372    
       355    -316.9681372    
       356    -316.9681372    
       357    -316.9681372    
       358    -316.9681372    
       359    -316.9681372    
       360    -316.9681372    
       361    -316.9681372    
       362    -316.9681372    
       363    -316.9681372    
       364    -316.9681372    
       365    -316.9681372    
       366    -316.9681372    
       367    -316.9681372    
       368    -316.9681372    
       369    -316.9681372    
       370    -316.9681372    
       371    -316.9681372    
       372    -316.9681372    
       373    -316.9681372    
       374    -316.9681372    
       375    -316.9681372    
       376    -316.9681372    
       377    -316.9681372    
       378    -317.2408562    
       379    -317.2408562    
       380    -317.2408592    
       381    -317.2408658    
       382    -317.2408658    
       383    -317.2408658    
       384    -317.2408658    
       385    -317.2408658    
       386    -317.2408658    
       387    -317.2408658    
       388    -317.2408658    
       389    -317.2408658    
       390    -317.2408658    
       391    -317.2408658    
       392    -317.2408658    
       393    -317.2408658    
       394    -317.2408658    
       395    -317.2408658    
       396    -317.2408658    
       397    -317.2408658    
       398    -317.2408658    
       399    -317.2408658    
       400    -317.2408658    
       401    -317.2408658    
       402    -317.2408658    
       403    -317.2408658    
       404    -317.2408658    
       405    -317.2408658    
       406    -317.2408658    
       407    -317.2408658    
       408    -317.2408658    
       409    -317.2408658    
       410    -317.2408658    
       411    -317.2408658    
       412    -317.2408658    
       413    -317.2408658    
       414    -317.2408658    
       415    -317.2408658    
       416    -317.2408658    
       417    -317.2408658    
       418    -317.2408658    
       419    -317.2408658    
       420    -317.2408658    
       421    -317.2408658    
       422    -317.2408658    
       423    -317.2408658    
       424    -317.6123677    
       425    -317.6123677    
       426    -317.6123677    
       427    -317.6123677    
       428    -317.6123677    
       429    -317.6123677    
       430    -317.6123677    
       431    -317.6123810    
       432    -317.6123810    
       433    -317.6123810    
       434    -317.6123810    
       435    -317.6123810    
       436    -317.6123810    
       437    -317.6123810    
       438    -317.6123810    
       439    -317.6123810    
       440    -317.6123810    
       441    -317.6123810    
       442    -317.6123810    
       443    -317.6123810    
       444    -317.6123810    
       445    -317.6123810    
       446    -317.6123810    
       447    -317.6123810    
       448    -317.6123810    
       449    -317.6123810    
       450    -317.6123810    
       451    -317.6123810    
       452    -317.6123810    
       453    -317.6123810    
       454    -317.6123810    
       455    -317.6123810    
       456    -317.6123810    
       457    -317.6123810    
       458    -317.6123810    
       459    -317.6123810    
       460    -317.6123810    
       461    -317.6123810    
       462    -317.6123810    
       463    -317.6123810    
       464    -317.6123810    
       465    -317.6123810    
       466    -317.6123810    
       467    -317.6123810    
       468    -317.6123810    
       469    -317.6123810    
       470    -317.6123810    
       471    -317.6123810    
       472    -317.6123810    
       473    -317.6123810    
       474    -317.6123810    
       475    -317.6123810    
       476    -317.6123810    
       477    -317.6123810    
       478    -317.6123810    
       479    -317.6123810    
       480    -317.6123810    
       481    -317.6123810    
       482    -317.6123810    
       483    -317.6123810    
       484    -317.6123810    
       485    -317.6123810    
       486    -317.6123810    
       487    -317.6123810    
       488    -317.6123810    
       489    -317.6123810    
       490    -317.6123810    
       491    -317.6123810    
       492    -317.6123810    
       493    -317.6123810    
       494    -317.6123810    
       495    -317.6123810    
       496    -317.6123810    
       497    -317.6123810    
       498    -317.6123810    
       499    -317.6123810    
       500    -317.6123810    
