         1     -314.6608188007
         2     -170.0837672247
         3     -308.1672557812
         4     -310.7969318501
         5     -314.6608171837
         6     -314.4971830882
         7     -314.4971819401
         8     -315.1498359516
         9     -315.1498358029
        10     -315.1498364449
        11     -312.1823445609
        12     -315.1498365958
        13     -316.6175469101
        14     -316.6175500277
        15     -314.6608188874
        16     -315.3255481237
        17     -315.3255466627
        18     -309.5635370790
        19     -315.3255491905
        20     -312.3537611968
        21     -313.9775495949
        22     -308.1672585977
        23     -312.1823419550
        24     -310.3581625563
        25     -315.3255483943
        26     -313.9775456495
        27     -315.3255462800
        28     -313.1901102425
        29     -310.9542329074
        30     -307.7740903187
        31     -310.9542331667
        32     -315.3255477381
        33     -315.3255480388
        34     -313.6654948327
        35     -316.6175481682
        36     -315.3255491414
        37     -312.0456662849
        38     -310.3073750686
        39     -315.3255477122
        40     -315.3255487567
        41     -315.3255484346
        42     -315.3255484031
        43     -315.3255454175
        44     -315.3255496118
        45     -315.3255465201
        46     -313.3304277049
        47     -315.3255475479
        48     -315.3255487418
        49     -313.3304290890
        50********************
        51     -315.3255494979
        52     -315.3255460949
        53     -307.7740879856
        54     -315.3255478111
        55     -315.3255468083
        56     -313.6654975653
        57     -315.3255459745
        58     -315.3255448048
        59     -312.3537537850
        60     -315.3255437950
        61     -315.3255451261
        62     -312.0456601122
        63     -310.9542287563
        64     -315.3255453487
        65     -312.6899128726
        66     -308.1672540504
        67     -315.3255439696
        68     -310.9542309062
        69     -311.5230257813
        70     -307.7740759677
        71     -307.7740882874
        72     -315.3255446738
        73     -315.3255450966
        74     -312.0456610206
        75     -313.6654926102
        76     -315.3255470622
        77     -315.3255444107
        78     -315.3255449827
        79     -312.0456605657
        80     -307.7740866252
        81     -313.9775442507
        82     -310.9542326593
        83     -310.4173469513
        84     -315.3255435162
        85     -315.3255448921
        86     -315.3255460736
        87     -167.6645014141
        88     -315.3255453348
        89     -312.4600762950
        90     -315.3255448230
        91     -311.2609350130
        92     -313.3304260321
        93     -315.3255450805
        94     -315.3255451851
        95     -315.3255475006
        96     -315.3255446296
        97     -316.0581595412
        98     -310.3073763937
        99     -316.0581600678
       100     -316.0581574867
       101     -316.0581595020
       102     -316.0581585162
       103     -313.2802642865
       104     -316.9680371499
       105     -316.0581587504
       106     -315.6702800989
       107     -316.9680342242
       108     -170.7266587574
       109     -313.2802664603
       110     -316.2918770962
       111     -180.6793118561
       112     -316.2918770390
       113     -315.6702762211
       114     -314.0985633264
       115     -313.3304255436
       116     -314.0985638323
       117     -314.7099048685
       118     -314.7099005777
       119     -314.7099013449
       120     -314.7098997073
       121     -316.2918762274
       122     -190.9727321471
       123     -316.2918781154
       124     -312.5674714113
       125     -316.2918750208
       126     -316.2918796695
       127     -316.2918788754
       128     -309.9891814086
       129     -314.9769869794
       130     -316.2918775193
       131     -311.4783766903
       132     -315.7416045864
       133     -315.3385396534
       134     -316.2918779174
       135     -315.9038231628
       136     -315.9038210933
       137     -315.9038228782
       138     -315.9038215279
       139     -315.9038200577
       140     -312.2841137396
       141     -310.8261548439
       142     -314.0103551424
       143     -315.9038222786
       144     -307.3639967971
       145     -316.9680370046
       146     -312.8030036209
       147     -314.7098985154
       148     -316.9680349081
       149     -315.9924042227
       150     -171.6540381069
       151     -315.9038181763
       152     -316.9680368070
       153     -316.0581604371
       154     -316.9680319307
       155     -315.9038218994
       156     -316.0581576506
       157     -316.9680350052
       158     -316.9680344972
       159     -316.9680358395
       160     -316.6175444064
       161     -314.6608152247
       162     -312.0204509484
       163     -316.6175441948
       164     -316.6175437377
       165     -311.5955354827
       166     -315.1498334589
       167     -315.1498334675
       168     -177.4755205317
       169     -316.6175429436
       170     -316.6175437380
       171     -315.1498315408
       172     -314.3483229116
       173     -316.6175448224
       174     -315.1498347839
       175     -316.6175428505
       176     -312.3537540331
       177     -314.6608186867
       178     -316.6175427241
       179     -316.6175455407
       180     -316.6175435564
       181     -316.6175436933
       182     -316.6175448425
       183     -312.3537553428
       184     -310.4173456873
       185     -314.8238918222
       186     -316.6175418824
       187     -307.3639985643
       188     -316.6175446529
       189     -316.6175447340
       190     -312.0456627943
       191     -316.6175455270
       192     -316.6175441880
       193     -312.3537558029
       194     -316.6175452486
       195     -315.1498349728
       196     -316.6175439352
       197     -316.6175438470
       198     -316.6175469652
       199     -312.0204486255
       200     -316.6175435365
       201     -189.3054353490
       202     -316.6175412395
       203     -316.6175444585
       204     -171.7488738731
       205     -315.1498320917
       206     -315.3255440337
       207     -316.6175452913
       208     -316.6175440429
       209     -316.6175445468
       210     -180.2483190936
       211     -311.5230251059
       212     -315.1498318666
       213     -316.6175423354
       214     -316.6175469095
       215     -316.6175438624
       216     -313.9775398906
       217     -312.0456617179
       218     -312.1823389332
       219     -310.3073454917
       220     -312.1823413434
       221     -314.4971799937
       222     -310.3971561966
       223     -314.4971770219
       224     -311.5230258224
       225     -314.3483202108
       226     -313.4196042124
       227     -315.3255445699
       228     -315.3255468936
       229     -315.3255455560
       230     -315.3255441662
       231     -310.3581578068
       232     -315.3255462776
       233     -315.3255458865
       234     -307.5845560366
       235     -307.7740914838
       236     -316.6175458246
       237     -312.0204511843
       238     -316.6175461199
       239     -307.3639972173
       240     -314.6608170116
       241     -316.6175459040
       242     -316.6175458491
       243     -307.6898562847
       244     -314.4971778327
       245     -316.6175437369
       246     -313.9775495578
       247     -314.3483235700
       248     -315.1498329083
       249     -311.9842627886
       250     -316.6175453126
       251     -314.8238910317
       252     -314.4971791018
       253     -315.1498323032
       254     -244.2630160764
       255     -314.4971805078
       256     -314.3483258865
       257     -316.6175443044
       258     -312.3537577946
       259     -315.1498349457
       260     -314.4971781242
       261     -314.4971784519
       262     -316.6175448415
       263     -316.6175391832
       264     -316.6175453288
       265     -316.6175426649
       266     -316.6175459724
       267     -316.6175441145
       268     -310.7550646289
       269     -311.0915997120
       270     -316.6175425872
       271     -312.3537546071
       272     -316.6175428612
       273     -316.6175454324
       274     -316.6175469417
       275     -316.6175408780
       276     -315.1498317020
       277     -312.1823357087
       278     -312.1823400968
       279     -316.6175427952
       280     -314.3483174610
       281     -316.6175435011
       282     -316.6175441410
       283     -307.3639989988
       284     -310.9542321144
       285     -315.1498351266
       286     -315.3255447667
       287     -314.8715370641
       288     -316.9680354372
       289     -316.9680350931
       290     -312.0204505806
       291     -314.3232645716
       292     -315.7213012261
       293     -316.2918771974
       294     -316.9680348957
       295     -316.9680393263
       296     -316.9680400811
       297     -313.2802680062
       298     -315.7416094025
       299     -315.7416078409
       300     -316.9680385108
       301     -315.9038266477
       302     -310.9196434135
       303     -314.9734142303
       304     -315.9038249899
       305     -315.2917714310
       306     -313.9106264265
       307     -168.8182592232
       308     -315.6702792245
       309     -316.9680356685
       310     -316.9681372322
       311     -314.0985634580
       312     -313.6342108193
       313     -311.0863597372
       314     -312.8036220264
       315     -316.9680632122
       316     -316.9680355128
       317     -308.1544623299
       318     -316.2918785038
       319     -313.2802639398
       320     -313.2802640158
       321     -316.2918809430
       322     -308.4846722666
       323     -316.2918789297
       324     -316.2918778989
       325     -316.2918779661
       326     -316.2918762900
       327     -314.7099000836
       328     -311.5865514996
       329     -313.2802645280
       330     -316.2918796890
       331     -316.2918779076
       332     -313.3783233568
       333     -316.2918770638
       334     -315.9038217536
       335     -316.2918743381
       336     -315.7416059206
       337     -313.2802642392
       338     -315.0822098083
       339     -315.2917721857
       340     -308.5599942583
       341     -311.0915987424
       342     -314.6585963142
       343     -310.3971553449
       344     -315.9038227495
       345     -315.9038220245
       346     -314.4389477356
       347     -315.7213001390
       348     -315.7213027330
       349     -314.3553370320
       350     -310.5653142330
       351     -308.9844054233
       352     -314.3553373091
       353     -314.3553343470
       354     -311.9799045609
       355     -313.6052029528
       356     -313.1832369066
       357     -315.6702802971
       358     -316.0585127840
       359     -314.9769892582
       360     -314.9769892753
       361     -314.9769891519
       362     -314.9769900257
       363     -314.9769897800
       364     -311.9799079059
       365     -311.1832761983
       366     -311.0916026558
       367     -312.3537575346
       368     -314.9769874659
       369     -314.9769891285
       370     -314.7099024776
       371     -311.4280033468
       372     -314.7099012653
       373     -314.7099020638
       374     -315.7419638367
       375     -316.4890888710
       376     -187.5127648140
       377     -316.4890812722
       378     -317.2408561863
       379     -177.6441753192
       380     -317.2408592234
       381     -317.2408657820
       382     -317.2408612898
       383     -317.2408619327
       384     -317.2408623527
       385     -317.2408602618
       386     -314.5863542876
       387     -316.7647834928
       388     -314.8341553550
       389     -313.5745249927
       390     -317.2408622191
       391     -313.8256850788
       392     -187.2610110185
       393     -176.0151446035
       394     -317.2408631252
       395     -316.2276364401
       396     -309.6849220442
       397     -317.2408610667
       398     -314.2920460084
       399     -316.3515426116
       400     -317.2408620426
       401     -314.0046583993
       402     -316.1811145149
       403     -314.8341544298
       404     -315.3090347842
       405     -313.9699932710
       406     -316.2596001142
       407     -178.3656269798
       408     -316.2596002064
       409     -316.2595996894
       410     -315.3016868004
       411     -313.9183203219
       412     -316.2596003414
       413     -316.3090207323
       414     -313.9699896805
       415     -313.3952597194
       416     -316.3087561313
       417     -316.3088723429
       418     -315.7789364916
       419     -316.3088703631
       420     -315.1452746254
       421     -316.9407266733
       422     -312.5395529507
       423     -315.6014447516
       424     -317.6123676921
       425     -317.6123343980
       426     -314.8678981726
       427     -315.0337778410
       428     -317.6123192375
       429     -316.3314541240
       430     -316.4440354270
       431     -317.6123809668
       432     -316.9044266428
       433     -317.6123187177
       434     -316.3907142538
       435     -315.6881081620
       436     -317.4025092303
       437     -317.4025061710
       438     -307.3396016001
       439     -246.4511219185
       440     -317.4025072062
       441     -316.0535271795
       442     -316.1230647586
       443     -316.1230709157
       444     -315.2408827179
       445     -316.1230681289
       446     -316.1230672027
       447     -310.9383516984
       448     -316.7647870150
       449     -310.9383533018
       450     -315.5841555034
       451     -317.4810321846
       452     -317.4810348602
       453     -317.4810314434
       454     -191.0651187411
       455     -316.5915840690
       456     -313.7628154696
       457     -313.7628178608
       458     -317.4810328749
       459     -311.0828247526
       460     -312.1563379290
       461     -311.6771243368
       462     -312.8105082849
       463     -314.1174737584
       464     -314.8854188702
       465     -174.1306839311
       466     -315.6490453725
       467     -317.4810293257
       468     -311.6771302910
       469     -317.4810313053
       470     -317.4810339784
       471     -317.4810318768
       472     -309.4328694870
       473     -310.8713421948
       474     -317.4810362282
       475     -315.6021410821
       476     -311.3776573723
       477     -309.8301611324
       478     -317.4810323930
       479     -316.5915845431
       480     -309.8301618768
       481     -317.4810330734
       482     -309.8301680552
       483     -309.5375753180
       484     -317.4810340297
       485     -317.4810373814
       486     -309.7405657180
       487     -317.4810342210
       488     -316.4732095603
       489     -316.4732107436
       490     -187.7407072566
       491     -317.1078768143
       492     -316.7599676319
       493     -316.1409738263
       494     -316.1409737454
       495     -312.3261809435
       496     -307.0997120310
       497     -315.4582933235
       498     -313.5417163667
       499     -316.5967528435
       500     -314.0256123323
