       Quench         Potential energy     rot/vib terms        Free energy        Markov energy            Time        
 ------------------  ------------------  ------------------  ------------------  ------------------  ------------------ 
           0        -69.0291461938      -244.813595675      -313.842741869      0.100000000000+101                 0.3
           1        -68.9643630227      -245.696455778      -314.660818801      -313.842741869                     0.5
           2         68.0934278826      -238.177195107      -170.083767225      -314.660818801                     0.7
           3        -62.5297273405      -245.637528441      -308.167255781      -314.660818801                     0.8
           4        -66.0532975035      -244.743634347      -310.796931850      -314.660818801                     1.0
           5        -68.9643630227      -245.696454161      -314.660817184      -314.660818801                     1.2
           6        -68.8091853783      -245.687997710      -314.497183088      -314.660817184                     1.4
           7        -68.8091853783      -245.687996562      -314.497181940      -314.497183088                     1.6
           8        -69.5916713108      -245.558164641      -315.149835952      -314.497181940                     1.7
           9        -69.5916713108      -245.558164492      -315.149835803      -315.149835952                     1.9
          10        -69.5916713108      -245.558165134      -315.149836445      -315.149835803                     2.1
          11        -66.6134296371      -245.568914924      -312.182344561      -315.149836445                     2.3
          12        -69.5916713108      -245.558165285      -315.149836596      -315.149836445                     2.5
          13        -69.6120165536      -247.005530357      -316.617546910      -315.149836596                     2.7
          14        -69.6120165536      -247.005533474      -316.617550028      -316.617546910                     2.8
          15        -68.9643630227      -245.696455865      -314.660818887      -316.617550028                     3.0
          16        -68.6579828763      -246.667565247      -315.325548124      -316.617550028                     3.2
          17        -68.6579828763      -246.667563786      -315.325546663      -315.325548124                     3.4
          18        -62.0962009428      -247.467336136      -309.563537079      -315.325546663                     3.7
          19        -68.6579828763      -246.667566314      -315.325549190      -315.325546663                     3.8
          20        -69.5669863232      -242.786774874      -312.353761197      -315.325549190                     4.0
          21        -68.6475433535      -245.330006241      -313.977549595      -315.325549190                     4.2
          22        -62.5297273405      -245.637531257      -308.167258598      -315.325549190                     4.4
          23        -66.6134296371      -245.568912318      -312.182341955      -315.325549190                     4.6
          24        -64.8092133531      -245.548949203      -310.358162556      -315.325549190                     4.7
          25        -68.6579828763      -246.667565518      -315.325548394      -315.325549190                     4.9
          26        -68.6475433535      -245.330002296      -313.977545649      -315.325548394                     5.1
          27        -68.6579828763      -246.667563404      -315.325546280      -315.325548394                     5.3
          28        -68.4130363329      -244.777073910      -313.190110243      -315.325546280                     5.5
          29        -65.6598536860      -245.294379221      -310.954232907      -315.325546280                     5.6
          30        -68.1013807218      -239.672709597      -307.774090319      -315.325546280                     5.8
          31        -65.6598536860      -245.294379481      -310.954233167      -315.325546280                     6.0
          32        -68.6579828763      -246.667564862      -315.325547738      -315.325546280                     6.2
          33        -68.6579828763      -246.667565163      -315.325548039      -315.325547738                     6.4
          34        -67.0423292715      -246.623165561      -313.665494833      -315.325548039                     6.6
          35        -69.6120165536      -247.005531615      -316.617548168      -315.325548039                     6.7
          36        -68.6579828763      -246.667566265      -315.325549141      -316.617548168                     6.9
          37        -65.4165600432      -246.629106242      -312.045666285      -315.325549141                     7.1
          38        -64.6706581885      -245.636716880      -310.307375069      -315.325549141                     7.3
          39        -68.6579828763      -246.667564836      -315.325547712      -315.325549141                     7.5
          40        -68.6579828763      -246.667565880      -315.325548757      -315.325547712                     7.7
          41        -68.6579828763      -246.667565558      -315.325548435      -315.325548757                     7.9
          42        -68.6579828763      -246.667565527      -315.325548403      -315.325548435                     8.0
          43        -68.6579828763      -246.667562541      -315.325545418      -315.325548403                     8.2
          44        -68.6579828763      -246.667566736      -315.325549612      -315.325545418                     8.4
          45        -68.6579828763      -246.667563644      -315.325546520      -315.325549612                     8.6
          46        -67.8624540075      -245.467973697      -313.330427705      -315.325546520                     8.7
          47        -68.6579828763      -246.667564672      -315.325547548      -315.325546520                     8.9
          48        -68.6579828763      -246.667565865      -315.325548742      -315.325547548                     9.1
          49        -67.8624540075      -245.467975082      -313.330429089      -315.325548742                     9.3
          50         1000000.00000       10000000000.0       10001000000.0      -315.325548742                     9.3
          51        -68.6579828763      -246.667566622      -315.325549498      -315.325548742                     9.5
          52        -68.6579799820      -246.667566113      -315.325546095      -315.325549498                     9.7
          53        -68.1013778078      -239.672710178      -307.774087986      -315.325546095                     9.9
          54        -68.6579799820      -246.667567829      -315.325547811      -315.325546095                    10.0
          55        -68.6579799820      -246.667566826      -315.325546808      -315.325547811                    10.2
          56        -67.0423262770      -246.623171288      -313.665497565      -315.325546808                    10.4
          57        -68.6579799820      -246.667565993      -315.325545975      -315.325546808                    10.6
          58        -68.6579799820      -246.667564823      -315.325544805      -315.325545975                    10.8
          59        -69.5669833654      -242.786770420      -312.353753785      -315.325544805                    11.0
          60        -68.6579799820      -246.667563813      -315.325543795      -315.325544805                    11.2
          61        -68.6579799820      -246.667565144      -315.325545126      -315.325543795                    11.3
          62        -65.4165571702      -246.629102942      -312.045660112      -315.325545126                    11.5
          63        -65.6598505087      -245.294378248      -310.954228756      -315.325545126                    11.7
          64        -68.6579799820      -246.667565367      -315.325545349      -315.325545126                    11.9
          65        -67.7646772851      -244.925235588      -312.689912873      -315.325545349                    12.1
          66        -62.5297241875      -245.637529863      -308.167254050      -315.325545349                    12.3
          67        -68.6579799820      -246.667563988      -315.325543970      -315.325545349                    12.4
          68        -65.6598505087      -245.294380398      -310.954230906      -315.325543970                    12.6
          69        -65.7529868772      -245.770038904      -311.523025781      -315.325543970                    12.8
          70        -68.1013778078      -239.672698160      -307.774075968      -315.325543970                    13.0
          71        -68.1013778078      -239.672710480      -307.774088287      -315.325543970                    13.2
          72        -68.6579799820      -246.667564692      -315.325544674      -315.325543970                    13.4
          73        -68.6579799820      -246.667565115      -315.325545097      -315.325544674                    13.6
          74        -65.4165571702      -246.629103850      -312.045661021      -315.325545097                    13.7
          75        -67.0423262770      -246.623166333      -313.665492610      -315.325545097                    13.9
          76        -68.6579799820      -246.667567080      -315.325547062      -315.325545097                    14.1
          77        -68.6579799820      -246.667564429      -315.325544411      -315.325547062                    14.3
          78        -68.6579799820      -246.667565001      -315.325544983      -315.325544411                    14.5
          79        -65.4165571702      -246.629103395      -312.045660566      -315.325544983                    14.6
          80        -68.1013778078      -239.672708817      -307.774086625      -315.325544983                    14.8
          81        -68.6475404091      -245.330003842      -313.977544251      -315.325544983                    15.0
          82        -65.6598505087      -245.294382151      -310.954232659      -315.325544983                    15.2
          83        -65.4434069657      -244.973939986      -310.417346951      -315.325544983                    15.4
          84        -68.6579799820      -246.667563534      -315.325543516      -315.325544983                    15.5
          85        -68.6579799820      -246.667564910      -315.325544892      -315.325543516                    15.7
          86        -68.6579799820      -246.667566092      -315.325546074      -315.325544892                    15.9
          87         72.2572474840      -239.921748898      -167.664501414      -315.325546074                    16.1
          88        -68.6579799820      -246.667565353      -315.325545335      -315.325546074                    16.3
          89        -68.2805253770      -244.179550918      -312.460076295      -315.325545335                    16.5
          90        -68.6579799820      -246.667564841      -315.325544823      -315.325545335                    16.7
          91        -65.5069067336      -245.754028279      -311.260935013      -315.325544823                    16.9
          92        -67.8624510644      -245.467974968      -313.330426032      -315.325544823                    17.0
          93        -68.6579799820      -246.667565098      -315.325545080      -315.325544823                    17.2
          94        -68.6579799820      -246.667565203      -315.325545185      -315.325545080                    17.4
          95        -68.6579799820      -246.667567519      -315.325547501      -315.325545185                    17.6
          96        -68.6579799820      -246.667564648      -315.325544630      -315.325547501                    17.8
          97        -69.2016648698      -246.856494671      -316.058159541      -315.325544630                    18.0
          98        -64.6706550067      -245.636721387      -310.307376394      -316.058159541                    18.2
          99        -69.2016648698      -246.856495198      -316.058160068      -316.058159541                    18.4
         100        -69.2016648698      -246.856492617      -316.058157487      -316.058160068                    18.6
         101        -69.2016648698      -246.856494632      -316.058159502      -316.058157487                    18.7
         102        -69.2016648698      -246.856493646      -316.058158516      -316.058159502                    18.9
         103        -67.2676083733      -246.012655913      -313.280264287      -316.058158516                    19.1
         104        -70.1327397475      -246.835297402      -316.968037150      -316.058158516                    19.3
         105        -69.2016648698      -246.856493881      -316.058158750      -316.968037150                    19.5
         106        -69.4650422066      -246.205237892      -315.670280099      -316.968037150                    19.7
         107        -70.1327397475      -246.835294477      -316.968034224      -316.968037150                    19.8
         108         74.5233900563      -245.250048814      -170.726658757      -316.968034224                    20.0
         109        -67.2676083732      -246.012658087      -313.280266460      -316.968034224                    20.2
         110        -70.2598229122      -246.032054184      -316.291877096      -316.968034224                    20.4
         111         62.9913000768      -243.670611933      -180.679311856      -316.291877096                    20.6
         112        -70.2598229122      -246.032054127      -316.291877039      -316.291877096                    20.8
         113        -69.4650422066      -246.205234014      -315.670276221      -316.291877039                    20.9
         114        -68.3549210207      -245.743642306      -314.098563326      -315.670276221                    21.1
         115        -67.8624510645      -245.467974479      -313.330425544      -314.098563326                    21.3
         116        -68.3549210207      -245.743642812      -314.098563832      -314.098563326                    21.5
         117        -69.1380319453      -245.571872923      -314.709904868      -314.098563832                    21.7
         118        -69.1380319453      -245.571868632      -314.709900578      -314.709904868                    21.8
         119        -69.1380319453      -245.571869400      -314.709901345      -314.709900578                    22.0
         120        -69.1380319453      -245.571867762      -314.709899707      -314.709901345                    22.2
         121        -70.2598229122      -246.032053315      -316.291876227      -314.709899707                    22.4
         122         53.6552449151      -244.627977062      -190.972732147      -316.291876227                    22.6
         123        -70.2598229122      -246.032055203      -316.291878115      -316.291876227                    22.7
         124        -68.6425870653      -243.924884346      -312.567471411      -316.291878115                    22.9
         125        -70.2598229122      -246.032052109      -316.291875021      -316.291878115                    23.1
         126        -70.2598229122      -246.032056757      -316.291879669      -316.291875021                    23.3
         127        -70.2598229122      -246.032055963      -316.291878875      -316.291879669                    23.5
         128        -65.9475213690      -244.041660040      -309.989181409      -316.291878875                    23.7
         129        -69.2929886103      -245.683998369      -314.976986979      -316.291878875                    23.9
         130        -70.2598229122      -246.032054607      -316.291877519      -316.291878875                    24.0
         131        -65.4775551909      -246.000821499      -311.478376690      -316.291877519                    24.2
         132        -68.7127209065      -247.028883680      -315.741604586      -316.291877519                    24.4
         133        -69.5914273426      -245.747112311      -315.338539653      -316.291877519                    24.6
         134        -70.2598229122      -246.032055005      -316.291877917      -316.291877519                    24.8
         135        -69.3719504999      -246.531872663      -315.903823163      -316.291877917                    25.0
         136        -69.3719504999      -246.531870593      -315.903821093      -315.903823163                    25.1
         137        -69.3719504999      -246.531872378      -315.903822878      -315.903821093                    25.3
         138        -69.3719504999      -246.531871028      -315.903821528      -315.903822878                    25.5
         139        -69.3719504999      -246.531869558      -315.903820058      -315.903821528                    25.7
         140        -66.5275459814      -245.756567758      -312.284113740      -315.903820058                    25.9
         141        -65.6246253679      -245.201529476      -310.826154844      -315.903820058                    26.1
         142        -66.3788217906      -247.631533352      -314.010355142      -315.903820058                    26.2
         143        -69.3719494960      -246.531872783      -315.903822279      -315.903820058                    26.4
         144        -69.6379531107      -237.726043686      -307.363996797      -315.903822279                    26.6
         145        -70.1327387382      -246.835298266      -316.968037005      -315.903822279                    26.8
         146        -66.4457678441      -246.357235777      -312.803003621      -316.968037005                    27.0
         147        -69.1380310770      -245.571867438      -314.709898515      -316.968037005                    27.2
         148        -70.1327387382      -246.835296170      -316.968034908      -316.968037005                    27.4
         149        -69.4543321675      -246.538072055      -315.992404223      -316.968034908                    27.6
         150         68.3061514514      -239.960189558      -171.654038107      -316.968034908                    27.8
         151        -69.3719494960      -246.531868680      -315.903818176      -316.968034908                    27.9
         152        -70.1327387382      -246.835298069      -316.968036807      -316.968034908                    28.1
         153        -69.2016638407      -246.856496596      -316.058160437      -316.968036807                    28.3
         154        -70.1327387382      -246.835293193      -316.968031931      -316.968036807                    28.5
         155        -69.3719494960      -246.531872403      -315.903821899      -316.968031931                    28.7
         156        -69.2016638407      -246.856493810      -316.058157651      -316.968031931                    28.9
         157        -70.1327397475      -246.835295258      -316.968035005      -316.968031931                    29.1
         158        -70.1327397475      -246.835294750      -316.968034497      -316.968035005                    29.2
         159        -70.1327397475      -246.835296092      -316.968035840      -316.968034497                    29.4
         160        -69.6120136548      -247.005530752      -316.617544406      -316.968035840                    29.6
         161        -68.9643601384      -245.696455086      -314.660815225      -316.617544406                    29.8
         162        -68.0589232465      -243.961527702      -312.020450948      -316.617544406                    30.0
         163        -69.6120136548      -247.005530540      -316.617544195      -316.617544406                    30.2
         164        -69.6120136548      -247.005530083      -316.617543738      -316.617544195                    30.4
         165        -65.6381374874      -245.957397995      -311.595535483      -316.617543738                    30.5
         166        -69.5916683625      -245.558165096      -315.149833459      -316.617543738                    30.8
         167        -69.5916683625      -245.558165105      -315.149833468      -315.149833459                    31.0
         168         65.2176535222      -242.693174054      -177.475520532      -315.149833468                    31.2
         169        -69.6120136548      -247.005529289      -316.617542944      -315.149833468                    31.4
         170        -69.6120136548      -247.005530083      -316.617543738      -316.617542944                    31.6
         171        -69.5916683625      -245.558163178      -315.149831541      -316.617543738                    31.7
         172        -67.9331827558      -246.415140156      -314.348322912      -316.617543738                    31.9
         173        -69.6120136548      -247.005531168      -316.617544822      -316.617543738                    32.1
         174        -69.5916683625      -245.558166421      -315.149834784      -316.617544822                    32.3
         175        -69.6120136548      -247.005529196      -316.617542851      -316.617544822                    32.4
         176        -69.5669833654      -242.786770668      -312.353754033      -316.617542851                    32.6
         177        -68.9643630227      -245.696455664      -314.660818687      -316.617542851                    32.8
         178        -69.6120136548      -247.005529069      -316.617542724      -316.617542851                    33.0
         179        -69.6120136548      -247.005531886      -316.617545541      -316.617542724                    33.2
         180        -69.6120136548      -247.005529902      -316.617543556      -316.617545541                    33.4
         181        -69.6120136548      -247.005530038      -316.617543693      -316.617543556                    33.6
         182        -69.6120136548      -247.005531188      -316.617544843      -316.617543693                    33.8
         183        -69.5669833654      -242.786771977      -312.353755343      -316.617544843                    34.0
         184        -65.4434069657      -244.973938722      -310.417345687      -316.617544843                    34.1
         185        -67.9986124796      -246.825279343      -314.823891822      -316.617544843                    34.3
         186        -69.6120136548      -247.005528228      -316.617541882      -316.617544843                    34.5
         187        -69.6379545873      -237.726043977      -307.363998564      -316.617541882                    34.7
         188        -69.6120136548      -247.005530998      -316.617544653      -316.617541882                    34.9
         189        -69.6120136548      -247.005531079      -316.617544734      -316.617544653                    35.1
         190        -65.4165571702      -246.629105624      -312.045662794      -316.617544734                    35.2
         191        -69.6120136548      -247.005531872      -316.617545527      -316.617544734                    35.4
         192        -69.6120136548      -247.005530533      -316.617544188      -316.617545527                    35.6
         193        -69.5669833654      -242.786772438      -312.353755803      -316.617544188                    35.8
         194        -69.6120136548      -247.005531594      -316.617545249      -316.617544188                    36.0
         195        -69.5916683625      -245.558166610      -315.149834973      -316.617545249                    36.2
         196        -69.6120136548      -247.005530280      -316.617543935      -316.617545249                    36.4
         197        -69.6120136548      -247.005530192      -316.617543847      -316.617543935                    36.5
         198        -69.6120136548      -247.005533310      -316.617546965      -316.617543847                    36.7
         199        -68.0589232465      -243.961525379      -312.020448626      -316.617546965                    36.9
         200        -69.6120136548      -247.005529882      -316.617543536      -316.617546965                    37.1
         201         54.0162771648      -243.321712514      -189.305435349      -316.617543536                    37.3
         202        -69.6120136548      -247.005527585      -316.617541239      -316.617543536                    37.5
         203        -69.6120136548      -247.005530804      -316.617544459      -316.617541239                    37.7
         204         68.0911285023      -239.840002375      -171.748873873      -316.617544459                    37.9
         205        -69.5916683625      -245.558163729      -315.149832092      -316.617544459                    38.1
         206        -68.6579799820      -246.667564052      -315.325544034      -316.617544459                    38.3
         207        -69.6120136548      -247.005531636      -316.617545291      -316.617544459                    38.5
         208        -69.6120136548      -247.005530388      -316.617544043      -316.617545291                    38.6
         209        -69.6120136548      -247.005530892      -316.617544547      -316.617544043                    38.8
         210         63.7827037326      -244.031022826      -180.248319094      -316.617544547                    39.0
         211        -65.7529868772      -245.770038229      -311.523025106      -316.617544547                    39.2
         212        -69.5916683625      -245.558163504      -315.149831867      -316.617544547                    39.4
         213        -69.6120136548      -247.005528681      -316.617542335      -316.617544547                    39.6
         214        -69.6120136548      -247.005533255      -316.617546910      -316.617542335                    39.8
         215        -69.6120136548      -247.005530208      -316.617543862      -316.617546910                    40.0
         216        -68.6475404091      -245.329999482      -313.977539891      -316.617543862                    40.2
         217        -65.4165571702      -246.629104548      -312.045661718      -316.617543862                    40.4
         218        -66.6134264577      -245.568912476      -312.182338933      -316.617543862                    40.6
         219        -64.6706550067      -245.636690485      -310.307345492      -316.617543862                    40.8
         220        -66.6134264577      -245.568914886      -312.182341343      -316.617543862                    41.0
         221        -68.8091824313      -245.687997562      -314.497179994      -312.182341343                    41.1
         222        -66.5832107397      -243.813945457      -310.397156197      -314.497179994                    41.3
         223        -68.8091824313      -245.687994591      -314.497177022      -314.497179994                    41.5
         224        -65.7529868772      -245.770038945      -311.523025822      -314.497177022                    41.7
         225        -67.9331827558      -246.415137455      -314.348320211      -311.523025822                    41.9
         226        -66.7626236103      -246.656980602      -313.419604212      -314.348320211                    42.1
         227        -68.6579799820      -246.667564588      -315.325544570      -314.348320211                    42.3
         228        -68.6579799820      -246.667566912      -315.325546894      -315.325544570                    42.4
         229        -68.6579799820      -246.667565574      -315.325545556      -315.325546894                    42.6
         230        -68.6579799820      -246.667564184      -315.325544166      -315.325545556                    42.8
         231        -64.8092102088      -245.548947598      -310.358157807      -315.325544166                    43.0
         232        -68.6579799820      -246.667566296      -315.325546278      -315.325544166                    43.2
         233        -68.6579799820      -246.667565904      -315.325545887      -315.325546278                    43.4
         234        -64.3086803325      -243.275875704      -307.584556037      -315.325545887                    43.6
         235        -68.1013778078      -239.672713676      -307.774091484      -315.325545887                    43.8
         236        -69.6120136548      -247.005532170      -316.617545825      -315.325545887                    43.9
         237        -68.0589232465      -243.961527938      -312.020451184      -316.617545825                    44.1
         238        -69.6120136548      -247.005532465      -316.617546120      -316.617545825                    44.3
         239        -69.6379545873      -237.726042630      -307.363997217      -316.617546120                    44.5
         240        -68.9643601384      -245.696456873      -314.660817012      -316.617546120                    44.7
         241        -69.6120136548      -247.005532249      -316.617545904      -316.617546120                    44.9
         242        -69.6120136548      -247.005532194      -316.617545849      -316.617545904                    45.1
         243        -64.6996620866      -242.990194198      -307.689856285      -316.617545849                    45.3
         244        -68.8091824313      -245.687995401      -314.497177833      -316.617545849                    45.5
         245        -69.6120136548      -247.005530082      -316.617543737      -316.617545849                    45.6
         246        -68.6475404091      -245.330009149      -313.977549558      -316.617543737                    45.8
         247        -67.9331827558      -246.415140814      -314.348323570      -316.617543737                    46.0
         248        -69.5916683625      -245.558164546      -315.149832908      -316.617543737                    46.2
         249        -68.4856929179      -243.498569871      -311.984262789      -316.617543737                    46.4
         250        -69.6120136548      -247.005531658      -316.617545313      -316.617543737                    46.6
         251        -67.9986136041      -246.825277428      -314.823891032      -316.617545313                    46.8
         252        -68.8091824313      -245.687996671      -314.497179102      -316.617545313                    47.0
         253        -69.5916683625      -245.558163941      -315.149832303      -316.617545313                    47.2
         254        0.143461657593      -244.406477734      -244.263016076      -316.617545313                    47.3
         255        -68.8091824313      -245.687998076      -314.497180508      -316.617545313                    47.5
         256        -67.9331827558      -246.415143131      -314.348325887      -316.617545313                    47.7
         257        -69.6120136548      -247.005530650      -316.617544304      -316.617545313                    47.9
         258        -69.5669833654      -242.786774429      -312.353757795      -316.617544304                    48.1
         259        -69.5916683625      -245.558166583      -315.149834946      -316.617544304                    48.3
         260        -68.8091824313      -245.687995693      -314.497178124      -315.149834946                    48.5
         261        -68.8091824313      -245.687996021      -314.497178452      -314.497178124                    48.7
         262        -69.6120136548      -247.005531187      -316.617544842      -314.497178452                    48.9
         263        -69.6120136548      -247.005525528      -316.617539183      -316.617544842                    49.0
         264        -69.6120126778      -247.005532651      -316.617545329      -316.617539183                    49.2
         265        -69.6120126778      -247.005529987      -316.617542665      -316.617545329                    49.4
         266        -69.6120126778      -247.005533295      -316.617545972      -316.617542665                    49.6
         267        -69.6120126778      -247.005531437      -316.617544115      -316.617545972                    49.8
         268        -66.5081347016      -244.246929927      -310.755064629      -316.617544115                    50.0
         269        -67.3651130300      -243.726486682      -311.091599712      -316.617544115                    50.2
         270        -69.6120136548      -247.005528932      -316.617542587      -316.617544115                    50.4
         271        -69.5669823068      -242.786772300      -312.353754607      -316.617542587                    50.6
         272        -69.6120136548      -247.005529206      -316.617542861      -316.617542587                    50.8
         273        -69.6120136548      -247.005531778      -316.617545432      -316.617542861                    51.0
         274        -69.6120136548      -247.005533287      -316.617546942      -316.617545432                    51.2
         275        -69.6120136548      -247.005527223      -316.617540878      -316.617546942                    51.4
         276        -69.5916683625      -245.558163339      -315.149831702      -316.617540878                    51.6
         277        -66.6134264577      -245.568909251      -312.182335709      -316.617540878                    51.7
         278        -66.6134264577      -245.568913639      -312.182340097      -316.617540878                    51.9
         279        -69.6120136548      -247.005529140      -316.617542795      -316.617540878                    52.1
         280        -67.9331827558      -246.415134705      -314.348317461      -316.617542795                    52.3
         281        -69.6120136548      -247.005529846      -316.617543501      -316.617542795                    52.5
         282        -69.6120136548      -247.005530486      -316.617544141      -316.617543501                    52.7
         283        -69.6379545873      -237.726044412      -307.363998999      -316.617544141                    52.9
         284        -65.6598536860      -245.294378428      -310.954232114      -316.617544141                    53.1
         285        -69.5916683625      -245.558166764      -315.149835127      -316.617544141                    53.3
         286        -68.6579799820      -246.667564785      -315.325544767      -316.617544141                    53.5
         287        -66.4242069606      -248.447330104      -314.871537064      -315.325544767                    53.7
         288        -70.1327397475      -246.835295690      -316.968035437      -315.325544767                    53.9
         289        -70.1327397475      -246.835295346      -316.968035093      -316.968035437                    54.1
         290        -68.0589232465      -243.961527334      -312.020450581      -316.968035093                    54.3
         291        -67.5145749718      -246.808689600      -314.323264572      -316.968035093                    54.5
         292        -69.1822364623      -246.539064764      -315.721301226      -316.968035093                    54.7
         293        -70.2598229122      -246.032054285      -316.291877197      -316.968035093                    54.9
         294        -70.1327397475      -246.835295148      -316.968034896      -316.968035093                    55.1
         295        -70.1327426417      -246.835296685      -316.968039326      -316.968034896                    55.3
         296        -70.1327426417      -246.835297439      -316.968040081      -316.968039326                    55.5
         297        -67.2676115485      -246.012656458      -313.280268006      -316.968040081                    55.7
         298        -68.7127238073      -247.028885595      -315.741609403      -316.968040081                    55.9
         299        -68.7127238073      -247.028884034      -315.741607841      -316.968040081                    56.1
         300        -70.1327426417      -246.835295869      -316.968038511      -316.968040081                    56.3
         301        -69.3719533776      -246.531873270      -315.903826648      -316.968038511                    56.5
         302        -66.4068431145      -244.512800299      -310.919643413      -315.903826648                    56.7
         303        -69.4282676398      -245.545146590      -314.973414230      -315.903826648                    56.9
         304        -69.3719504999      -246.531874490      -315.903824990      -315.903826648                    57.1
         305        -69.5154316398      -245.776339791      -315.291771431      -315.903824990                    57.3
         306        -68.7327730918      -245.177853335      -313.910626427      -315.291771431                    57.5
         307         71.1690229604      -239.987282184      -168.818259223      -315.291771431                    57.7
         308        -69.4650422066      -246.205237018      -315.670279225      -315.291771431                    57.9
         309        -70.1327397475      -246.835295921      -316.968035668      -315.670279225                    58.1
         310        -70.1327397475      -246.835397485      -316.968137232      -316.968035668                    58.3
         311        -68.3549201380      -245.743643320      -314.098563458      -316.968137232                    58.5
         312        -68.3766016046      -245.257609215      -313.634210819      -316.968137232                    58.7
         313        -66.0192555349      -245.067104202      -311.086359737      -316.968137232                    58.9
         314        -66.4457678441      -246.357854182      -312.803622026      -316.968137232                    59.2
         315        -70.1327397475      -246.835323465      -316.968063212      -316.968137232                    59.4
         316        -70.1327397475      -246.835295765      -316.968035513      -316.968063212                    59.6
         317        -62.2682090167      -245.886253313      -308.154462330      -316.968035513                    59.9
         318        -70.2598229122      -246.032055592      -316.291878504      -316.968035513                    60.1
         319        -67.2676083733      -246.012655567      -313.280263940      -316.291878504                    60.3
         320        -67.2676083733      -246.012655643      -313.280264016      -316.291878504                    60.5
         321        -70.2598229122      -246.032058031      -316.291880943      -316.291878504                    60.7
         322        -62.9361409314      -245.548531335      -308.484672267      -316.291880943                    60.9
         323        -70.2598229122      -246.032056018      -316.291878930      -316.291880943                    61.1
         324        -70.2598229122      -246.032054987      -316.291877899      -316.291878930                    61.3
         325        -70.2598229122      -246.032055054      -316.291877966      -316.291877899                    61.6
         326        -70.2598229122      -246.032053378      -316.291876290      -316.291877966                    61.7
         327        -69.1380319453      -245.571868138      -314.709900084      -316.291876290                    62.0
         328        -68.9315619280      -242.654989572      -311.586551500      -316.291876290                    62.2
         329        -67.2676083733      -246.012656155      -313.280264528      -316.291876290                    62.4
         330        -70.2598220743      -246.032057615      -316.291879689      -316.291876290                    62.6
         331        -70.2598220743      -246.032055833      -316.291877908      -316.291879689                    62.8
         332        -66.5228096958      -246.855513661      -313.378323357      -316.291877908                    63.0
         333        -70.2598229122      -246.032054152      -316.291877064      -316.291877908                    63.2
         334        -69.3719504999      -246.531871254      -315.903821754      -316.291877064                    63.4
         335        -70.2598229122      -246.032051426      -316.291874338      -316.291877064                    63.6
         336        -68.7127209065      -247.028885014      -315.741605921      -316.291874338                    63.8
         337        -67.2676083733      -246.012655866      -313.280264239      -316.291874338                    64.0
         338        -67.8960418042      -247.186168004      -315.082209808      -316.291874338                    64.1
         339        -69.5154316398      -245.776340546      -315.291772186      -315.082209808                    64.3
         340        -61.7255381050      -246.834456153      -308.559994258      -315.291772186                    64.6
         341        -67.3651138398      -243.726484903      -311.091598742      -315.291772186                    64.8
         342        -68.7123203389      -245.946275975      -314.658596314      -315.291772186                    65.0
         343        -66.5832107397      -243.813944605      -310.397155345      -315.291772186                    65.2
         344        -69.3719504999      -246.531872250      -315.903822749      -315.291772186                    65.5
         345        -69.3719504999      -246.531871525      -315.903822025      -315.903822749                    65.7
         346        -68.4692410313      -245.969706704      -314.438947736      -315.903822025                    65.9
         347        -69.1822364623      -246.539063677      -315.721300139      -314.438947736                    66.1
         348        -69.1822364623      -246.539066271      -315.721302733      -315.721300139                    66.3
         349        -68.5011822344      -245.854154798      -314.355337032      -315.721302733                    66.5
         350        -65.3582810129      -245.207033220      -310.565314233      -314.355337032                    66.7
         351        -65.8240046318      -243.160400791      -308.984405423      -314.355337032                    66.9
         352        -68.5011822344      -245.854155075      -314.355337309      -314.355337032                    67.1
         353        -68.5011822344      -245.854152113      -314.355334347      -314.355337309                    67.3
         354        -66.3037473483      -245.676157213      -311.979904561      -314.355334347                    67.5
         355        -66.9937355343      -246.611467419      -313.605202953      -314.355334347                    67.7
         356        -64.9010020701      -248.282234836      -313.183236907      -314.355334347                    67.9
         357        -69.4650422066      -246.205238090      -315.670280297      -314.355334347                    68.1
         358        -68.6402116721      -247.418301112      -316.058512784      -315.670280297                    68.3
         359        -69.2929915551      -245.683997703      -314.976989258      -316.058512784                    68.5
         360        -69.2929915551      -245.683997720      -314.976989275      -314.976989258                    68.7
         361        -69.2929915551      -245.683997597      -314.976989152      -314.976989275                    68.9
         362        -69.2929915551      -245.683998471      -314.976990026      -314.976989152                    69.1
         363        -69.2929915551      -245.683998225      -314.976989780      -314.976990026                    69.3
         364        -66.3037505256      -245.676157380      -311.979907906      -314.976989780                    69.5
         365        -65.3213682735      -245.861907925      -311.183276198      -314.976989780                    69.7
         366        -67.3651138398      -243.726488816      -311.091602656      -314.976989780                    69.9
         367        -69.5669863232      -242.786771211      -312.353757535      -314.976989780                    70.2
         368        -69.2929915551      -245.683995911      -314.976987466      -314.976989780                    70.4
         369        -69.2929915551      -245.683997573      -314.976989129      -314.976987466                    70.6
         370        -69.1380349053      -245.571867572      -314.709902478      -314.976989129                    70.8
         371        -67.3981246599      -244.029878687      -311.428003347      -314.976989129                    71.0
         372        -69.1380349053      -245.571866360      -314.709901265      -314.976989129                    71.2
         373        -69.1380349053      -245.571867158      -314.709902064      -314.709901265                    71.4
         374        -68.7127238073      -247.029240029      -315.741963837      -314.709902064                    71.6
         375        -66.5700060263      -249.919082845      -316.489088871      -315.741963837                    71.8
         376         56.7685836515      -244.281348466      -187.512764814      -316.489088871                    72.1
         377        -66.5700019676      -249.919079305      -316.489081272      -316.489088871                    72.3
         378        -67.4884305222      -249.752425664      -317.240856186      -316.489081272                    72.5
         379         67.4216304721      -245.065805791      -177.644175319      -317.240856186                    72.7
         380        -67.4884305223      -249.752428701      -317.240859223      -317.240856186                    72.9
         381        -67.4884318245      -249.752433958      -317.240865782      -317.240859223                    73.1
         382        -67.4884318245      -249.752429465      -317.240861290      -317.240865782                    73.3
         383        -67.4884318245      -249.752430108      -317.240861933      -317.240861290                    73.5
         384        -67.4884305223      -249.752431830      -317.240862353      -317.240861933                    73.7
         385        -67.4884305223      -249.752429739      -317.240860262      -317.240862353                    73.9
         386        -65.2854677075      -249.300886580      -314.586354288      -317.240860262                    74.1
         387        -68.6904815542      -248.074301939      -316.764783493      -317.240860262                    74.3
         388        -64.3465278691      -250.487627486      -314.834155355      -317.240860262                    74.6
         389        -65.3542712210      -248.220253772      -313.574524993      -317.240860262                    74.8
         390        -67.4884305223      -249.752431697      -317.240862219      -317.240860262                    75.0
         391        -63.6289030606      -250.196782018      -313.825685079      -317.240862219                    75.2
         392         56.7832169218      -244.044227940      -187.261011019      -317.240862219                    75.5
         393         67.0317881305      -243.046932734      -176.015144603      -317.240862219                    75.7
         394        -67.4884305223      -249.752432603      -317.240863125      -317.240862219                    75.9
         395        -66.7648614393      -249.462775001      -316.227636440      -317.240863125                    76.1
         396        -68.9027323183      -240.782189726      -309.684922044      -317.240863125                    76.4
         397        -67.4884305223      -249.752430544      -317.240861067      -317.240863125                    76.6
         398        -63.6622690472      -250.629776961      -314.292046008      -317.240861067                    76.8
         399        -66.7752361554      -249.576306456      -316.351542612      -317.240861067                    77.1
         400        -67.4884305223      -249.752431520      -317.240862043      -317.240861067                    77.3
         401        -64.9876365328      -249.017021866      -314.004658399      -317.240862043                    77.5
         402        -66.2689916154      -249.912122900      -316.181114515      -317.240862043                    77.7
         403        -64.3465278691      -250.487626561      -314.834154430      -317.240862043                    77.9
         404        -64.6052783326      -250.703756452      -315.309034784      -317.240862043                    78.1
         405        -63.5434086326      -250.426584638      -313.969993271      -315.309034784                    78.3
         406        -66.3528709372      -249.906729177      -316.259600114      -315.309034784                    78.6
         407         67.1182411872      -245.483868167      -178.365626980      -316.259600114                    78.8
         408        -66.3528709372      -249.906729269      -316.259600206      -316.259600114                    79.0
         409        -66.3528709372      -249.906728752      -316.259599689      -316.259600206                    79.2
         410        -66.0532890332      -249.248397767      -315.301686800      -316.259599689                    79.5
         411        -63.4654334482      -250.452886874      -313.918320322      -316.259599689                    79.7
         412        -66.3528709372      -249.906729404      -316.259600341      -316.259599689                    79.9
         413        -66.4318988759      -249.877121856      -316.309020732      -316.259600341                    80.1
         414        -63.5434086326      -250.426581048      -313.969989680      -316.309020732                    80.3
         415        -64.2005923718      -249.194667348      -313.395259719      -316.309020732                    80.5
         416        -66.4318988759      -249.876857255      -316.308756131      -316.309020732                    80.7
         417        -66.4318988759      -249.876973467      -316.308872343      -316.308756131                    80.9
         418        -65.4458032048      -250.333133287      -315.778936492      -316.308872343                    81.1
         419        -66.4318988759      -249.876971487      -316.308870363      -315.778936492                    81.3
         420        -65.7687129810      -249.376561644      -315.145274625      -316.308870363                    81.5
         421        -66.7219773026      -250.218749371      -316.940726673      -316.308870363                    81.7
         422        -63.0213349920      -249.518217959      -312.539552951      -316.940726673                    81.9
         423        -65.6558008644      -249.945643887      -315.601444752      -316.940726673                    82.1
         424        -68.3455658283      -249.266801864      -317.612367692      -316.940726673                    82.4
         425        -68.3455658283      -249.266768570      -317.612334398      -317.612367692                    82.7
         426        -64.7233098043      -250.144588368      -314.867898173      -317.612334398                    82.9
         427        -66.2224633667      -248.811314474      -315.033777841      -317.612334398                    83.1
         428        -68.3455658283      -249.266753409      -317.612319238      -317.612334398                    83.3
         429        -67.2691666357      -249.062287488      -316.331454124      -317.612319238                    83.5
         430        -67.6494096156      -248.794625811      -316.444035427      -317.612319238                    83.8
         431        -68.3455658283      -249.266815138      -317.612380967      -316.444035427                    84.0
         432        -67.5661018301      -249.338324813      -316.904426643      -317.612380967                    84.2
         433        -68.3455658283      -249.266752889      -317.612318718      -317.612380967                    84.4
         434        -68.0530744714      -248.337639782      -316.390714254      -317.612318718                    84.6
         435        -67.0837291311      -248.604379031      -315.688108162      -316.390714254                    84.8
         436        -68.8724987305      -248.530010500      -317.402509230      -316.390714254                    85.0
         437        -68.8724987305      -248.530007440      -317.402506171      -317.402509230                    85.2
         438        -64.7337115968      -242.605890003      -307.339601600      -317.402506171                    85.4
         439         2.43357442869      -248.884696347      -246.451121918      -317.402506171                    85.6
         440        -68.8724987305      -248.530008476      -317.402507206      -317.402506171                    85.8
         441        -67.7650493970      -248.288477783      -316.053527180      -317.402507206                    86.0
         442        -68.1671367755      -247.955927983      -316.123064759      -316.053527180                    86.2
         443        -68.1671367755      -247.955934140      -316.123070916      -316.123064759                    86.4
         444        -66.8458656089      -248.395017109      -315.240882718      -316.123070916                    86.6
         445        -68.1671367755      -247.955931353      -316.123068129      -316.123070916                    86.8
         446        -68.1671367755      -247.955930427      -316.123067203      -316.123068129                    87.0
         447        -69.1053415614      -241.833010137      -310.938351698      -316.123067203                    87.3
         448        -68.6904808834      -248.074306132      -316.764787015      -316.123067203                    87.4
         449        -69.1053415614      -241.833011740      -310.938353302      -316.764787015                    87.6
         450        -68.3410073601      -247.243148143      -315.584155503      -316.764787015                    87.8
         451        -69.2735247156      -248.207507469      -317.481032185      -316.764787015                    88.0
         452        -69.2735247156      -248.207510145      -317.481034860      -317.481032185                    88.3
         453        -69.2735247156      -248.207506728      -317.481031443      -317.481034860                    88.5
         454         54.6839183628      -245.749037104      -191.065118741      -317.481031443                    88.7
         455        -67.9529901494      -248.638593920      -316.591584069      -317.481031443                    88.9
         456        -66.7641712704      -246.998644199      -313.762815470      -317.481031443                    89.1
         457        -66.7641712704      -246.998646590      -313.762817861      -317.481031443                    89.3
         458        -69.2735247156      -248.207508159      -317.481032875      -317.481031443                    89.5
         459        -66.2105098320      -244.872314921      -311.082824753      -317.481032875                    89.7
         460        -64.6598774466      -247.496460482      -312.156337929      -317.481032875                    90.0
         461        -64.4814310622      -247.195693275      -311.677124337      -317.481032875                    90.2
         462        -64.8731378557      -247.937370429      -312.810508285      -317.481032875                    90.4
         463        -65.5700154933      -248.547458265      -314.117473758      -317.481032875                    90.6
         464        -66.0300034034      -248.855415467      -314.885418870      -317.481032875                    90.8
         465         66.9467732922      -241.077457223      -174.130683931      -317.481032875                    91.1
         466        -68.9967124736      -246.652332899      -315.649045372      -317.481032875                    91.3
         467        -69.2735247156      -248.207504610      -317.481029326      -317.481032875                    91.5
         468        -64.4814310622      -247.195699229      -311.677130291      -317.481029326                    91.7
         469        -69.2735253335      -248.207505972      -317.481031305      -317.481029326                    91.9
         470        -69.2735253335      -248.207508645      -317.481033978      -317.481031305                    92.2
         471        -69.2735253335      -248.207506543      -317.481031877      -317.481033978                    92.4
         472        -65.4478453868      -243.985024100      -309.432869487      -317.481031877                    92.6
         473        -65.8383184778      -245.033023717      -310.871342195      -317.481031877                    92.9
         474        -69.2735253335      -248.207510895      -317.481036228      -317.481031877                    93.1
         475        -67.1295047670      -248.472636315      -315.602141082      -317.481036228                    93.3
         476        -63.8653449817      -247.512312391      -311.377657372      -317.481036228                    93.5
         477        -68.2591532789      -241.571007853      -309.830161132      -317.481036228                    93.7
         478        -69.2735253335      -248.207507060      -317.481032393      -317.481036228                    93.9
         479        -67.9529907492      -248.638593794      -316.591584543      -317.481032393                    94.2
         480        -68.2591532789      -241.571008598      -309.830161877      -317.481032393                    94.4
         481        -69.2735253335      -248.207507740      -317.481033073      -317.481032393                    94.6
         482        -68.2591555422      -241.571012513      -309.830168055      -317.481033073                    94.8
         483        -63.7867937468      -245.750781571      -309.537575318      -317.481033073                    95.0
         484        -69.2735253335      -248.207508696      -317.481034030      -317.481033073                    95.2
         485        -69.2735281825      -248.207509199      -317.481037381      -317.481034030                    95.4
         486        -62.6906632313      -247.049902487      -309.740565718      -317.481037381                    95.6
         487        -69.2735281825      -248.207506039      -317.481034221      -317.481037381                    95.8
         488        -67.5845251252      -248.888684435      -316.473209560      -317.481034221                    96.0
         489        -67.5845251252      -248.888685618      -316.473210744      -316.473209560                    96.2
         490         56.3667534943      -244.107460751      -187.740707257      -316.473210744                    96.5
         491        -67.0410418849      -250.066834929      -317.107876814      -316.473210744                    96.6
         492        -67.2781984721      -249.481769160      -316.759967632      -317.107876814                    96.8
         493        -67.1209916324      -249.019982194      -316.140973826      -317.107876814                    97.1
         494        -67.1209916324      -249.019982113      -316.140973745      -316.140973826                    97.3
         495        -65.7054564254      -246.620724518      -312.326180944      -316.140973745                    97.5
         496        -61.4802678959      -245.619444135      -307.099712031      -316.140973745                    97.7
         497        -66.3128630710      -249.145430253      -315.458293324      -316.140973745                    97.9
         498        -64.2641649552      -249.277551412      -313.541716367      -316.140973745                    98.1
         499        -65.8293079817      -250.767444862      -316.596752843      -316.140973745                    98.3
         500        -62.9569119757      -251.068700357      -314.025612332      -316.596752843                    98.6
F          1        -68.3455658283      -249.266752706      -317.612318534      -316.596752843                    98.7
F          2        -69.2735281825      -248.207507667      -317.481035850      -316.596752843                    98.8
F          3        -68.8724987305      -248.530008125      -317.402506856      -316.596752843                    98.9
F          4        -67.4884318245      -249.752431045      -317.240862869      -316.596752843                    99.1
F          5        -67.0410418849      -250.066833469      -317.107875354      -316.596752843                    99.2
F          6        -70.1327397475      -246.835385283      -316.968125030      -316.596752843                    99.3
F          7        -66.7219773026      -250.215472096      -316.937449399      -316.596752843                    99.4
F          8        -67.5661018301      -249.338323874      -316.904425705      -316.596752843                    99.5
F          9        -68.6904808834      -248.074306636      -316.764787519      -316.596752843                    99.7
F         10        -67.2781984721      -249.481770642      -316.759969115      -316.596752843                    99.8
F         11        -69.6120165536      -247.005530927      -316.617547480      -316.596752843                    99.9
F         12        -65.8293079817      -250.767444490      -316.596752472      -316.596752843                   100.0
F         13        -67.9529907492      -248.638595569      -316.591586318      -316.596752843                   100.2
F         14        -66.5700060263      -249.919081987      -316.489088013      -316.596752843                   100.3
F         15        -67.5845251252      -248.888683995      -316.473209120      -316.596752843                   100.4
F         16        -67.6494096156      -248.794624346      -316.444033961      -316.596752843                   100.5
F         17        -68.0530744714      -248.337638383      -316.390712854      -316.596752843                   100.7
F         18        -66.7752361554      -249.576239006      -316.351475161      -316.596752843                   100.8
F         19        -67.2691666357      -249.062287232      -316.331453868      -316.596752843                   100.9
F         20        -66.4318988759      -249.876973141      -316.308872017      -316.596752843                   101.1
