         1    -313.8427419    
         2    -314.6608188    
         3    -314.6608188    
         4    -314.6608188    
         5    -314.6608188    
         6    -314.6608172    
         7    -314.4971831    
         8    -314.4971819    
         9    -315.1498360    
        10    -315.1498358    
        11    -315.1498364    
        12    -315.1498364    
        13    -315.1498366    
        14    -316.6175469    
        15    -316.6175500    
        16    -316.6175500    
        17    -315.3255481    
        18    -315.3255467    
        19    -315.3255467    
        20    -315.3255492    
        21    -315.3255492    
        22    -315.3255492    
        23    -315.3255492    
        24    -315.3255492    
        25    -315.3255492    
        26    -315.3255484    
        27    -315.3255484    
        28    -315.3255463    
        29    -315.3255463    
        30    -315.3255463    
        31    -315.3255463    
        32    -315.3255463    
        33    -315.3255477    
        34    -315.3255480    
        35    -315.3255480    
        36    -316.6175482    
        37    -315.3255491    
        38    -315.3255491    
        39    -315.3255491    
        40    -315.3255477    
        41    -315.3255488    
        42    -315.3255484    
        43    -315.3255484    
        44    -315.3255454    
        45    -315.3255496    
        46    -315.3255465    
        47    -315.3255465    
        48    -315.3255475    
        49    -315.3255487    
        50    -315.3255487    
        51    -315.3255487    
        52    -315.3255495    
        53    -315.3255461    
        54    -315.3255461    
        55    -315.3255478    
        56    -315.3255468    
        57    -315.3255468    
        58    -315.3255460    
        59    -315.3255448    
        60    -315.3255448    
        61    -315.3255438    
        62    -315.3255451    
        63    -315.3255451    
        64    -315.3255451    
        65    -315.3255453    
        66    -315.3255453    
        67    -315.3255453    
        68    -315.3255440    
        69    -315.3255440    
        70    -315.3255440    
        71    -315.3255440    
        72    -315.3255440    
        73    -315.3255447    
        74    -315.3255451    
        75    -315.3255451    
        76    -315.3255451    
        77    -315.3255471    
        78    -315.3255444    
        79    -315.3255450    
        80    -315.3255450    
        81    -315.3255450    
        82    -315.3255450    
        83    -315.3255450    
        84    -315.3255450    
        85    -315.3255435    
        86    -315.3255449    
        87    -315.3255461    
        88    -315.3255461    
        89    -315.3255453    
        90    -315.3255453    
        91    -315.3255448    
        92    -315.3255448    
        93    -315.3255448    
        94    -315.3255451    
        95    -315.3255452    
        96    -315.3255475    
        97    -315.3255446    
        98    -316.0581595    
        99    -316.0581595    
       100    -316.0581601    
       101    -316.0581575    
       102    -316.0581595    
       103    -316.0581585    
       104    -316.0581585    
       105    -316.9680371    
       106    -316.9680371    
       107    -316.9680371    
       108    -316.9680342    
       109    -316.9680342    
       110    -316.9680342    
       111    -316.2918771    
       112    -316.2918771    
       113    -316.2918770    
       114    -315.6702762    
       115    -314.0985633    
       116    -314.0985633    
       117    -314.0985638    
       118    -314.7099049    
       119    -314.7099006    
       120    -314.7099013    
       121    -314.7098997    
       122    -316.2918762    
       123    -316.2918762    
       124    -316.2918781    
       125    -316.2918781    
       126    -316.2918750    
       127    -316.2918797    
       128    -316.2918789    
       129    -316.2918789    
       130    -316.2918789    
       131    -316.2918775    
       132    -316.2918775    
       133    -316.2918775    
       134    -316.2918775    
       135    -316.2918779    
       136    -315.9038232    
       137    -315.9038211    
       138    -315.9038229    
       139    -315.9038215    
       140    -315.9038201    
       141    -315.9038201    
       142    -315.9038201    
       143    -315.9038201    
       144    -315.9038223    
       145    -315.9038223    
       146    -316.9680370    
       147    -316.9680370    
       148    -316.9680370    
       149    -316.9680349    
       150    -316.9680349    
       151    -316.9680349    
       152    -316.9680349    
       153    -316.9680368    
       154    -316.9680368    
       155    -316.9680319    
       156    -316.9680319    
       157    -316.9680319    
       158    -316.9680350    
       159    -316.9680345    
       160    -316.9680358    
       161    -316.6175444    
       162    -316.6175444    
       163    -316.6175444    
       164    -316.6175442    
       165    -316.6175437    
       166    -316.6175437    
       167    -315.1498335    
       168    -315.1498335    
       169    -315.1498335    
       170    -316.6175429    
       171    -316.6175437    
       172    -316.6175437    
       173    -316.6175437    
       174    -316.6175448    
       175    -316.6175448    
       176    -316.6175429    
       177    -316.6175429    
       178    -316.6175429    
       179    -316.6175427    
       180    -316.6175455    
       181    -316.6175436    
       182    -316.6175437    
       183    -316.6175448    
       184    -316.6175448    
       185    -316.6175448    
       186    -316.6175448    
       187    -316.6175419    
       188    -316.6175419    
       189    -316.6175447    
       190    -316.6175447    
       191    -316.6175447    
       192    -316.6175455    
       193    -316.6175442    
       194    -316.6175442    
       195    -316.6175452    
       196    -316.6175452    
       197    -316.6175439    
       198    -316.6175438    
       199    -316.6175470    
       200    -316.6175470    
       201    -316.6175435    
       202    -316.6175435    
       203    -316.6175412    
       204    -316.6175445    
       205    -316.6175445    
       206    -316.6175445    
       207    -316.6175445    
       208    -316.6175453    
       209    -316.6175440    
       210    -316.6175445    
       211    -316.6175445    
       212    -316.6175445    
       213    -316.6175445    
       214    -316.6175423    
       215    -316.6175469    
       216    -316.6175439    
       217    -316.6175439    
       218    -316.6175439    
       219    -316.6175439    
       220    -316.6175439    
       221    -312.1823413    
       222    -314.4971800    
       223    -314.4971800    
       224    -314.4971770    
       225    -311.5230258    
       226    -314.3483202    
       227    -314.3483202    
       228    -315.3255446    
       229    -315.3255469    
       230    -315.3255456    
       231    -315.3255442    
       232    -315.3255442    
       233    -315.3255463    
       234    -315.3255459    
       235    -315.3255459    
       236    -315.3255459    
       237    -316.6175458    
       238    -316.6175458    
       239    -316.6175461    
       240    -316.6175461    
       241    -316.6175461    
       242    -316.6175459    
       243    -316.6175458    
       244    -316.6175458    
       245    -316.6175458    
       246    -316.6175437    
       247    -316.6175437    
       248    -316.6175437    
       249    -316.6175437    
       250    -316.6175437    
       251    -316.6175453    
       252    -316.6175453    
       253    -316.6175453    
       254    -316.6175453    
       255    -316.6175453    
       256    -316.6175453    
       257    -316.6175453    
       258    -316.6175443    
       259    -316.6175443    
       260    -315.1498349    
       261    -314.4971781    
       262    -314.4971785    
       263    -316.6175448    
       264    -316.6175392    
       265    -316.6175453    
       266    -316.6175427    
       267    -316.6175460    
       268    -316.6175441    
       269    -316.6175441    
       270    -316.6175441    
       271    -316.6175426    
       272    -316.6175426    
       273    -316.6175429    
       274    -316.6175454    
       275    -316.6175469    
       276    -316.6175409    
       277    -316.6175409    
       278    -316.6175409    
       279    -316.6175409    
       280    -316.6175428    
       281    -316.6175428    
       282    -316.6175435    
       283    -316.6175441    
       284    -316.6175441    
       285    -316.6175441    
       286    -316.6175441    
       287    -315.3255448    
       288    -315.3255448    
       289    -316.9680354    
       290    -316.9680351    
       291    -316.9680351    
       292    -316.9680351    
       293    -316.9680351    
       294    -316.9680351    
       295    -316.9680349    
       296    -316.9680393    
       297    -316.9680401    
       298    -316.9680401    
       299    -316.9680401    
       300    -316.9680401    
       301    -316.9680385    
       302    -315.9038266    
       303    -315.9038266    
       304    -315.9038266    
       305    -315.9038250    
       306    -315.2917714    
       307    -315.2917714    
       308    -315.2917714    
       309    -315.6702792    
       310    -316.9680357    
       311    -316.9681372    
       312    -316.9681372    
       313    -316.9681372    
       314    -316.9681372    
       315    -316.9681372    
       316    -316.9680632    
       317    -316.9680355    
       318    -316.9680355    
       319    -316.2918785    
       320    -316.2918785    
       321    -316.2918785    
       322    -316.2918809    
       323    -316.2918809    
       324    -316.2918789    
       325    -316.2918779    
       326    -316.2918780    
       327    -316.2918763    
       328    -316.2918763    
       329    -316.2918763    
       330    -316.2918763    
       331    -316.2918797    
       332    -316.2918779    
       333    -316.2918779    
       334    -316.2918771    
       335    -316.2918771    
       336    -316.2918743    
       337    -316.2918743    
       338    -316.2918743    
       339    -315.0822098    
       340    -315.2917722    
       341    -315.2917722    
       342    -315.2917722    
       343    -315.2917722    
       344    -315.2917722    
       345    -315.9038227    
       346    -315.9038220    
       347    -314.4389477    
       348    -315.7213001    
       349    -315.7213027    
       350    -314.3553370    
       351    -314.3553370    
       352    -314.3553370    
       353    -314.3553373    
       354    -314.3553343    
       355    -314.3553343    
       356    -314.3553343    
       357    -314.3553343    
       358    -315.6702803    
       359    -316.0585128    
       360    -314.9769893    
       361    -314.9769893    
       362    -314.9769892    
       363    -314.9769900    
       364    -314.9769898    
       365    -314.9769898    
       366    -314.9769898    
       367    -314.9769898    
       368    -314.9769898    
       369    -314.9769875    
       370    -314.9769891    
       371    -314.9769891    
       372    -314.9769891    
       373    -314.7099013    
       374    -314.7099021    
       375    -315.7419638    
       376    -316.4890889    
       377    -316.4890889    
       378    -316.4890813    
       379    -317.2408562    
       380    -317.2408562    
       381    -317.2408592    
       382    -317.2408658    
       383    -317.2408613    
       384    -317.2408619    
       385    -317.2408624    
       386    -317.2408603    
       387    -317.2408603    
       388    -317.2408603    
       389    -317.2408603    
       390    -317.2408603    
       391    -317.2408622    
       392    -317.2408622    
       393    -317.2408622    
       394    -317.2408622    
       395    -317.2408631    
       396    -317.2408631    
       397    -317.2408631    
       398    -317.2408611    
       399    -317.2408611    
       400    -317.2408611    
       401    -317.2408620    
       402    -317.2408620    
       403    -317.2408620    
       404    -317.2408620    
       405    -315.3090348    
       406    -315.3090348    
       407    -316.2596001    
       408    -316.2596001    
       409    -316.2596002    
       410    -316.2595997    
       411    -316.2595997    
       412    -316.2595997    
       413    -316.2596003    
       414    -316.3090207    
       415    -316.3090207    
       416    -316.3090207    
       417    -316.3087561    
       418    -316.3088723    
       419    -315.7789365    
       420    -316.3088704    
       421    -316.3088704    
       422    -316.9407267    
       423    -316.9407267    
       424    -316.9407267    
       425    -317.6123677    
       426    -317.6123344    
       427    -317.6123344    
       428    -317.6123344    
       429    -317.6123192    
       430    -317.6123192    
       431    -316.4440354    
       432    -317.6123810    
       433    -317.6123810    
       434    -317.6123187    
       435    -316.3907143    
       436    -316.3907143    
       437    -317.4025092    
       438    -317.4025062    
       439    -317.4025062    
       440    -317.4025062    
       441    -317.4025072    
       442    -316.0535272    
       443    -316.1230648    
       444    -316.1230709    
       445    -316.1230709    
       446    -316.1230681    
       447    -316.1230672    
       448    -316.1230672    
       449    -316.7647870    
       450    -316.7647870    
       451    -316.7647870    
       452    -317.4810322    
       453    -317.4810349    
       454    -317.4810314    
       455    -317.4810314    
       456    -317.4810314    
       457    -317.4810314    
       458    -317.4810314    
       459    -317.4810329    
       460    -317.4810329    
       461    -317.4810329    
       462    -317.4810329    
       463    -317.4810329    
       464    -317.4810329    
       465    -317.4810329    
       466    -317.4810329    
       467    -317.4810329    
       468    -317.4810293    
       469    -317.4810293    
       470    -317.4810313    
       471    -317.4810340    
       472    -317.4810319    
       473    -317.4810319    
       474    -317.4810319    
       475    -317.4810362    
       476    -317.4810362    
       477    -317.4810362    
       478    -317.4810362    
       479    -317.4810324    
       480    -317.4810324    
       481    -317.4810324    
       482    -317.4810331    
       483    -317.4810331    
       484    -317.4810331    
       485    -317.4810340    
       486    -317.4810374    
       487    -317.4810374    
       488    -317.4810342    
       489    -316.4732096    
       490    -316.4732107    
       491    -316.4732107    
       492    -317.1078768    
       493    -317.1078768    
       494    -316.1409738    
       495    -316.1409737    
       496    -316.1409737    
       497    -316.1409737    
       498    -316.1409737    
       499    -316.1409737    
       500    -316.5967528    
