    -169.28115717299024823    
    -169.28190828177446292    
    -169.28195036766410908    
    -169.28247302320457379    
    -169.28393698437278658    
    -169.28513040040050441    
    -169.28628020391479936    
    -169.28691276410287969    
    -169.28715610256986679    
    -169.28779958599093902    
    -169.28878849075425705    
    -169.28985615032235046    
    -169.29391942750939393    
    -169.30456089610913750    
    -169.30901257332428145    
    -169.31053106388554852    
    -169.31269926319725982    
    -169.31339333752825382    
    -169.31409008870576827    
    -169.31437259666896011    
    -169.31474588341924914    
    -169.31493427490028125    
    -169.31523899507374153    
    -169.31559382490524968    
    -169.31568853883143788    
    -169.31609353506789262    
    -169.31620106920598801    
    -169.31642264598536940    
    -169.31647683147846806    
    -169.31651515637224747    
    -169.31652529888944514    
    -169.31657101996438541    
    -169.31660240372940507    
    -169.31661234249631320    
    -169.31663283244611762    
    -169.31663884281675791    
    -169.31665166399679379    
    -169.31666543186764784    
    -169.31666836025789280    
    -169.31667938463903056    
    -169.31668482053410685    
    -169.31669023530503182    
    -169.31669380619436538    
    -169.31669573546420793    
    -169.31669810048549607    
    -169.31669857176098049    
    -169.31670063820442351    
    -169.31670144112848675    
    -169.31670161563101829    
    -169.31670215299075721    
    -169.31670240280649864    
    -169.31670255780775847    
    -169.31670279983603677    
    -169.31670284864199516    
    -169.31670294531704712    
    -169.31670298998912472    
    -169.31670304270880933    
    -169.31670307522750818    
    -169.31670310982255501    
    -169.31670315674276139    
    -169.31670316601136506    
    -169.31670319846330131    
    -169.31670321652484290    
    -169.31670322475542889    
    -169.31670324718359666    
    -169.31670325095123530    
    -169.31670325822028644    
    -169.31670325933788490    
    -169.31670326408556093    
    -169.31670326733981824    
    -169.31670326766371204    
    -169.31670326975185503    
    -169.31670327013549127    
    -169.31670327105126717    
    -169.31670327130748888    
    -169.31670327171588042    
    -169.31670327185398151    
    -169.31670327198844461    
    -169.31670327213618066    
    -169.31670327216971828    
    -169.31670327228880524    
    -169.31670327230673934    
    -169.31670327232944828    
    -169.31670327234465390    
    -169.31670327235823947    
    -169.31670327237273455    
    -169.31670327238347795    
    -169.31670327237762308    
    -169.31670327240536267    
    -169.31670327240752272    
    -169.31670327241147334    
    -169.31670327241323548    
    -169.31670327241653240    
    -169.31670327241792506    
    -169.31670327241943141    
    -169.31670327242153462    
    -169.31670327241704399    
    -169.31670327242269991    
    -169.28195059848675896    
    -169.28200431954195437    
    -169.28286214601931192    
    -169.28813947930365202    
    -169.31368048192177866    
    -169.31943468360617544    
    -169.32701104290069338    
    -169.33606100938393979    
    -169.34635913454522438    
    -169.35334277966092031    
    -169.38833887622428165    
    -169.38916593492061224    
    -169.41051735101723352    
    -169.41312276451313323    
    -169.41788809404835092    
    -169.42542302573227175    
    -169.43627214346403775    
    -169.44577732492442124    
    -169.45196105360082584    
    -169.45687320241086127    
    -169.46246457857182577    
    -169.46459241815412611    
    -169.46674661605453593    
    -169.46814481218149240    
    -169.46917157509008689    
    -169.46973977772955777    
    -169.47095253557469618    
    -169.47124354242100708    
    -169.47184698745988385    
    -169.47283319406253099    
    -169.47404245075011886    
    -169.47572768587892256    
    -169.47748835707881199    
    -169.48018099053996366    
    -169.48205269089061176    
    -169.48465687215329467    
    -169.48755798863371069    
    -169.48883489540597225    
    -169.49049763363325383    
    -169.49228705603047729    
    -169.49373998851601186    
    -169.49507418850683393    
    -169.49626758202791166    
    -169.49749488751928084    
    -169.49893128886867544    
    -169.49997395683882928    
    -169.50083823966321006    
    -169.50144080223117271    
    -169.50203082559289669    
    -169.50239509751648370    
    -169.50288189986645193    
    -169.50304534627636599    
    -169.50328318340430656    
    -169.50350779106315713    
    -169.50377406070117559    
    -169.50395683299231564    
    -169.50413338441629207    
    -169.50445486226649905    
    -169.50450653944889723    
    -169.50464681659059352    
    -169.50473973304664810    
    -169.50480960592028623    
    -169.50489680367311962    
    -169.50495074953204266    
    -169.50510078341889653    
    -169.50535507229903942    
    -169.51713947557325923    
    -169.51879055307563249    
    -169.52167830559065465    
    -169.52615405305039076    
    -169.53146768066676486    
    -169.53749950117898493    
    -169.54453098393486243    
    -169.55214263327886215    
    -169.56013286414776076    
    -169.56922732561267253    
    -169.57900761262115452    
    -169.59313246455931790    
    -169.61827693084595126    
    -169.62903854289086780    
    -169.67175897557694952    
    -169.71371587726358143    
    -169.76402001968230593    
    -169.81959717381906216    
    -169.85872794816907572    
    -169.90356815557049686    
    -169.94275720385951445    
    -169.97426678743616435    
    -169.99729338532225142    
    -170.01759533918826151    
    -170.03005427065252775    
    -170.05199212008253085    
    -170.06297064236690630    
    -170.07974880426860409    
    -170.10778172055793789    
    -170.12114789316586894    
    -170.15875755512399792    
    -170.17796472458107360    
    -170.19103782211320208    
    -170.19858443699524742    
    -170.20371566347395742    
    -170.20931655722546338    
    -170.21171039706297279    
    -170.21421569963595744    
    -170.21671729929991557    
    -170.21859663915103056    
    -170.21919429314070271    
    -170.22170743420613803    
    -170.22218574333606966    
    -170.22299168813887604    
    -170.22314099644398766    
    -170.22385339973442342    
    -170.22409271770911232    
    -170.22444437575899201    
    -170.22491914054620565    
    -170.22530648904321993    
    -170.22577386990295167    
    -170.22616220002069554    
    -170.22658943116124419    
    -170.22762043014904521    
    -170.22786664195572826    
    -170.22888824717071543    
    -170.22940138786296416    
    -170.23006098360150418    
    -170.23037661338628368    
    -170.23061656838865474    
    -170.23062063681939549    
    -170.23089663186570419    
    -170.23093458032630565    
    -170.23100456997968877    
    -170.23102290846264850    
    -170.23108506600263468    
    -170.23110682485258849    
    -170.23112713622600722    
    -170.23115691136285932    
    -170.23116328439388667    
    -170.23118728182399195    
    -170.23120360076595148    
    -170.23122363125588663    
    -170.23123375284100689    
    -170.23123674769701097    
    -170.23124635238445990    
    -170.23124836603869880    
    -170.23125181940685025    
    -170.23125512841798468    
    -170.23125730843327119    
    -170.23125883715755435    
    -170.23125979265799401    
    -170.23126079864826465    
    -170.23126102548056338    
    -170.23126196089606310    
    -170.23126214955621549    
    -170.23126245716105132    
    -170.23126262514873019    
    -170.23126271917720942    
    -170.23126283431551542    
    -170.23126283642767476    
    -170.23126291526531872    
    -170.23126293217035254    
    -170.23126297446447097    
    -170.23126298548478985    
    -170.23126302281599465    
    -170.23126303559422468    
    -170.23126304647573193    
    -170.23126306177215383    
    -170.23126306452451217    
    -170.23126307312429617    
    -170.23126307699664039    
    -170.23126308117119265    
    -170.23126308386949290    
    -170.23126309233236952    
    -170.23126309818982804    
    -170.23126310498744829    
    -170.23126311169639280    
    -170.23126311607867933    
    -170.23126312153155482    
    -170.23126312635710633    
    -170.23126312773857194    
    -170.23126312926268611    
    -170.23126312960650353    
    -170.23126313058634196    
    -170.23126313083244554    
    -170.23126313112493335    
    -170.23126313153349543    
    -170.23126313148821964    
    -170.23126313184317837    
    -170.23126313188421932    
    -170.23126313195410830    
    -170.23126313193785109    
    -170.23126313199273341    
    -170.23126313199966830    
    -170.23126313200936011    
    -170.23126313201646553    
    -170.23126313200640425    
    -170.23126313202260462    
    -170.23126313202371307    
    -170.23126313202902793    
    -170.23126313203152904    
    -170.23126313203320592    
    -170.23126313203397331    
