    -1.115281776        -172.8777364         1
    -1.115281690        -172.8777364         2
    -1.115281586        -172.8777364         3
    -1.115281406        -172.8777364         4
    -1.115281124        -172.8777364         5
    -1.115280820        -172.8777364         6
    -1.115280586        -172.8777364         7
    -1.115280447        -172.8777364         8
    -1.115280056        -172.8777364         9
    -1.115278504        -172.8777364        10
    -1.115276846        -172.8777364        11
    -1.115276287        -172.8777364        12
    -1.115274805        -172.8777364        13
    -1.115268912        -172.8777364        14
    -1.115265344        -172.8777364        15
    -1.115262938        -172.8777364        16
    -1.115255825        -172.8777364        17
    -1.115238641        -172.8777364        18
    -1.115229750        -172.8777364        19
    -1.115222236        -172.8777364        20
    -1.115211428        -172.8777364        21
    -1.115168893        -172.8777364        22
    -1.115133781        -172.8777363        23
    -1.115111145        -172.8777363        24
    -1.115092344        -172.8777362        25
    -1.114992405        -172.8777361        26
    -1.114877001        -172.8777358        27
    -1.114781370        -172.8777353        28
    -1.114740824        -172.8777349        29
    -1.114640474        -172.8777338        30
    -1.114342330        -172.8777328        31
    -1.114223820        -172.8777316        32
    -1.113957036        -172.8777284        33
    -1.113898878        -172.8777269        34
    -1.113210279        -172.8777118        35
    -1.112772367        -172.8776976        36
    -1.112338700        -172.8776742        37
    -1.111888706        -172.8775979        38
    -1.110384492        -172.8775457        39
    -1.106658174        -172.8771238        40
    -1.106114342        -172.8770074        41
    -1.101778078        -172.8761701        42
    -1.097202043        -172.8748737        43
    -1.090184817        -172.8723549        44
    -1.079440392        -172.8692195        45
    -1.070273933        -172.8644116        46
    -1.063140539        -172.8574485        47
    -1.043069447        -172.8462033        48
    -1.020414729        -172.8271691        49
    -1.000990491        -172.8057728        50
   -0.9855904681        -172.7704718        51
   -0.9588789488        -172.6823925        52
   -0.8935844260        -172.5330680        53
   -0.8049584894        -172.3616630        54
   -0.7325349613        -172.1184038        55
   -0.6592148333        -171.9538168        56
   -0.5980566616        -171.2798173        57
   -0.3980566613        -171.0444862        58
   -0.1980566616        -170.6188658        59
   -0.2369141018E-01    -170.5249377        60
   -0.2000000018E-01    -170.5242435        61
     0.000000000        -170.5223530        62
    0.1999999987E-01    -170.5242579        63
    0.2377351387E-01    -170.5249791        64
    0.2237735140        -170.6721513        65
    0.4237735140        -171.2347207        66
    0.4437735140        -171.2901473        67
    0.4633595258        -171.4066317        68
    0.5969106570        -171.5934781        69
    0.6776460525        -171.7452164        70
    0.7077986912        -171.9070994        71
    0.7557467509        -172.0237213        72
    0.8909740963        -172.2434458        73
    0.9949375866        -172.4627410        74
     1.033312440        -172.7962261        75
     1.110951850        -172.9740420        76
     1.169130835        -173.0335692        77
     1.204259434        -173.1212668        78
     1.239851712        -173.1830424        79
     1.273587726        -173.2166359        80
     1.301643914        -173.2268723        81
     1.307943508        -173.2392295        82
     1.313235855        -173.2433358        83
     1.322898388        -173.2478497        84
     1.333699762        -173.2510222        85
     1.334594553        -173.2513401        86
     1.338622451        -173.2520994        87
     1.339522792        -173.2522061        88
     1.341487899        -173.2523067        89
     1.341593691        -173.2523197        90
     1.342029023        -173.2523519        91
     1.342189961        -173.2523571        92
     1.342849033        -173.2523715        93
     1.342919128        -173.2523727        94
     1.343276073        -173.2523767        95
     1.343440120        -173.2523778        96
     1.343527859        -173.2523780        97
     1.343557831        -173.2523782        98
     1.343573503        -173.2523782        99
     1.343613379        -173.2523783       100
     1.343651211        -173.2523784       101
     1.343702359        -173.2523784       102
     1.343714893        -173.2523784       103
     1.343721675        -173.2523784       104
     1.343730864        -173.2523784       105
     1.343745385        -173.2523784       106
     1.343748833        -173.2523784       107
     1.343750633        -173.2523784       108
     1.343754214        -173.2523784       109
     1.343757600        -173.2523784       110
     1.343759263        -173.2523784       111
     1.343759780        -173.2523784       112
     1.343760574        -173.2523784       113
     1.343761543        -173.2523784       114
     1.343761804        -173.2523784       115
     1.343762175        -173.2523784       116
     1.343762527        -173.2523784       117
     1.343763173        -173.2523784       118
     1.343763449        -173.2523784       119
     1.343763631        -173.2523784       120
