    -3.134690214        -170.6923125         1
    -3.134690148        -170.6923125         2
    -3.134689729        -170.6923125         3
    -3.134689437        -170.6923125         4
    -3.134689264        -170.6923125         5
    -3.134689208        -170.6923125         6
    -3.134688774        -170.6923125         7
    -3.134687760        -170.6923125         8
    -3.134687146        -170.6923125         9
    -3.134686655        -170.6923125        10
    -3.134686379        -170.6923125        11
    -3.134686269        -170.6923125        12
    -3.134685198        -170.6923125        13
    -3.134684448        -170.6923125        14
    -3.134684338        -170.6923125        15
    -3.134684004        -170.6923125        16
    -3.134682420        -170.6923125        17
    -3.134681702        -170.6923125        18
    -3.134681073        -170.6923125        19
    -3.134680955        -170.6923125        20
    -3.134679843        -170.6923125        21
    -3.134677404        -170.6923125        22
    -3.134676049        -170.6923125        23
    -3.134675328        -170.6923125        24
    -3.134674790        -170.6923125        25
    -3.134674588        -170.6923125        26
    -3.134673429        -170.6923125        27
    -3.134672072        -170.6923125        28
    -3.134671875        -170.6923125        29
    -3.134670941        -170.6923125        30
    -3.134668499        -170.6923125        31
    -3.134666331        -170.6923125        32
    -3.134664990        -170.6923125        33
    -3.134664216        -170.6923125        34
    -3.134663258        -170.6923125        35
    -3.134657127        -170.6923125        36
    -3.134652443        -170.6923125        37
    -3.134649463        -170.6923125        38
    -3.134647799        -170.6923125        39
    -3.134639572        -170.6923125        40
    -3.134629872        -170.6923125        41
    -3.134625275        -170.6923125        42
    -3.134620171        -170.6923125        43
    -3.134610648        -170.6923125        44
    -3.134595769        -170.6923125        45
    -3.134563380        -170.6923125        46
    -3.134558676        -170.6923125        47
    -3.134528369        -170.6923124        48
    -3.134499364        -170.6923124        49
    -3.134483770        -170.6923124        50
    -3.134461565        -170.6923123        51
    -3.134402740        -170.6923123        52
    -3.134252575        -170.6923120        53
    -3.134233679        -170.6923120        54
    -3.134141646        -170.6923117        55
    -3.134013380        -170.6923113        56
    -3.133955078        -170.6923109        57
    -3.133816963        -170.6923104        58
    -3.133655775        -170.6923093        59
    -3.133532807        -170.6923078        60
    -3.133147848        -170.6923043        61
    -3.132650871        -170.6922996        62
    -3.132300781        -170.6922952        63
    -3.132011673        -170.6922898        64
    -3.131515933        -170.6922747        65
    -3.130188671        -170.6922640        66
    -3.129093339        -170.6922405        67
    -3.128776119        -170.6922293        68
    -3.127921642        -170.6921852        69
    -3.124997125        -170.6921712        70
    -3.122546454        -170.6920886        71
    -3.121098122        -170.6920032        72
    -3.120541273        -170.6919476        73
    -3.115391615        -170.6917018        74
    -3.105273460        -170.6916022        75
    -3.096281307        -170.6912486        76
    -3.091704885        -170.6908581        77
    -3.088405415        -170.6905400        78
    -3.081014832        -170.6897735        79
    -3.063518837        -170.6896587        80
    -3.046810535        -170.6889219        81
    -3.039023436        -170.6883545        82
    -3.034247263        -170.6879180        83
    -3.026461116        -170.6875094        84
    -3.020846844        -170.6870968        85
    -3.012869761        -170.6866763        86
    -2.999969815        -170.6862276        87
    -2.993405895        -170.6859331        88
    -2.985216261        -170.6855325        89
    -2.981783089        -170.6852719        90
    -2.977166229        -170.6850637        91
    -2.974453774        -170.6848100        92
    -2.973427774        -170.6846833        93
    -2.969832420        -170.6843123        94
    -2.962898340        -170.6839268        95
    -2.958678619        -170.6834786        96
    -2.954781724        -170.6829179        97
    -2.950647804        -170.6817963        98
    -2.940525799        -170.6811055        99
    -2.932152328        -170.6797830       100
    -2.926742175        -170.6784541       101
    -2.917681307        -170.6756890       102
    -2.899246100        -170.6727758       103
    -2.886252533        -170.6695217       104
    -2.875662822        -170.6667771       105
    -2.864332988        -170.6634396       106
    -2.851216653        -170.6591593       107
    -2.841123928        -170.6533952       108
    -2.823188458        -170.6463855       109
    -2.786527960        -170.6359418       110
    -2.757563445        -170.6279993       111
    -2.727985338        -170.6218865       112
    -2.714458413        -170.6176785       113
    -2.710296070        -170.6153710       114
    -2.705394335        -170.6102587       115
    -2.678987344        -170.6080167       116
    -2.666142588        -170.6035244       117
    -2.654825458        -170.5976826       118
    -2.649404756        -170.5924935       119
    -2.632061550        -170.5858218       120
    -2.604543590        -170.5689556       121
    -2.584265248        -170.5479862       122
    -2.538121685        -170.4892206       123
    -2.530838026        -170.4767659       124
    -2.460389610        -170.4020662       125
    -2.406318639        -170.3185202       126
    -2.367632573        -170.2308650       127
    -2.300092753        -170.1423413       128
    -2.283719868        -170.1079356       129
    -2.083719869        -170.0721867       130
    -2.063719868        -170.0554481       131
    -2.045303309        -170.0386612       132
    -2.025303309        -170.0303374       133
    -1.936694846        -170.0020610       134
    -1.936004269        -170.0020361       135
    -1.934351625        -170.0019668       136
    -1.933352119        -170.0019271       137
    -1.932682624        -170.0019243       138
    -1.932344514        -170.0018785       139
    -1.905581833        -170.0016776       140
    -1.861175849        -170.0005707       141
    -1.852599925        -169.9999039       142
    -1.832599924        -169.9983432       143
    -1.812599925        -169.9966545       144
    -1.792599925        -169.9948970       145
    -1.727522249        -169.9895744       146
    -1.712758860        -169.9883578       147
    -1.703592354        -169.9872960       148
    -1.701465787        -169.9863515       149
    -1.686459155        -169.9850986       150
    -1.658156053        -169.9837165       151
    -1.651845406        -169.9827835       152
    -1.641810459        -169.9815316       153
    -1.638756739        -169.9797457       154
    -1.617792094        -169.9775780       155
    -1.593491771        -169.9735215       156
    -1.581321022        -169.9700162       157
    -1.564789728        -169.9666921       158
    -1.546131073        -169.9634998       159
    -1.531000409        -169.9593330       160
    -1.510098298        -169.9549680       161
    -1.479713979        -169.9515007       162
    -1.461486068        -169.9483006       163
    -1.453239689        -169.9462686       164
    -1.441689062        -169.9432891       165
    -1.420149165        -169.9415534       166
    -1.411926526        -169.9399831       167
    -1.406621957        -169.9383383       168
    -1.404138799        -169.9366366       169
    -1.387164666        -169.9343601       170
    -1.369345675        -169.9303786       171
    -1.358983356        -169.9266564       172
    -1.353973467        -169.9226745       173
    -1.339618187        -169.9156838       174
    -1.301117812        -169.9075290       175
    -1.266729033        -169.8959736       176
    -1.242495471        -169.8883482       177
    -1.227529062        -169.8807109       178
    -1.200611122        -169.8563123       179
    -1.123286612        -169.8515065       180
    -1.097312687        -169.8402652       181
    -1.064256426        -169.8312842       182
    -1.053521626        -169.8210297       183
    -1.025495718        -169.8159841       184
   -0.9866124766        -169.8041528       185
   -0.9276483525        -169.8039023       186
   -0.9059467089        -169.7990561       187
   -0.8869805554        -169.7957663       188
   -0.8818073776        -169.7937093       189
   -0.8786118212        -169.7900798       190
   -0.8387410708        -169.7895268       191
   -0.8235091856        -169.7878439       192
   -0.8154634743        -169.7868753       193
   -0.8113537455        -169.7861436       194
   -0.8086494540        -169.7845632       195
   -0.7936064122        -169.7840447       196
   -0.7865945619        -169.7828243       197
   -0.7836731034        -169.7820434       198
   -0.7811225192        -169.7808019       199
   -0.7694420844        -169.7793065       200
   -0.7600753133        -169.7769182       201
   -0.7541241364        -169.7747056       202
   -0.7493484723        -169.7719634       203
   -0.7348780441        -169.7656261       204
   -0.7118243505        -169.7546504       205
   -0.6940640228        -169.7409034       206
   -0.6856598632        -169.7227592       207
   -0.6559851094        -169.7027786       208
   -0.5967088605        -169.6359045       209
   -0.5873255420        -169.6102992       210
   -0.5673255422        -169.5897751       211
   -0.5203707423        -169.4636046       212
   -0.4559175275        -169.3626902       213
   -0.2559175274        -169.2351724       214
   -0.2153888878        -169.1660112       215
   -0.2135753768        -169.1633038       216
   -0.1888210100        -169.1610771       217
   -0.1317913104        -169.1596098       218
   -0.1250690413        -169.1590287       219
   -0.1091226745        -169.1576598       220
   -0.8912267441E-01    -169.1557785       221
   -0.6912267437E-01    -169.1538423       222
   -0.5146856305E-01    -169.1523818       223
   -0.2023365202E-01    -169.1496604       224
   -0.9881137600E-02    -169.1490158       225
   -0.4947562070E-02    -169.1488476       226
   -0.2438498692E-02    -169.1488051       227
   -0.2010317796E-02    -169.1488018       228
   -0.1999999998E-02    -169.1488017       229
     0.000000000        -169.1487916       230
    0.2000000200E-02    -169.1488017       231
    0.2010237519E-02    -169.1488018       232
    0.2440880605E-02    -169.1488051       233
    0.4960768687E-02    -169.1488475       234
    0.9930916561E-02    -169.1490152       235
    0.2042692990E-01    -169.1496548       236
    0.5306689489E-01    -169.1522510       237
    0.7306689547E-01    -169.1535516       238
    0.8435488356E-01    -169.1548290       239
    0.1478268846        -169.1734497       240
    0.1678268842        -169.1797576       241
    0.1878268848        -169.1873079       242
    0.2078268844        -169.1955039       243
    0.2278268844        -169.2041575       244
    0.2421498475        -169.2114648       245
    0.3414276697        -169.2324822       246
    0.3717598637        -169.2408642       247
    0.3780516181        -169.2545454       248
    0.4006299537        -169.2624134       249
    0.4368996680        -169.2713111       250
    0.4703699253        -169.2724816       251
    0.4858361967        -169.2781372       252
    0.4900308980        -169.2808010       253
    0.5030271729        -169.2852942       254
    0.5218698765        -169.2899637       255
    0.5563395381        -169.2919186       256
    0.5634947376        -169.2974897       257
    0.5683581378        -169.2993354       258
    0.5853097296        -169.3033031       259
    0.6151309781        -169.3033825       260
    0.6194322618        -169.3080653       261
    0.6227772273        -169.3092263       262
    0.6330856881        -169.3106568       263
    0.6447592157        -169.3114344       264
    0.6480037910        -169.3125517       265
    0.6517266235        -169.3132536       266
    0.6558226505        -169.3137929       267
    0.6640824751        -169.3147144       268
    0.6651491052        -169.3148714       269
    0.6712982374        -169.3154476       270
    0.6739723874        -169.3157242       271
    0.6817303837        -169.3160590       272
    0.6852014651        -169.3163098       273
    0.6865786582        -169.3164041       274
    0.6874641046        -169.3164631       275
    0.6893338701        -169.3165223       276
    0.6917495752        -169.3165409       277
    0.6923736296        -169.3165857       278
    0.6927462067        -169.3165995       279
    0.6935263343        -169.3166183       280
    0.6948606424        -169.3166370       281
    0.6961102383        -169.3166575       282
    0.6964852658        -169.3166669       283
    0.6971783548        -169.3166773       284
    0.6980884623        -169.3166805       285
    0.6982121517        -169.3166879       286
    0.6984605287        -169.3166913       287
    0.6987538592        -169.3166934       288
    0.6992161147        -169.3166969       289
    0.6992887900        -169.3166975       290
    0.6996766512        -169.3166993       291
    0.6998832133        -169.3167004       292
    0.7003097452        -169.3167007       293
    0.7004110623        -169.3167018       294
    0.7004479327        -169.3167020       295
    0.7005805911        -169.3167024       296
    0.7007905756        -169.3167024       297
    0.7008316350        -169.3167027       298
    0.7008753730        -169.3167028       299
    0.7009585444        -169.3167029       300
    0.7010490124        -169.3167030       301
    0.7010636663        -169.3167031       302
    0.7011354293        -169.3167031       303
    0.7011726131        -169.3167032       304
    0.7011810164        -169.3167032       305
    0.7012358277        -169.3167032       306
    0.7012390069        -169.3167032       307
    0.7012597535        -169.3167032       308
    0.7012791369        -169.3167033       309
    0.7012963817        -169.3167033       310
    0.7013118265        -169.3167033       311
    0.7013184950        -169.3167033       312
    0.7013273677        -169.3167033       313
    0.7013317982        -169.3167033       314
    0.7013342683        -169.3167033       315
    0.7013411012        -169.3167033       316
    0.7013462954        -169.3167033       317
    0.7013474470        -169.3167033       318
    0.7013504460        -169.3167033       319
    0.7013527562        -169.3167033       320
    0.7013575814        -169.3167033       321
    0.7013595843        -169.3167033       322
    0.7013606709        -169.3167033       323
    0.7013612054        -169.3167033       324
    0.7013626977        -169.3167033       325
    0.7013644651        -169.3167033       326
    0.7013647686        -169.3167033       327
    0.7013651776        -169.3167033       328
    0.7013659835        -169.3167033       329
    0.7013671897        -169.3167033       330
    0.7013696904        -169.3167033       331
    0.7013705890        -169.3167033       332
    0.7013707468        -169.3167033       333
    0.7013714520        -169.3167033       334
    0.7013723910        -169.3167033       335
    0.7013730429        -169.3167033       336
    0.7013737975        -169.3167033       337
    0.7013743727        -169.3167033       338
    0.7013752135        -169.3167033       339
    0.7013755946        -169.3167033       340
    0.7013758229        -169.3167033       341
    0.7013759493        -169.3167033       342
    0.7013761762        -169.3167033       343
    0.7013764992        -169.3167033       344
    0.7013766632        -169.3167033       345
    0.7013768251        -169.3167033       346
