   -0.3247561167        -169.3167033         1
   -0.3247558304        -169.3167033         2
   -0.3247552536        -169.3167033         3
   -0.3247548803        -169.3167033         4
   -0.3247546328        -169.3167033         5
   -0.3247544535        -169.3167033         6
   -0.3247542764        -169.3167033         7
   -0.3247537208        -169.3167033         8
   -0.3247533254        -169.3167033         9
   -0.3247531205        -169.3167033        10
   -0.3247528419        -169.3167033        11
   -0.3247509142        -169.3167033        12
   -0.3247502890        -169.3167033        13
   -0.3247494608        -169.3167033        14
   -0.3247490810        -169.3167033        15
   -0.3247478984        -169.3167033        16
   -0.3247468002        -169.3167033        17
   -0.3247462467        -169.3167033        18
   -0.3247450348        -169.3167033        19
   -0.3247412864        -169.3167033        20
   -0.3247388959        -169.3167033        21
   -0.3247366912        -169.3167033        22
   -0.3247345250        -169.3167033        23
   -0.3247326089        -169.3167033        24
   -0.3247247352        -169.3167033        25
   -0.3247185898        -169.3167033        26
   -0.3247157893        -169.3167033        27
   -0.3247080672        -169.3167033        28
   -0.3246850563        -169.3167033        29
   -0.3246722732        -169.3167033        30
   -0.3246464928        -169.3167033        31
   -0.3246430526        -169.3167033        32
   -0.3246272355        -169.3167033        33
   -0.3246189871        -169.3167032        34
   -0.3246050318        -169.3167032        35
   -0.3245435000        -169.3167032        36
   -0.3245160305        -169.3167032        37
   -0.3244555253        -169.3167032        38
   -0.3244434869        -169.3167032        39
   -0.3243808068        -169.3167031        40
   -0.3243360890        -169.3167031        41
   -0.3243056250        -169.3167030        42
   -0.3242922858        -169.3167030        43
   -0.3241882455        -169.3167029        44
   -0.3241223983        -169.3167028        45
   -0.3241025208        -169.3167028        46
   -0.3240611732        -169.3167026        47
   -0.3238499375        -169.3167024        48
   -0.3237627299        -169.3167022        49
   -0.3235869875        -169.3167016        50
   -0.3235588852        -169.3167014        51
   -0.3232969932        -169.3167006        52
   -0.3227709057        -169.3166986        53
   -0.3227065596        -169.3166981        54
   -0.3223701371        -169.3166957        55
   -0.3221565716        -169.3166938        56
   -0.3218871128        -169.3166902        57
   -0.3208957527        -169.3166848        58
   -0.3203218557        -169.3166794        59
   -0.3189702301        -169.3166684        60
   -0.3187421794        -169.3166654        61
   -0.3176853445        -169.3166517        62
   -0.3169903672        -169.3166388        63
   -0.3167585173        -169.3166328        64
   -0.3163751152        -169.3166123        65
   -0.3145213325        -169.3166024        66
   -0.3131984060        -169.3165710        67
   -0.3110254306        -169.3165253        68
   -0.3107364349        -169.3165152        69
   -0.3096052186        -169.3164768        70
   -0.3086049196        -169.3164226        71
   -0.3073943831        -169.3162011        72
   -0.3002188575        -169.3160935        73
   -0.2920030257        -169.3156885        74
   -0.2907321312        -169.3155938        75
   -0.2857765870        -169.3152390        76
   -0.2823203043        -169.3149343        77
   -0.2808840080        -169.3147459        78
   -0.2789034767        -169.3143726        79
   -0.2746042275        -169.3140901        80
   -0.2687745296        -169.3133933        81
   -0.2651205217        -169.3126993        82
   -0.2571075853        -169.3105311        83
   -0.2503401967        -169.3090126        84
   -0.2155577407        -169.3045609        85
   -0.1787349067        -169.2939194        86
   -0.1740397641        -169.2898562        87
   -0.1715446880        -169.2887885        88
   -0.1542697286        -169.2877996        89
   -0.1130107515        -169.2871561        90
   -0.1082406144        -169.2869128        91
   -0.9579549302E-01    -169.2862802        92
   -0.7579549325E-01    -169.2851304        93
   -0.5579549342E-01    -169.2839370        94
   -0.2992629280E-01    -169.2824730        95
   -0.2058450312E-01    -169.2819504        96
   -0.1999999952E-01    -169.2819083        97
     0.000000000        -169.2811572        98
    0.1999999988E-01    -169.2819506        99
    0.2068301230E-01    -169.2820043       100
    0.3403299772E-01    -169.2828621       101
    0.8935256460E-01    -169.2881395       102
    0.1886929128        -169.3136805       103
    0.2077278504        -169.3194347       104
    0.2277278502        -169.3270110       105
    0.2452074616        -169.3360610       106
    0.2616831711        -169.3463591       107
    0.3495616727        -169.3533428       108
    0.4115095359        -169.3883389       109
    0.4269656775        -169.3891659       110
    0.4429527824        -169.4105174       111
    0.4508152502        -169.4131228       112
    0.4643379035        -169.4178881       113
    0.4856984177        -169.4254230       114
    0.5173910971        -169.4362721       115
    0.5508789146        -169.4457773       116
    0.5664763767        -169.4519611       117
    0.5746388746        -169.4568732       118
    0.5989698433        -169.4624646       119
    0.6132361928        -169.4645924       120
    0.6188102571        -169.4667466       121
    0.6237944724        -169.4681448       122
    0.6290992337        -169.4691716       123
    0.6409817422        -169.4697398       124
    0.6441221467        -169.4709525       125
    0.6455792091        -169.4712435       126
    0.6493092920        -169.4718470       127
    0.6571656554        -169.4728332       128
    0.6742294768        -169.4740425       129
    0.6899054625        -169.4757277       130
    0.7016511491        -169.4774884       131
    0.7239395218        -169.4801810       132
    0.7444864118        -169.4820527       133
    0.7509194319        -169.4846569       134
    0.7695974243        -169.4875580       135
    0.7780002492        -169.4888349       136
    0.7900226625        -169.4904976       137
    0.8095592732        -169.4922871       138
    0.8187411571        -169.4937400       139
    0.8281471397        -169.4950742       140
    0.8334779106        -169.4962676       141
    0.8422656404        -169.4974949       142
    0.8543934762        -169.4989313       143
    0.8695880848        -169.4999740       144
    0.8721574713        -169.5008382       145
    0.8754545032        -169.5014408       146
    0.8810548958        -169.5020308       147
    0.8918821049        -169.5023951       148
    0.8933735043        -169.5028819       149
    0.8949295511        -169.5030453       150
    0.8982641996        -169.5032832       151
    0.9051359847        -169.5035078       152
    0.9077817039        -169.5037741       153
    0.9110411267        -169.5039568       154
    0.9146699439        -169.5041334       155
    0.9225928058        -169.5044549       156
    0.9238816957        -169.5045065       157
    0.9297191795        -169.5046468       158
    0.9331542456        -169.5047397       159
    0.9398384973        -169.5048096       160
    0.9409905209        -169.5048968       161
    0.9422808625        -169.5049507       162
    0.9486120066        -169.5051008       163
    0.9623178148        -169.5053551       164
     1.115279463        -169.5171395       165
     1.134814002        -169.5187906       166
     1.150311109        -169.5216783       167
     1.170311109        -169.5261541       168
     1.190311109        -169.5314677       169
     1.210311109        -169.5374995       170
     1.230311109        -169.5445310       171
     1.249767515        -169.5521426       172
     1.267145655        -169.5601329       173
     1.283518849        -169.5692273       174
     1.300958954        -169.5790076       175
     1.319136532        -169.5931325       176
     1.474648987        -169.6182769       177
     1.482512946        -169.6290385       178
     1.518862974        -169.6717590       179
     1.544022324        -169.7137159       180
     1.588415362        -169.7640200       181
     1.683401157        -169.8195972       182
     1.745705427        -169.8587279       183
     1.795042813        -169.9035682       184
     1.842485645        -169.9427572       185
     1.880907983        -169.9742668       186
     1.902811423        -169.9972934       187
     1.942877317        -170.0175953       188
     1.984367798        -170.0300543       189
     2.016191980        -170.0519921       190
     2.026720146        -170.0629706       191
     2.064057967        -170.0797488       192
     2.139024604        -170.1077817       193
     2.251680995        -170.1211479       194
     2.311780182        -170.1587576       195
     2.335016259        -170.1779647       196
     2.371218531        -170.1910378       197
     2.391618943        -170.1985844       198
     2.400641538        -170.2037157       199
     2.414985570        -170.2093166       200
     2.428777809        -170.2117104       201
     2.433101269        -170.2142157       202
     2.441219241        -170.2167173       203
     2.449503950        -170.2185966       204
     2.470050439        -170.2191943       205
     2.473824379        -170.2217074       206
     2.475532913        -170.2221857       207
     2.480504047        -170.2229917       208
     2.488643000        -170.2231410       209
     2.489927431        -170.2238534       210
     2.491636894        -170.2240927       211
     2.495392345        -170.2244444       212
     2.501018030        -170.2249191       213
     2.511688280        -170.2253065       214
     2.513392946        -170.2257739       215
     2.516471373        -170.2261622       216
     2.521364277        -170.2265894       217
     2.535992892        -170.2276204       218
     2.539167562        -170.2278666       219
     2.559221285        -170.2288882       220
     2.572742121        -170.2294014       221
     2.579714153        -170.2300610       222
     2.582741670        -170.2303766       223
     2.586836919        -170.2306166       224
     2.595257364        -170.2306206       225
     2.596586974        -170.2308966       226
     2.597045665        -170.2309346       227
     2.598968928        -170.2310046       228
     2.601406793        -170.2310229       229
     2.602147889        -170.2310851       230
     2.602765791        -170.2311068       231
     2.603606902        -170.2311271       232
     2.604830844        -170.2311569       233
     2.605079346        -170.2311633       234
     2.606516349        -170.2311873       235
     2.607551452        -170.2312036       236
     2.608770643        -170.2312236       237
     2.609345083        -170.2312338       238
     2.610336588        -170.2312367       239
     2.610567186        -170.2312464       240
     2.610753663        -170.2312484       241
     2.611228386        -170.2312518       242
     2.611874972        -170.2312551       243
     2.612496529        -170.2312573       244
     2.612610249        -170.2312588       245
     2.612732286        -170.2312598       246
     2.612937426        -170.2312608       247
     2.612981315        -170.2312610       248
     2.613326754        -170.2312620       249
     2.613492943        -170.2312621       250
     2.613529443        -170.2312625       251
     2.613585459        -170.2312626       252
     2.613635066        -170.2312627       253
     2.613721827        -170.2312628       254
     2.613821708        -170.2312628       255
     2.613855655        -170.2312629       256
     2.613867152        -170.2312629       257
     2.613914266        -170.2312630       258
     2.613973565        -170.2312630       259
     2.613991493        -170.2312630       260
     2.614008509        -170.2312630       261
     2.614029232        -170.2312630       262
     2.614057232        -170.2312631       263
     2.614062107        -170.2312631       264
     2.614087895        -170.2312631       265
     2.614099249        -170.2312631       266
     2.614115248        -170.2312631       267
     2.614122408        -170.2312631       268
     2.614156249        -170.2312631       269
     2.614201468        -170.2312631       270
     2.614219450        -170.2312631       271
     2.614252770        -170.2312631       272
     2.614277481        -170.2312631       273
     2.614341106        -170.2312631       274
     2.614349742        -170.2312631       275
     2.614355397        -170.2312631       276
     2.614363255        -170.2312631       277
     2.614377078        -170.2312631       278
     2.614379256        -170.2312631       279
     2.614382061        -170.2312631       280
     2.614385900        -170.2312631       281
     2.614389692        -170.2312631       282
     2.614397327        -170.2312631       283
     2.614400824        -170.2312631       284
     2.614401415        -170.2312631       285
     2.614403167        -170.2312631       286
     2.614405170        -170.2312631       287
     2.614405620        -170.2312631       288
     2.614405926        -170.2312631       289
     2.614406527        -170.2312631       290
     2.614406977        -170.2312631       291
     2.614407918        -170.2312631       292
     2.614408382        -170.2312631       293
     2.614408442        -170.2312631       294
     2.614408956        -170.2312631       295
     2.614409426        -170.2312631       296
     2.614409971        -170.2312631       297
     2.614410055        -170.2312631       298
