    -3.041075742        -172.8777364         1
    -3.041075657        -172.8777364         2
    -3.041075394        -172.8777364         3
    -3.041075266        -172.8777364         4
    -3.041075121        -172.8777364         5
    -3.041075059        -172.8777364         6
    -3.041074938        -172.8777364         7
    -3.041074506        -172.8777364         8
    -3.041074050        -172.8777364         9
    -3.041073948        -172.8777364        10
    -3.041073022        -172.8777364        11
    -3.041071366        -172.8777364        12
    -3.041069916        -172.8777364        13
    -3.041068853        -172.8777364        14
    -3.041068009        -172.8777364        15
    -3.041067064        -172.8777364        16
    -3.041063195        -172.8777364        17
    -3.041059138        -172.8777364        18
    -3.041057721        -172.8777364        19
    -3.041053704        -172.8777364        20
    -3.041039548        -172.8777364        21
    -3.041025534        -172.8777364        22
    -3.040996443        -172.8777364        23
    -3.040992574        -172.8777364        24
    -3.040967546        -172.8777364        25
    -3.040953027        -172.8777363        26
    -3.040941817        -172.8777363        27
    -3.040895687        -172.8777363        28
    -3.040838136        -172.8777362        29
    -3.040788275        -172.8777360        30
    -3.040763259        -172.8777359        31
    -3.040700487        -172.8777353        32
    -3.040453793        -172.8777350        33
    -3.040280850        -172.8777341        34
    -3.040134203        -172.8777326        35
    -3.040031862        -172.8777304        36
    -3.039645245        -172.8777268        37
    -3.039231166        -172.8777187        38
    -3.038337609        -172.8776911        39
    -3.038192255        -172.8776831        40
    -3.036884345        -172.8776069        41
    -3.036359436        -172.8775603        42
    -3.035653780        -172.8774683        43
    -3.033398152        -172.8768891        44
    -3.026196208        -172.8761495        45
    -3.019760544        -172.8738765        46
    -3.016745982        -172.8721164        47
    -3.007496086        -172.8596201        48
    -2.979933287        -172.8571589        49
    -2.952672530        -172.8353835        50
    -2.931121550        -172.8063351        51
    -2.907796386        -172.7522308        52
    -2.851564003        -172.6932290        53
    -2.774098338        -172.6048385        54
    -2.735149959        -172.5394852        55
    -2.685301758        -172.4592992        56
    -2.639745020        -172.3746042        57
    -2.591482394        -172.1754326        58
    -2.581003887        -172.1156374        59
    -2.452544251        -171.9245415        60
    -2.354948875        -171.7941557        61
    -2.154948876        -171.4372612        62
    -2.051671670        -171.3408841        63
    -1.851671670        -171.2658494        64
    -1.651671670        -171.1980028        65
    -1.615639181        -171.1770621        66
    -1.584920068        -171.1609690        67
    -1.446081170        -171.1569379        68
    -1.421048419        -171.1535881        69
    -1.405271965        -171.1517716        70
    -1.395150931        -171.1502395        71
    -1.391289268        -171.1493575        72
    -1.380660879        -171.1480881        73
    -1.370217361        -171.1465911        74
    -1.363948800        -171.1454519        75
    -1.356654692        -171.1440174        76
    -1.348681295        -171.1413946        77
    -1.333222604        -171.1387333        78
    -1.326957871        -171.1367977        79
    -1.321124389        -171.1347257        80
    -1.309503859        -171.1196823        81
    -1.259875117        -171.1150202        82
    -1.237992181        -171.1023569        83
    -1.219203118        -171.0892914        84
    -1.202894003        -171.0781764        85
    -1.160135137        -171.0132963        86
    -1.154956496        -170.9934885        87
    -1.142676665        -170.9643271        88
    -1.002809185        -170.9065480        89
   -0.9828091848        -170.8726838        90
   -0.9628091850        -170.8490817        91
   -0.9041660205        -170.7871526        92
   -0.8195467161        -170.7113618        93
   -0.6471229167        -170.6072313        94
   -0.6140100539        -170.5455424        95
   -0.5034301304        -170.5068212        96
   -0.3321572990        -170.4723448        97
   -0.2911550834        -170.4583073        98
   -0.2594957044        -170.4486975        99
   -0.2384478647        -170.4435924       100
   -0.2236202874        -170.4403472       101
   -0.1834916741        -170.4101434       102
   -0.1768617039        -170.3979177       103
   -0.1247063935        -170.3923797       104
   -0.1088705386        -170.3910744       105
   -0.3435428601E-01    -170.3844218       106
   -0.2167156277E-01    -170.3831600       107
   -0.2000000034E-01    -170.3829688       108
     0.000000000        -170.3816857       109
    0.2000000015E-01    -170.3830551       110
    0.2201041269E-01    -170.3833148       111
    0.4257886501E-01    -170.3857834       112
    0.6257886526E-01    -170.3885361       113
    0.1653802723        -170.4079654       114
    0.1706273447        -170.4090469       115
    0.2046355573        -170.4413336       116
    0.2263958585        -170.4755053       117
    0.2441982240        -170.4811039       118
    0.2547640203        -170.4850872       119
    0.2588694864        -170.4868413       120
    0.2747399711        -170.4922057       121
    0.2906711226        -170.4972078       122
    0.3355888636        -170.4973680       123
    0.3457371689        -170.5074711       124
    0.3498046748        -170.5105879       125
    0.3657184762        -170.5157106       126
    0.3952708011        -170.5222186       127
    0.4485230762        -170.5297250       128
    0.4707673394        -170.5391979       129
    0.4875407196        -170.5480713       130
    0.5512918686        -170.5697896       131
    0.6456115343        -170.5881504       132
    0.6508534077        -170.5947101       133
    0.6844691399        -170.6297783       134
    0.7256520683        -170.6376730       135
    0.7472951993        -170.6512645       136
    0.7562792825        -170.6540223       137
    0.7661658717        -170.6578031       138
    0.7829073915        -170.6615120       139
    0.7972320855        -170.6648974       140
    0.8051594102        -170.6675524       141
    0.8168741235        -170.6704469       142
    0.8342972807        -170.6736906       143
    0.8569473660        -170.6767399       144
    0.8629120126        -170.6792583       145
    0.8716871861        -170.6817219       146
    0.8853257261        -170.6841278       147
    0.9117237884        -170.6845604       148
    0.9172817074        -170.6869267       149
    0.9193676332        -170.6872971       150
    0.9248384776        -170.6879699       151
    0.9255762339        -170.6881066       152
    0.9320997079        -170.6886630       153
    0.9356548971        -170.6889354       154
    0.9414678914        -170.6892075       155
    0.9427332947        -170.6893601       156
    0.9437716172        -170.6894557       157
    0.9461522007        -170.6895792       158
    0.9500720708        -170.6895830       159
    0.9509998824        -170.6896932       160
    0.9514461278        -170.6897198       161
    0.9526085297        -170.6897595       162
    0.9540223666        -170.6898006       163
    0.9542940598        -170.6898088       164
    0.9554342143        -170.6898294       165
    0.9558856640        -170.6898401       166
    0.9568671523        -170.6898545       167
    0.9569461562        -170.6898562       168
    0.9571853136        -170.6898594       169
    0.9573477575        -170.6898610       170
    0.9577756771        -170.6898635       171
    0.9580596947        -170.6898652       172
    0.9581248879        -170.6898661       173
    0.9582548798        -170.6898668       174
    0.9583602191        -170.6898673       175
    0.9586293487        -170.6898678       176
    0.9587610702        -170.6898683       177
    0.9587972922        -170.6898685       178
    0.9588537227        -170.6898686       179
    0.9589513930        -170.6898688       180
    0.9590039360        -170.6898688       181
    0.9590283043        -170.6898689       182
    0.9590489188        -170.6898689       183
    0.9590807882        -170.6898689       184
    0.9590906601        -170.6898689       185
    0.9590950507        -170.6898689       186
    0.9591042008        -170.6898689       187
    0.9591201488        -170.6898689       188
    0.9591248697        -170.6898689       189
    0.9591300890        -170.6898689       190
    0.9591355078        -170.6898689       191
    0.9591460056        -170.6898689       192
    0.9591606577        -170.6898689       193
    0.9591640308        -170.6898689       194
    0.9591660255        -170.6898690       195
    0.9591711695        -170.6898690       196
    0.9591818786        -170.6898690       197
    0.9591933557        -170.6898690       198
    0.9591950424        -170.6898690       199
    0.9591976874        -170.6898690       200
    0.9592013174        -170.6898690       201
    0.9592086029        -170.6898690       202
    0.9592108690        -170.6898690       203
    0.9592115503        -170.6898690       204
    0.9592124826        -170.6898690       205
    0.9592140950        -170.6898690       206
    0.9592153969        -170.6898690       207
    0.9592160567        -170.6898690       208
    0.9592167739        -170.6898690       209
    0.9592179466        -170.6898690       210
    0.9592191311        -170.6898690       211
    0.9592193530        -170.6898690       212
    0.9592196686        -170.6898690       213
    0.9592200849        -170.6898690       214
    0.9592208366        -170.6898690       215
    0.9592210754        -170.6898690       216
    0.9592211885        -170.6898690       217
    0.9592214181        -170.6898690       218
    0.9592217851        -170.6898690       219
    0.9592218523        -170.6898690       220
    0.9592219135        -170.6898690       221
