      2.64318127443364936369      2.20361196453888386060     -3.39744416340673538457
      2.01626319254203334452      1.33427691303604301076     -3.20145850171107371196
      2.22776312243756491327      0.56147801684674969458     -3.94012733869539166776
      0.96831918489322910126      1.62445321230787298461     -3.27039632966346571763
      2.30490617017392152022      0.80936111893060369571     -1.80773842122486994022
      2.70599504974673665814     -0.34119399725286475578     -1.63849586110919909210
      2.08208100694329534264      1.64338889582310820892     -0.79408063411328833059
      1.72505773888739288857      2.56922675308403514194     -0.99413441437156513381
      2.34532501160601780654      1.32317336092635584599      0.62216522337185498071
      3.35523603348119747736      0.91810804475222262955      0.70502972372186312189
      2.30064265151612001858      2.61478807028851356620      1.45641715757249223806
      2.45305992635710046201      2.36847467771929798275      2.50917614240583430885
      3.11857826822419426094      3.26367113267387187747      1.13685932640017695050
      1.06446127273354718135      3.31027487539784592840      1.29769910655640785535
      1.08381760525662307337      4.12658049212514210780      1.84454692371536510542
      1.40047619950644230968      0.25733530915242458503      1.21817186112326392156
      1.68936109585518412501     -0.31049406272014795638      2.27609058791071738881
      0.30169215385203956847     -0.07212974113960018974      0.52436116847748948100
      0.11237931550078109066      0.45187818069577573299     -0.31929168132160801186
     -0.62925700691567854062     -1.15517174127414934404      0.88469656776552363375
     -0.70099719272525295999     -1.21110845420651136450      1.97242407257161556089
     -2.02900732692126917200     -0.81569823090711957025      0.33251191294241511098
     -2.70390258523599502638     -1.64391480354238961326      0.55674792375166304303
     -1.96825742209871212829     -0.70769191594276470436     -0.75171506673606625082
     -2.61415362756325597715      0.46538169398125134313      0.95663603011166964407
     -2.58473269973903363450      0.37014638488376194747      2.04308681239393319373
     -2.00703766453202581133      1.32639275859653515965      0.67358688283609591263
     -4.06938383658643765273      0.72626388946192921292      0.53793229791902485992
     -4.43130171691715624149      1.59573157496529183241      1.09020658670267622803
     -4.68140028519927664519     -0.13420834622788327395      0.81587066589752887946
     -4.20291050131102394971      0.99519936736668390687     -0.96948762690018563948
     -3.85980583302929192158      0.11484578873930061105     -1.52101101708437047577
     -3.55213910149276834716      1.83363955124177335776     -1.23647469533683507237
     -5.60672014176818667153      1.30760995238889021763     -1.35133550097441168525
     -5.68067059105780458594      1.48254192771355941538     -2.34463261800754141362
     -6.22647838676376697009      0.54062888222932592441     -1.12832039239447134982
     -5.94246942276143030881      2.13081841186381115705     -0.87001534648318024079
     -0.15991096944113578071     -2.55519007401088682485      0.41812330724314694663
     -0.77669532597296597753     -3.56364500249892257600      0.77908880963750204440
      0.92123718520816444411     -2.63448662020393475913     -0.36980223083459595745
      1.37697421733894120877     -1.76574039311312946943     -0.61986635313605253916
      1.49179147983875659556     -3.87290442925827660403     -0.89203947295847663135
      0.75362213916811160441     -4.39596891400551026408     -1.50251439657837826402
      1.79853709407301387557     -4.51939606765272650080     -0.06795523219507970669
      2.36361510567239552216     -3.64578494425365162712     -1.50758073535811654153
