      1.26033702731430152788      1.77073522575197950246     -3.24870638254048049731
      2.25902796863206267730      1.95229370742770758085     -2.85273627275777119650
      2.98397597381941315220      1.36271817555153207380     -3.41348067192710802331
      2.49811006079231701094      3.01058281561988616559     -2.95290326494757637832
      2.30012327151645878942      1.56341200682213044004     -1.38700686845422627158
      3.06760309123303498424      0.68836298790369532252     -0.98890312792578305423
      1.45704664948555651094      2.19688883611745477964     -0.57411934882608117725
      0.82981875523781223336      2.88822907275383000680     -0.96563605376356143051
      1.38494042655053872792      1.98255337590667957137      0.88417504533188995275
      2.39305482973814109826      2.04935149278504935566      1.29653544378878060606
      0.55123773578916424043      3.10537185921790870324      1.52467157316279688928
      1.07407704110844903767      4.05286002827407099147      1.37960769615258604937
      0.46750833184819640120      2.92362403909910950617      2.59803284638587772548
     -0.75148172187394834953      3.19806276903662256572      0.94825052832043688067
     -1.23935712971881617506      3.93454507477648274261      1.37860718089172396006
      0.83675903630854797655      0.59932369085143122334      1.29587678094858627098
      1.00555302883412434056      0.17754229894251002952      2.44417818185787583118
      0.23076815509121345604     -0.14241723379999882138      0.35826455331794915260
      0.10631250818969364969      0.27705718738546297741     -0.55334768610723095161
     -0.25401966537349918163     -1.51979283871378356707      0.55077703675094102920
     -0.56825862799718540597     -1.64292336186972764978      1.58876597899025218119
     -1.48811554641060328485     -1.74189175060603473888     -0.34766419121925823399
     -1.21367723108632086237     -1.56844143361032783979     -1.39018068830464969210
     -1.81277332943237357021     -2.77945933884864038177     -0.24913150328180011517
     -2.66730641558522307832     -0.82933708319044086021      0.03242856430765983511
     -2.93031240093784983713     -1.00236703076274991098      1.07719745118968313058
     -2.37419620133373499016      0.21344873159749971903     -0.08932679049150345219
     -3.89230314724672332716     -1.11709987327548443403     -0.84951836266708435907
     -4.15500145974426082773     -2.17171800870651798832     -0.74638021733394821489
     -3.64479908047339407062     -0.93246143114492796578     -1.89682029610674218745
     -5.11785780908542431433     -0.27874291401803846790     -0.44896014188056537764
     -5.31332293228877006186     -0.42478067483001186178      0.61778757663891870067
     -5.98578848913137218091     -0.65875036743583004206     -0.99652523943932147521
     -4.94898439498246389689      1.17138499406526097601     -0.74399373704865101598
     -4.77445062663741115472      1.32628343030011142112     -1.72785185561660448172
     -5.78452588872214068516      1.68601399246093275330     -0.49869472368104922344
     -4.18204475293842481420      1.57008937460884223647     -0.21992593754290726271
      0.83205589812436231423     -2.59635687965762107510      0.30717280327757179315
      0.58526795876893156212     -3.78513312246492406032      0.53894484109605866884
      2.02868976510984122541     -2.20085045538743973026     -0.14846223548289869121
      2.15887215201487903116     -1.20964186417511032623     -0.30751989857020506358
      3.15621110361190915228     -3.08542015660648027975     -0.42823145627093017751
      3.45354013144417848480     -3.61054016514576003871      0.48116675869435482360
      4.00211729355096323957     -2.50000121917698425733     -0.79193646055774424841
      2.87769161527802586065     -3.81623532399583265118     -1.18948890220434599918
