     -1.18912360376224102154     -1.62350180332274285355     -3.27980813390487258019
     -2.13194519279443017723     -1.08357081835148605364     -3.19787292644092024929
     -2.16507552563649818822     -0.29597829797290681197     -3.95031671337229672858
     -2.95751022413110087328     -1.77553193394367458957     -3.36158236360593276615
     -2.24918212591148991564     -0.47861624592003260137     -1.81160094948841798868
     -2.35958150549751932701      0.73766283552189526596     -1.66394338507832650897
     -2.20910089722799085621     -1.32423885904884364173     -0.78331186521569740044
     -2.16027976203580118764     -2.31549217762095338458     -0.98079008039086024162
     -2.42267017101847059735     -0.93782833572690382784      0.62606148995045474148
     -3.37360212169098971913     -0.40908698944381099993      0.70367292204857434523
     -2.51798201946667443707     -2.19987947090884272683      1.50028255610637684114
     -2.76111189962719283386     -1.90601820903208207802      2.52348154739179575401
     -1.54755981633107175810     -2.70090210998376756280      1.50657907791941592102
     -3.51315493669582146197     -3.10187107572279785472      1.01828497980492205244
     -3.55534536445483473344     -3.88217515399038592960      1.61476592112831607295
     -1.34172012281841612769      0.00123226214170581833      1.20330569021259514706
     -1.55718580467849165849      0.63530180462951124643      2.24000383631290533870
     -0.19124004470600211580      0.13374258709164224546      0.52798109283123850766
     -0.07362175711012008961     -0.42495793148046362431     -0.30712302805631808145
      0.89231371752592647528      1.06449526747998346465      0.88879899866708156342
      0.95184965097254536914      1.13229470979124413610      1.97666124173965185307
      2.23087099109239161976      0.49690099645617674673      0.37408771821619102305
      2.17382644227453480923      0.37516352229912935945     -0.70888220514405342332
      3.02345614603527579334      1.21386539482138888779      0.59660952057721927666
      2.59560900884028411539     -0.84539069891735985074      1.03588786610288074996
      1.86640350415955214025     -1.60685602587208165026      0.75581570894929006599
      2.56042986299501773573     -0.72221671264057230033      2.11934514726471512347
      3.99982255638690453736     -1.33990816100021303825      0.65537467820519956785
      4.20981299034338363185     -2.24328328068056537248      1.23141112532438290472
      4.73364767825866561424     -0.58010042358270519358      0.93185651886770393126
      4.11980944885175670578     -1.65845934193618260721     -0.84353201070757954927
      3.35133155702347851346     -2.39049395506841610981     -1.11065430021293209961
      3.92999978580594389044     -0.74724313213303383829     -1.41851948834067109750
      5.46481104815383122997     -2.19425497451923057213     -1.18707416132072318682
      5.65782142397705012371     -3.04936979750585201998     -0.68349035224740861683
      6.19238531914215695195     -1.52887211504609754620     -0.96347150786368462860
      5.53045218286769912908     -2.39965331731192188514     -2.17511036637965826657
      0.66062270805865586087      2.51077326762680330674      0.38673697015442015656
      1.41695186475530543468      3.41759335248974727151      0.75186493599413328770
     -0.37205608636216030982      2.74244433395532949405     -0.43496430024296084405
     -0.95036029523638465566      1.95006313911501161229     -0.68886260314543901195
     -0.72733521908283205182      4.04455228829224200382     -0.99176875041627765572
     -0.95261269024666705985      4.74614873117779989542     -0.18668737909186525203
     -1.60622832568941564801      3.94412058589866187930     -1.63049831790521260189
      0.10026147294865719872      4.43489281210398722521     -1.58664046791328772201
