     -2.51918772081909470018     -0.32462461579878287843     -3.00232378005067523929
     -3.40173739585696521814     -0.69064419313452141136     -2.47851461806749373551
     -4.22619352878956888730      0.00643326108818808619     -2.62692408226314055852
     -3.67686996390630316256     -1.66642549060420175344     -2.87778896314960741520
     -3.09444642189630991780     -0.82074440129368531061     -0.99835849004410837093
     -3.73603756868427039350     -0.18451039339256475325     -0.16438604829551253794
     -2.09619300217240756012     -1.63506287254002735665     -0.66379459422843778427
     -1.60068104652471410176     -2.12434530422827894114     -1.39885954158496028654
     -1.67797503817040549734     -1.92934418796854889600      0.72081238886653120623
     -2.56821983795469677148     -2.03270687400928951050      1.34326866871129335657
     -0.94190467110090647651     -3.28037735366910698787      0.74342668460378313888
     -1.64431310959903953517     -4.06327336688328522030      0.45040230493472277473
     -0.60303250329397961593     -3.49139938451311815371      1.75959385601797424492
      0.17177142739712550346     -3.29465617965609736117     -0.15000597601587298269
      0.59524514737400557873     -4.18062782978094471531     -0.11783869125475823769
     -0.81463213219540242527     -0.82793932343292986342      1.37651796336182830061
     -0.50210366409853846026     -0.90791588698343228536      2.56920420734270793517
     -0.44764333716447912703      0.21656757028066372928      0.61971354191593031047
     -0.71581264940076816394      0.18027728853511171270     -0.35442587981794670959
      0.45734796281277334540      1.30445553728867835730      1.03971616388697496447
      0.37745613049596049571      1.41256868167982441165      2.12277351872115271902
      1.91066299039947784522      0.88222519770499063796      0.72667561863953655799
      2.11102211150744567547     -0.05593052792845377291      1.24564988720880398532
      2.59218579495680989666      1.63321867239143192485      1.13017759156153885236
      2.19657605122245058737      0.70345832236665117865     -0.77792663369983860999
      1.54740654897595608652     -0.07101536693420623658     -1.18861753102906209101
      1.98040554277342817358      1.63842561929869789950     -1.29589982546742898961
      3.65721147746450370164      0.32484569647970340522     -1.06708876252417272923
      3.80077172907522742307      0.32544544943077469146     -2.14939512039744551331
      4.31644538778756903241      1.07958080728323468911     -0.63347856508589084346
      4.01564851950647838663     -1.06334020316016042429     -0.51275179632132628083
      3.31416597215640207352     -1.79729244323916281800     -0.92161918769787387617
      3.89547121277914376591     -1.05556731365114875310      0.57450586985591689526
      5.40949922015052919733     -1.45253979948262657018     -0.85828058582629640494
      6.07808927242602781149     -0.79681056017890183885     -0.47736022567136399131
      5.63152452137151549039     -2.36686824322920008612     -0.48762710967332600909
      5.54208996653179308822     -1.48805999901298480204     -1.85987952153232027896
      0.08249312512793524621      2.69875634042457202000      0.47631172755093853510
      0.88039041178921084718      3.63965561775046841930      0.54952098597232801325
     -1.12175181207561669439      2.83938444994125793741     -0.09371564461111406286
     -1.73903861826349603881      2.04034922473835500512     -0.07205239898897222717
     -1.62487167238693408500      4.07090166039963285982     -0.69846182681430524219
     -0.96846665206408266702      4.38228300317018071297     -1.51303600171601293489
     -1.66733341741875618069      4.86432822488516958259      0.04988210174929050972
     -2.62757576889282695731      3.90590164428744257563     -1.09604462554916470829
