          45
Energy of minimum      1=     0.000000000     first found at step       58 after                19519 function calls
HH31       -2.7958749515       -2.5952609373       -3.1617024780
CH3        -2.3553734829       -1.6074586870       -3.0298850959
HH32       -2.8767225384       -0.8909619190       -3.6642361483
HH33       -1.3034996188       -1.6428598832       -3.3117834832
C          -2.4752980648       -1.1926783084       -1.5756110909
O          -3.0840753827       -0.1713367254       -1.2600162351
N          -1.8756218687       -1.9717779372       -0.6777439218
H          -1.3653378498       -2.7841195874       -1.0007699408
CA         -1.9194014880       -1.7495873300        0.7804442527
HA         -2.9577173372       -1.5920989268        1.0770366176
CB         -1.4227026589       -3.0116275014        1.5062475493
HB2        -2.1205518604       -3.8266036126        1.3037427276
HB3        -1.4164376808       -2.8285420945        2.5826478260
OG         -0.1179257552       -3.3969648598        1.0748200831
HG          0.1535279851       -4.2070896206        1.5603602046
C          -1.1390089584       -0.5051920100        1.2564223742
O          -1.3319274103       -0.0418202245        2.3847698486
N          -0.3024535386        0.0851609808        0.3911314418
H          -0.1715021188       -0.3630088738       -0.5056591692
CA          0.4140199751        1.3478835264        0.6389335887
HA          0.6921760096        1.3948259273        1.6933598205
CB          1.7107046384        1.3588870567       -0.1962099670
HB2         2.2092054863        2.3200571425       -0.0571638553
HB3         1.4615125619        1.2548603029       -1.2541874564
CG          2.6900723026        0.2452131390        0.2127286677
HG2         2.9193423094        0.3420522300        1.2751790161
HG3         2.2337024840       -0.7302392408        0.0385381787
CD          3.9922832225        0.3349261486       -0.5940254254
HD2         3.7637203723        0.2392421630       -1.6575117846
HD3         4.4600740368        1.3054945081       -0.4163663071
CE          4.9522676659       -0.7854337856       -0.1696085757
HE2         5.1531984506       -0.6905282801        0.9019177561
HE3         4.4627382574       -1.7503128067       -0.3337035741
NZ          6.2312897450       -0.7345030282       -0.9276847910
HZ1         6.7113261627        0.1422848170       -0.7770290976
HZ2         6.0727173001       -0.8381940216       -1.9206424453
HZ3         6.8524406040       -1.4776915014       -0.6372373520
C          -0.4435336473        2.6086866450        0.3688601011
O          -0.0123466001        3.7249039932        0.6786410262
N          -1.6491207318        2.4501634738       -0.1946020386
H          -1.9361710535        1.5049288906       -0.4160556319
CH3        -2.5777363963        3.5314691380       -0.5113304366
HH31       -2.1139829200        4.2291867690       -1.2108241475
HH32       -3.4799789943        3.1203789359       -0.9668618857
HH33       -2.8526762021        4.0663608557        0.3994117340
          45
Energy of minimum      2=    0.5435495577E-01 first found at step       53 after                17731 function calls
HH31        1.4855606976        1.4724332867       -3.3939057075
CH3         2.4916463683        1.1871832977       -3.0879828914
HH32        2.8445860069        0.3715728246       -3.7186791078
HH33        3.1566662309        2.0432886579       -3.1974936325
C           2.4726731869        0.7465114473       -1.6364500791
O           2.8221038551       -0.3897679157       -1.3199973849
N           2.0474917150        1.6396047880       -0.7444396021
H           1.8166134069        2.5691370327       -1.0709187161
CA          2.0657201219        1.4348301857        0.7181042358
HA          3.0771700746        1.1600860013        1.0203571837
CB          1.7074033140        2.7505675703        1.4298561344
HB2         0.6674125070        3.0009670013        1.2096373972
HB3         1.8075113473        2.6101150975        2.5081206608
OG          2.5510276188        3.8231161258        1.0124677960
HG          2.3027955438        4.6372001662        1.5044871970
C           1.1303379645        0.3133420177        1.2190868820
O           1.2762716256       -0.1606044463        2.3492678065
N           0.1918736919       -0.1502805457        0.3815870791
H           0.1164910561        0.2914697692       -0.5253928258
CA         -0.7046178930       -1.2836576174        0.6681217515
HA         -0.9645230696       -1.2695060223        1.7282150247
CB         -2.0048933727       -1.1094807205       -0.1426070456
HB2        -2.6402220383       -1.9817977104        0.0221324062
HB3        -1.7648550491       -1.0597779324       -1.2066233812
CG         -2.7957470969        0.1453818242        0.2650574434
HG2        -2.2005788378        1.0377203700        0.0660690279
HG3        -3.0151050516        0.0993395591        1.3329903864
CD         -4.1129107112        0.2422651425       -0.5162984617
HD2        -3.8943607002        0.2879752677       -1.5852140819
HD3        -4.7174817894       -0.6443800820       -0.3143698891
CE         -4.8853222245        1.4998166298       -0.0931827190
HE2        -4.2606442564        2.3781350166       -0.2826957285
HE3        -5.0758938295        1.4510883600        0.9833444709
NZ         -6.1731493813        1.6305324333       -0.8264401265
HZ1        -6.6699850343        2.4624160535       -0.5372153719
HZ2        -6.0216613214        1.6953264901       -1.8237984672
HZ3        -6.7756865989        0.8378014776       -0.6520246662
C          -0.0583810880       -2.6664891666        0.4081237046
O          -0.6455633100       -3.6959636575        0.7591268266
N           1.1393320505       -2.7078873094       -0.1911421718
H           1.5608078056       -1.8229588921       -0.4480631345
CH3         1.8815515530       -3.9259596733       -0.5026968452
HH31        1.2956096810       -4.5599554246       -1.1704348058
HH32        2.0990957782       -4.4757045143        0.4146860465
HH33        2.8217079488       -3.6686256592       -0.9929974854
          45
Energy of minimum      3=    0.1373390987     first found at step     1615 after               594739 function calls
HH31        3.3068200777       -0.9876467362        3.4279294333
CH3         2.7895444321       -0.1192999205        3.0208970489
HH32        3.2462317342        0.7897767365        3.4116639802
HH33        1.7416090764       -0.1545095657        3.3172746512
C           2.8885155362       -0.1382504179        1.5070009138
O           3.4189705154        0.7900673226        0.8997215337
N           2.3586026849       -1.1893425036        0.8855267291
H           1.9224747647       -1.9138502658        1.4423616296
CA          2.3981678885       -1.4144720371       -0.5730155214
HA          3.3917594628       -1.1529417160       -0.9405729678
CB          2.1848959219       -2.9120861434       -0.8552050367
HB2         2.1747707223       -3.0796180664       -1.9340265212
HB3         3.0248884473       -3.4677724162       -0.4335080532
OG          0.9710742716       -3.3950006576       -0.2793929852
HG          0.8800004994       -4.3523676257       -0.4813385216
C           1.3987282564       -0.5568547818       -1.3824619062
O           1.4220696420       -0.5715742811       -2.6176774767
N           0.5437216464        0.2206475631       -0.7023553038
H           0.5647551411        0.1364292941        0.3048916335
CA         -0.5058740803        1.0725856227       -1.2946889134
HA         -0.2309881222        1.2825990096       -2.3296762894
CB         -1.8300249621        0.2771521544       -1.3263021656
HB2        -1.6670174162       -0.6470899627       -1.8838415506
HB3        -2.5775589365        0.8594073402       -1.8680799172
CG         -2.3837073581       -0.0748481012        0.0665591112
HG2        -1.6605016089       -0.6897799688        0.6040419575
HG3        -2.5582643552        0.8404427200        0.6336085348
CD         -3.7033353645       -0.8492346922       -0.0505536187
HD2        -3.5317751561       -1.7684294912       -0.6145695948
HD3        -4.4341640582       -0.2366136030       -0.5825552277
CE         -4.2390326889       -1.1941574203        1.3463080366
HE2        -3.4888640239       -1.7907975421        1.8744250365
HE3        -4.3842093896       -0.2660806254        1.9077735226
NZ         -5.5212527797       -1.9454631295        1.2765694789
HZ1        -5.4082606201       -2.8169370958        0.7768805784
HZ2        -6.2364861718       -1.4062642873        0.8078966166
HZ3        -5.8613237451       -2.1654013172        2.2031530394
C          -0.6376739071        2.4673038029       -0.6319318067
O          -1.6160283340        3.1840648641       -0.8693088564
N           0.3341924900        2.8561598963        0.2044070316
H           1.1259295150        2.2378863523        0.3116899113
CH3         0.3571387297        4.1221828013        0.9335479797
HH31        1.2566730527        4.1790919145        1.5486071409
HH32        0.3553465686        4.9577899862        0.2313468096
HH33       -0.5188186857        4.1965934341        1.5804584678
          45
Energy of minimum      4=    0.2035045838     first found at step     1231 after               450277 function calls
HH31        0.4016171122        3.0801724765       -1.7539373544
CH3         1.1096764820        2.5416503425       -2.3830881107
HH32        0.6240747826        2.2618034316       -3.3176889170
HH33        1.9622353997        3.1855882861       -2.5968420724
C           1.5872123734        1.2983197740       -1.6569241955
O           1.4022159485        0.1806297934       -2.1363529151
N           2.1900790546        1.4837071576       -0.4835985997
H           2.3481628621        2.4332530631       -0.1712254882
CA          2.8151532855        0.4095950364        0.3147719189
HA          3.5410567301       -0.1132837352       -0.3094076196
CB          3.5767541200        1.0222218942        1.5024205973
HB2         2.8584781556        1.4781641512        2.1872060207
HB3         4.1041680551        0.2276908860        2.0343699982
OG          4.5147784983        2.0088640609        1.0748621261
HG          4.9917485234        2.3597614051        1.8596335146
C           1.8262160260       -0.6547531945        0.8369380010
O           2.2375897368       -1.7524414438        1.2227156390
N           0.5170950994       -0.3667696483        0.8145093530
H           0.2498619554        0.5589680538        0.5077670400
CA         -0.5578307507       -1.3147492443        1.1528172050
HA         -0.2360328048       -1.8950485990        2.0196017066
CB         -1.8100558960       -0.5192025923        1.5756850951
HB2        -1.5382350497        0.1498355539        2.3945560163
HB3        -2.5550953099       -1.2207635197        1.9557670593
CG         -2.4423824835        0.3072440724        0.4403482311
HG2        -2.7413024553       -0.3563970855       -0.3721391903
HG3        -1.7151946192        1.0252112260        0.0587120029
CD         -3.6774571556        1.0678721106        0.9414303698
HD2        -4.4106219724        0.3529802494        1.3208746183
HD3        -3.3830111078        1.7384007947        1.7515460277
CE         -4.2972163410        1.8828802825       -0.2028781181
HE2        -4.5657776971        1.2017362906       -1.0163375209
HE3        -3.5470353373        2.5817259664       -0.5857371742
NZ         -5.5023009599        2.6331565806        0.2427311931
HZ1        -5.8993185857        3.1644717084       -0.5206312673
HZ2        -5.2761172709        3.2831794283        0.9832020626
HZ3        -6.2182613280        2.0064695861        0.5843001109
C          -0.8656085465       -2.3515161345        0.0448522885
O          -1.6127838956       -3.3055897248        0.2863401822
N          -0.3029665393       -2.1811671623       -1.1589755052
H           0.2953171352       -1.3725265503       -1.2825731530
CH3        -0.4918433160       -3.0637766759       -2.3062877622
HH31       -0.1438780983       -4.0696360032       -2.0648580388
HH32        0.0767213973       -2.6868992171       -3.1578691545
HH33       -1.5486166134       -3.1047736557       -2.5758928531
          45
Energy of minimum      5=    0.2109998293     first found at step     1110 after               405245 function calls
HH31       -0.0983817301       -2.8471535210       -2.0026548079
CH3        -0.8714828348       -2.4014548784       -2.6278314301
HH32       -0.4210456043       -2.0172123437       -3.5427533418
HH33       -1.6114319623       -3.1605375770       -2.8798032049
C          -1.5457061678       -1.2729580513       -1.8708779310
O          -1.5221014043       -0.1217913000       -2.3038775051
N          -2.1334130133       -1.5896720828       -0.7187206343
H          -2.0965222640       -2.5499640250       -0.4004312657
CA         -2.8651907826       -0.6326571201        0.1339486234
HA         -3.5843342640       -0.0944015392       -0.4857888765
CB         -3.6647108061       -1.4010113009        1.1999911577
HB2        -4.4275154699       -1.9999286043        0.6983684352
HB3        -4.1684588713       -0.6874007014        1.8551589293
OG         -2.8306052131       -2.2618296652        1.9746978139
HG         -3.3827183356       -2.7292593144        2.6400919667
C          -1.9705481215        0.4400624054        0.7919708702
O          -2.4692618348        1.4681600411        1.2600154482
N          -0.6434105039        0.2514471984        0.7754895696
H          -0.3068160402       -0.6286277217        0.4100397544
CA          0.3544812847        1.2426590513        1.2102062205
HA         -0.0207078463        1.7250406952        2.1146418223
CB          1.6559681135        0.5066801097        1.5906772021
HB2         2.3442492262        1.2266434981        2.0374778580
HB3         1.4236636596       -0.2431102469        2.3495639152
CG          2.3587809016       -0.1801576023        0.4048041974
HG2         2.6176064090        0.5653109010       -0.3483348697
HG3         1.6896709434       -0.9158032874       -0.0436804042
CD          3.6401690300       -0.8880516460        0.8652418572
HD2         3.3862292083       -1.6398114370        1.6155527778
HD3         4.3155235516       -0.1549727661        1.3114165594
CE          4.3297139366       -1.5637967781       -0.3287812185
HE2         3.6363596090       -2.2820022109       -0.7773099474
HE3         4.5570248422       -0.8030917024       -1.0820840795
NZ          5.5811084281       -2.2589628776        0.0767965976
HZ1         6.0238635510       -2.6986328990       -0.7190078992
HZ2         5.3946221171       -2.9799108982        0.7605001536
HZ3         6.2460206844       -1.6116909204        0.4779730806
C           0.5998260678        2.3858488609        0.1949807710
O           1.2786062185        3.3647330358        0.5234940892
N           0.0598870876        2.2776772846       -1.0266042449
H          -0.4829280376        1.4455254599       -1.2226588431
CH3         0.1985814844        3.2620303565       -2.0957106891
HH31        1.2524623180        3.3952128787       -2.3462049382
HH32       -0.3359630852        2.9195022949       -2.9831002524
HH33       -0.2183674990        4.2193466078       -1.7781698911
          45
Energy of minimum      6=    0.3025569549     first found at step     1785 after               659736 function calls
HH31       -4.1318948134       -3.4086531183        1.8610409815
CH3        -4.7691021906       -2.8794618005        1.1531033604
HH32       -5.4324918211       -3.5909039236        0.6618228516
HH33       -5.3644017459       -2.1404333663        1.6885566250
C          -3.9045339115       -2.1794464946        0.1200308061
O          -4.0111974067       -2.4515778585       -1.0749968804
N          -3.0373636384       -1.2788985237        0.5787048877
H          -3.0020890674       -1.1170219600        1.5775005008
CA         -2.1375726606       -0.4653512833       -0.2568275185
HA         -1.6856724182       -1.1012923170       -1.0196318588
CB         -2.9374104957        0.6392574074       -0.9721946713
HB2        -3.4174555825        1.2740439971       -0.2247150120
HB3        -3.7150953816        0.1785853653       -1.5836981759
OG         -2.1023134109        1.4397361863       -1.8058993354
HG         -2.6677160301        2.0425957309       -2.3382246240
C          -1.0024342334        0.1619765997        0.5749060332
O          -1.1855206004        0.5059747216        1.7481118431
N           0.1740326487        0.3450361069       -0.0398072428
H           0.2616247448        0.0460842825       -1.0028298570
CA          1.3227094835        1.0495786928        0.5567508044
HA          1.3539486682        0.8354201534        1.6266608408
CB          2.6235827568        0.5121793761       -0.0737125700
HB2         2.5899456365        0.6584300656       -1.1552053601
HB3         3.4663703689        1.0830991961        0.3205438501
CG          2.8632507991       -0.9751851225        0.2368453629
HG2         2.8769747549       -1.1175954075        1.3186318581
HG3         2.0567324147       -1.5751468331       -0.1869650999
CD          4.1984165017       -1.4511410631       -0.3510960218
HD2         4.1858412696       -1.3083332815       -1.4336235263
HD3         5.0112495138       -0.8603560018        0.0763159087
CE          4.4162730148       -2.9363502114       -0.0289855593
HE2         3.5846458396       -3.5133138254       -0.4450122710
HE3         4.4034637539       -3.0671787942        1.0574292163
NZ          5.7031187226       -3.4388678859       -0.5809632093
HZ1         5.8323173475       -4.4173178197       -0.3608555487
HZ2         6.4889010686       -2.9321379844       -0.1967291703
HZ3         5.7314869957       -3.3448151263       -1.5870462509
C           1.2282091797        2.5903742903        0.4344379319
O           2.0507355307        3.3071702894        1.0153620259
N           0.2367199468        3.1087888074       -0.3031688441
H          -0.3995967400        2.4555290361       -0.7436603898
CH3         0.0032102321        4.5345524068       -0.5151437097
HH31       -0.1760977467        5.0296510866        0.4408422322
HH32       -0.8690969410        4.6743486510       -1.1554232666
HH33        0.8719093909        4.9877077576       -0.9959828968
          45
Energy of minimum      7=    0.4329741911     first found at step     1103 after               402767 function calls
HH31       -3.3639715968       -3.0767785333       -2.2710901664
CH3        -3.1344912593       -2.0117790472       -2.2543929008
HH32       -4.0263153520       -1.4450115713       -2.5208453127
HH33       -2.3440496538       -1.8034757677       -2.9747939488
C          -2.6686908750       -1.6188465024       -0.8651747444
O          -3.2714694767       -0.7646362896       -0.2168325610
N          -1.5761451845       -2.2248775121       -0.4047610578
H          -1.1070373337       -2.8990176464       -0.9965058023
CA         -1.0012425242       -2.0015108533        0.9358187230
HA         -1.7994009598       -2.0845712858        1.6753123663
CB          0.0251211927       -3.1054610783        1.2421138351
HB2         0.4691882830       -2.9220650779        2.2225696756
HB3        -0.4957349713       -4.0644016827        1.2782917642
OG          1.0516686405       -3.1682896518        0.2524809867
HG          1.6652693961       -3.9028565077        0.4744637239
C          -0.3706971067       -0.6059810119        1.1307945358
O          -0.1128981908       -0.1900453668        2.2644775507
N          -0.1676324400        0.1512674607        0.0436376113
H          -0.3782422145       -0.2630689729       -0.8545291417
CA          0.3274979201        1.5376804639        0.0589847941
HA          0.9939938110        1.6662775945        0.9128015157
CB          1.1369218588        1.7941618065       -1.2310242968
HB2         1.5574292367        2.8004292277       -1.1855028193
HB3         0.4561092472        1.7622870034       -2.0837959758
CG          2.2884969533        0.8064681799       -1.5019248656
HG2         1.8823498200       -0.1927157996       -1.6654628092
HG3         2.7867074921        1.1159033222       -2.4220075281
CD          3.3297108948        0.7492124969       -0.3738055644
HD2         3.7145125894        1.7539812351       -0.1877179312
HD3         2.8636980862        0.3674806542        0.5361739048
CE          4.4828823266       -0.1803830937       -0.7773142593
HE2         4.0773796322       -1.1768081460       -0.9785187647
HE3         4.9288612912        0.1926052170       -1.7044520820
NZ          5.5234037930       -0.2648941060        0.2826663304
HZ1         5.9257244198        0.6426246612        0.4739873847
HZ2         5.1393908168       -0.6260436987        1.1452401671
HZ3         6.2753552802       -0.8796670637        0.0010817594
C          -0.7912795565        2.5918146095        0.2440357471
O          -0.4976531284        3.7843836575        0.3822362481
N          -2.0640208767        2.1725079202        0.2546555266
H          -2.2246774785        1.1796910620        0.1405603775
CH3        -3.2317756120        3.0335997721        0.4188509118
HH31       -3.2657706318        3.7736901301       -0.3825851943
HH32       -4.1411557956        2.4316330961        0.3838038982
HH33       -3.1842272462        3.5481037844        1.3801995787
          45
Energy of minimum      8=    0.5734971974     first found at step     2303 after               863481 function calls
HH31        6.3233352445        0.2934983930        0.7718909795
CH3         5.8872231940        1.2806395590        0.9222605625
HH32        6.5851373017        2.0412416230        0.5729872035
HH33        5.6921017940        1.4291658864        1.9839213938
C           4.5840286677        1.3802263886        0.1499468956
O           4.4357810156        2.2352063613       -0.7221465268
N           3.6300225776        0.5093754760        0.4738193091
H           3.8245241344       -0.1585882529        1.2094246117
CA          2.3124987624        0.4133950029       -0.1776767265
HA          1.9058520061        1.4169985578       -0.3116006713
CB          2.4580552012       -0.2300277618       -1.5692861940
HB2         3.1310901947        0.3782326084       -2.1759022866
HB3         2.8963628692       -1.2239652241       -1.4593107652
OG          1.2012495429       -0.3395549141       -2.2339781168
HG          1.3552221706       -0.6293407922       -3.1606801199
C           1.3154104286       -0.3966355498        0.6728845085
O           1.6934513323       -1.3466555184        1.3676253390
N           0.0235924223       -0.0480487417        0.5962527087
H          -0.2242164375        0.7397477595        0.0118555194
CA         -1.0769219378       -0.8011466863        1.2228673982
HA         -0.7340089533       -1.1555940223        2.1967147563
CB         -2.2596746399        0.1556264577        1.4793277104
HB2        -3.0102519008       -0.3716584885        2.0711929368
HB3        -1.9031631561        0.9990709364        2.0738794215
CG         -2.9265952394        0.6900370525        0.1984813363
HG2        -2.1931623869        1.2340112706       -0.3980935770
HG3        -3.3096777400       -0.1447619391       -0.3899861527
CD         -4.0884797425        1.6325529601        0.5404115924
HD2        -3.7096138601        2.4732173953        1.1254754477
HD3        -4.8281609648        1.0912578147        1.1340531453
CE         -4.7427562554        2.1539134959       -0.7470917339
HE2        -3.9863497567        2.6758799855       -1.3413002639
HE3        -5.0981389978        1.3006870472       -1.3330963436
NZ         -5.8768464346        3.0724476528       -0.4579514910
HZ1        -6.2972561644        3.4072747413       -1.3145237108
HZ2        -6.5982846499        2.6068462323        0.0755949233
HZ3        -5.5697004707        3.8791710773        0.0681488927
C          -1.4987012391       -2.0691874159        0.4407932809
O          -2.3044962214       -2.8619598482        0.9398726631
N          -0.9664651874       -2.2700600306       -0.7723208385
H          -0.3127840120       -1.5741826748       -1.1102696865
CH3        -1.2563179002       -3.4089971039       -1.6386653650
HH31       -0.9785775670       -4.3385195696       -1.1386417304
HH32       -2.3209676539       -3.4348046134       -1.8774908232
HH33       -0.6873569988       -3.3217668817       -2.5655417961
          45
Energy of minimum      9=    0.6666743784     first found at step     3816 after              1447679 function calls
HH31       -4.0828108624        0.5777324318        3.0133660381
CH3        -3.6461113479       -0.3214267321        2.5797708144
HH32       -4.2989715183       -1.1715999992        2.7760229104
HH33       -2.6714715069       -0.5015192817        3.0323836840
C          -3.4805614868       -0.1308463339        1.0832116192
O          -4.0384221314       -0.8851474474        0.2876091372
N          -2.7052070288        0.8775128513        0.6914485896
H          -2.2806641084        1.4676239871        1.3957057852
CA         -2.4352272423        1.2321272204       -0.7150074402
HA         -3.3277855625        1.0333715899       -1.3103915364
CB         -2.1518926570        2.7418334844       -0.8048800093
HB2        -3.0547311347        3.2824571917       -0.5136615450
HB3        -1.9170432152        3.0047837361       -1.8381608370
OG         -1.0773297935        3.1340983025        0.0495483989
HG         -0.9447173051        4.1044531553       -0.0289775038
C          -1.2891930221        0.4236007009       -1.3642647707
O          -1.0539790654        0.5369940600       -2.5721833989
N          -0.5917593158       -0.4161264588       -0.5859001985
H          -0.8668034072       -0.4729880474        0.3856029605
CA          0.5727619410       -1.2206769683       -0.9967357214
HA          0.3559412461       -1.6494665430       -1.9772349554
CB          1.8144743986       -0.3100171971       -1.1486646522
HB2         2.6470485600       -0.9088231029       -1.5224170299
HB3         1.6025873233        0.4548495715       -1.8974465188
CG          2.2492436303        0.3830023676        0.1558856032
HG2         2.5020632039       -0.3700411101        0.9034287017
HG3         1.4313935363        0.9969528423        0.5357292585
CD          3.4719454770        1.2791682234       -0.0818791885
HD2         4.2985199386        0.6701521300       -0.4537826790
HD3         3.2230379553        2.0359063623       -0.8287653445
CE          3.8845677926        1.9650844095        1.2281927361
HE2         3.0397768999        2.5538150213        1.5988551808
HE3         4.1090926107        1.1961876341        1.9738440467
NZ          5.0686686005        2.8463344328        1.0420044982
HZ1         4.8791192636        3.5770180610        0.3696227728
HZ2         5.3278710225        3.2908050479        1.9125489594
HZ3         5.8685965914        2.3209263970        0.7164141493
C           0.8375373324       -2.4132623860       -0.0488323003
O           0.3749491713       -2.4268953492        1.0983191639
N           1.5932743654       -3.4102933036       -0.5242991727
H           1.9404720991       -3.3262621135       -1.4696095445
CH3         1.9580839549       -4.6098296896        0.2269470094
HH31        2.5773237480       -5.2612489378       -0.3918608846
HH32        2.5194854499       -4.3339724870        1.1214376224
HH33        1.0589639158       -5.1534800022        0.5226050197
          45
Energy of minimum     10=    0.7110607618     first found at step       18 after                 6265 function calls
HH31        2.6431812744        2.2036119645       -3.3974441634
CH3         2.0162631925        1.3342769130       -3.2014585017
HH32        2.2277631224        0.5614780168       -3.9401273387
HH33        0.9683191849        1.6244532123       -3.2703963297
C           2.3049061702        0.8093611189       -1.8077384212
O           2.7059950497       -0.3411939973       -1.6384958611
N           2.0820810069        1.6433888958       -0.7940806341
H           1.7250577389        2.5692267531       -0.9941344144
CA          2.3453250116        1.3231733609        0.6221652234
HA          3.3552360335        0.9181080448        0.7050297237
CB          2.3006426515        2.6147880703        1.4564171576
HB2         2.4530599264        2.3684746777        2.5091761424
HB3         3.1185782682        3.2636711327        1.1368593264
OG          1.0644612727        3.3102748754        1.2976991066
HG          1.0838176053        4.1265804921        1.8445469237
C           1.4004761995        0.2573353092        1.2181718611
O           1.6893610959       -0.3104940627        2.2760905879
N           0.3016921539       -0.0721297411        0.5243611685
H           0.1123793155        0.4518781807       -0.3192916813
CA         -0.6292570069       -1.1551717413        0.8846965678
HA         -0.7009971927       -1.2111084542        1.9724240726
CB         -2.0290073269       -0.8156982309        0.3325119129
HB2        -2.7039025852       -1.6439148035        0.5567479238
HB3        -1.9682574221       -0.7076919159       -0.7517150667
CG         -2.6141536276        0.4653816940        0.9566360301
HG2        -2.5847326997        0.3701463849        2.0430868124
HG3        -2.0070376645        1.3263927586        0.6735868828
CD         -4.0693838366        0.7262638895        0.5379322979
HD2        -4.4313017169        1.5957315750        1.0902065867
HD3        -4.6814002852       -0.1342083462        0.8158706659
CE         -4.2029105013        0.9951993674       -0.9694876269
HE2        -3.8598058330        0.1148457887       -1.5210110171
HE3        -3.5521391015        1.8336395512       -1.2364746953
NZ         -5.6067201418        1.3076099524       -1.3513355010
HZ1        -5.6806705911        1.4825419277       -2.3446326180
HZ2        -6.2264783868        0.5406288822       -1.1283203924
HZ3        -5.9424694228        2.1308184119       -0.8700153465
C          -0.1599109694       -2.5551900740        0.4181233072
O          -0.7766953260       -3.5636450025        0.7790888096
N           0.9212371852       -2.6344866202       -0.3698022308
H           1.3769742173       -1.7657403931       -0.6198663531
CH3         1.4917914798       -3.8729044293       -0.8920394730
HH31        0.7536221392       -4.3959689140       -1.5025143966
HH32        1.7985370941       -4.5193960677       -0.0679552322
HH33        2.3636151057       -3.6457849443       -1.5075807354
          45
Energy of minimum     11=    0.7294643481     first found at step     2720 after              1024398 function calls
HH31        4.9839590246        2.7440676362        1.4172830536
CH3         5.4507576358        2.0443366511        0.7246606301
HH32        6.1705091577        2.5765475370        0.1031333805
HH33        5.9657392957        1.2685733260        1.2905577506
C           4.3833412765        1.4087440982       -0.1480117118
O           4.4133060723        1.5401707867       -1.3708890898
N           3.4296291133        0.7235005038        0.4798007002
H           3.4617358775        0.6768501327        1.4907211456
CA          2.3207668040        0.0084384701       -0.1759843838
HA          1.9028062618        0.6443332531       -0.9579280022
CB          2.8425977285       -1.2790706479       -0.8433367573
HB2         3.1736446327       -1.9742108663       -0.0691819653
HB3         3.6993688035       -1.0342857388       -1.4732561616
OG          1.8449956646       -1.8999420600       -1.6517316392
HG          2.2421408614       -2.6737632545       -2.1098858413
C           1.1867289931       -0.3167602323        0.8198552192
O           1.3908232370       -0.3238172479        2.0397097804
N          -0.0138270304       -0.6011758615        0.2980846118
H          -0.0947422545       -0.5700712153       -0.7106878249
CA         -1.2314792820       -0.9207723537        1.0682950590
HA         -0.9279823869       -1.2719864166        2.0560031813
CB         -2.0458580311        0.3755116301        1.2746832623
HB2        -1.4081897243        1.1129550888        1.7657550772
HB3        -2.8795186976        0.1632754374        1.9465246482
CG         -2.5972574769        0.9831378706       -0.0279474429
HG2        -3.2442784170        0.2590355993       -0.5247668013
HG3        -1.7705083070        1.2324387193       -0.6945251265
CD         -3.4033528999        2.2564204635        0.2619256231
HD2        -4.2359665581        2.0120756861        0.9248887590
HD3        -2.7580336167        2.9859880939        0.7556774904
CE         -3.9438898586        2.8489857967       -1.0472825475
HE2        -4.5702458542        2.1000092635       -1.5416123677
HE3        -3.1009615884        3.0697063251       -1.7094051686
NZ         -4.7338361844        4.0869803526       -0.8090528145
HZ1        -4.1706450771        4.8016036296       -0.3685538447
HZ2        -5.0828675777        4.4652144451       -1.6794988053
HZ3        -5.5299677680        3.9043324589       -0.2134573130
C          -2.0662816560       -2.0840884466        0.4758980270
O          -3.1921371340       -2.3342053003        0.9199264056
N          -1.5294379044       -2.7949201288       -0.5251088733
H          -0.5892474024       -2.5564804608       -0.8101997769
CH3        -2.1847825085       -3.9079366145       -1.2082428759
HH31       -2.4062813529       -4.7049913729       -0.4962281301
HH32       -3.1154515265       -3.5689298841       -1.6667856230
HH33       -1.5298215990       -4.3015339705       -1.9871765246
          45
Energy of minimum     12=    0.7508105165     first found at step       19 after                 6598 function calls
HH31       -1.1891236038       -1.6235018033       -3.2798081339
CH3        -2.1319451928       -1.0835708184       -3.1978729264
HH32       -2.1650755256       -0.2959782980       -3.9503167134
HH33       -2.9575102241       -1.7755319339       -3.3615823636
C          -2.2491821259       -0.4786162459       -1.8116009495
O          -2.3595815055        0.7376628355       -1.6639433851
N          -2.2091008972       -1.3242388590       -0.7833118652
H          -2.1602797620       -2.3154921776       -0.9807900804
CA         -2.4226701710       -0.9378283357        0.6260614900
HA         -3.3736021217       -0.4090869894        0.7036729220
CB         -2.5179820195       -2.1998794709        1.5002825561
HB2        -2.7611118996       -1.9060182090        2.5234815474
HB3        -1.5475598163       -2.7009021100        1.5065790779
OG         -3.5131549367       -3.1018710757        1.0182849798
HG         -3.5553453645       -3.8821751540        1.6147659211
C          -1.3417201228        0.0012322621        1.2033056902
O          -1.5571858047        0.6353018046        2.2400038363
N          -0.1912400447        0.1337425871        0.5279810928
H          -0.0736217571       -0.4249579315       -0.3071230281
CA          0.8923137175        1.0644952675        0.8887989987
HA          0.9518496510        1.1322947098        1.9766612417
CB          2.2308709911        0.4969009965        0.3740877182
HB2         2.1738264423        0.3751635223       -0.7088822051
HB3         3.0234561460        1.2138653948        0.5966095206
CG          2.5956090088       -0.8453906989        1.0358878661
HG2         1.8664035042       -1.6068560259        0.7558157089
HG3         2.5604298630       -0.7222167126        2.1193451473
CD          3.9998225564       -1.3399081610        0.6553746782
HD2         4.2098129903       -2.2432832807        1.2314111253
HD3         4.7336476783       -0.5801004236        0.9318565189
CE          4.1198094489       -1.6584593419       -0.8435320107
HE2         3.3513315570       -2.3904939551       -1.1106543002
HE3         3.9299997858       -0.7472431321       -1.4185194883
NZ          5.4648110482       -2.1942549745       -1.1870741613
HZ1         5.6578214240       -3.0493697975       -0.6834903522
HZ2         6.1923853191       -1.5288721150       -0.9634715079
HZ3         5.5304521829       -2.3996533173       -2.1751103664
C           0.6606227081        2.5107732676        0.3867369702
O           1.4169518648        3.4175933525        0.7518649360
N          -0.3720560864        2.7424443340       -0.4349643002
H          -0.9503602952        1.9500631391       -0.6888626031
CH3        -0.7273352191        4.0445522883       -0.9917687504
HH31       -0.9526126902        4.7461487312       -0.1866873791
HH32       -1.6062283257        3.9441205859       -1.6304983179
HH33        0.1002614729        4.4348928121       -1.5866404679
          45
Energy of minimum     13=    0.7661990122     first found at step      225 after                77880 function calls
HH31       -4.0617790449       -1.9261919810       -2.3972524012
CH3        -3.4892079892       -0.9992307462       -2.4049333875
HH32       -4.1465534852       -0.1697697005       -2.6646539237
HH33       -2.6924759891       -1.0752902710       -3.1442601017
C          -2.8849122410       -0.7690728148       -1.0326189817
O          -3.1586205365        0.2414692260       -0.3867603292
N          -2.0434893518       -1.6992188016       -0.5844884594
H          -1.8982693623       -2.5252236805       -1.1507077302
CA         -1.4486693010       -1.7074349919        0.7673483490
HA         -2.2510573315       -1.6370880465        1.5029435830
CB         -0.7159329819       -3.0394489203        1.0023391802
HB2         0.1450850121       -3.0934705846        0.3326223293
HB3        -0.3544654270       -3.0696450115        2.0323120921
OG         -1.5688196580       -4.1591756724        0.7678137011
HG         -1.0698184373       -4.9867656261        0.9480264347
C          -0.4822030032       -0.5367403213        1.0486192769
O          -0.1574774675       -0.2617979007        2.2069466242
N          -0.0425303500        0.1854957762        0.0084321237
H          -0.3355933390       -0.1023851469       -0.9163265446
CA          0.7942381332        1.3928399916        0.1152790570
HA          1.4598265741        1.2889680741        0.9730903237
CB          1.6565260889        1.5172980409       -1.1594788941
HB2         0.9961620049        1.6752332049       -2.0143144426
HB3         2.2908078775        2.4011024197       -1.0694517125
CG          2.5624084543        0.3101494272       -1.4693205728
HG2         3.1040346425        0.5262303319       -2.3915331619
HG3         1.9487593536       -0.5745963339       -1.6442151180
CD          3.5821635691        0.0083626442       -0.3604534818
HD2         3.0581029844       -0.2978942979        0.5465141406
HD3         4.1643837409        0.9085823901       -0.1529792228
CE          4.5213923775       -1.1209332415       -0.8080915742
HE2         5.0212856961       -0.8175724993       -1.7332049514
HE3         3.9238069874       -2.0109881615       -1.0281174398
NZ          5.5382334574       -1.4404993903        0.2301079102
HZ1         6.1159530825       -0.6368728128        0.4363221295
HZ2         5.1020864252       -1.7421193888        1.0907849981
HZ3         6.1489972497       -2.1842394660       -0.0806211173
C          -0.0148347009        2.6872241193        0.3744902363
O           0.5775194480        3.7437317177        0.6202995333
N          -1.3524021830        2.6224869039        0.3316891140
H          -1.7676739324        1.7212775268        0.1262415378
CH3        -2.2557158462        3.7474967684        0.5557226135
HH31       -2.1082344882        4.1509273395        1.5590353770
HH32       -2.0642092258        4.5322660640       -0.1781906767
HH33       -3.2899472304        3.4143272666        0.4562983152
          45
Energy of minimum     14=    0.8082811149     first found at step     2704 after              1017434 function calls
HH31        4.0172824347        0.1546798232       -3.0846354314
CH3         3.3320623732       -0.5762410347       -2.6562645816
HH32        3.7235905046       -1.5796816046       -2.8220681886
HH33        2.3597625475       -0.4824204830       -3.1390567160
C           3.1856666517       -0.3175316845       -1.1684291089
O           3.4847846881       -1.1824738597       -0.3472190515
N           2.7033415115        0.8708189727       -0.8119761384
H           2.4605779425        1.5339242436       -1.5376113628
CA          2.5343861002        1.3287375142        0.5813967151
HA          3.4146215849        1.0344764596        1.1552607056
CB          2.4685631103        2.8660644977        0.5998483498
HB2         3.4288595436        3.2586544543        0.2593827254
HB3         2.3054410497        3.2094206699        1.6233377652
OG          1.4343545507        3.3652137216       -0.2483014729
HG          1.4334419685        4.3470757036       -0.2078876948
C           1.3175764407        0.7192577499        1.3146040199
O           1.1424699251        0.9353209173        2.5184046742
N           0.4936515081       -0.0723796409        0.6128330188
H           0.6874939075       -0.1574921839       -0.3757571575
CA         -0.7332599161       -0.7127490597        1.1253957224
HA         -0.6639272426       -0.7602473513        2.2134384623
CB         -1.9425071167        0.1865389890        0.7839354928
HB2        -1.7625951693        1.1812825747        1.1960144666
HB3        -2.8248986946       -0.2203596218        1.2792986522
CG         -2.2180321083        0.3172709517       -0.7275626151
HG2        -1.3258965259        0.7022976077       -1.2226967580
HG3        -2.4434192371       -0.6637919730       -1.1474709082
CD         -3.3799279710        1.2722499234       -1.0427833267
HD2        -3.4416686415        1.3858597564       -2.1268971658
HD3        -3.1659695852        2.2508838946       -0.6082907723
CE         -4.7257262729        0.7502834639       -0.5143117971
HE2        -4.9021031910       -0.2485018023       -0.9254810857
HE3        -4.6710956050        0.6598248609        0.5745412043
NZ         -5.8505479624        1.6514008793       -0.8840575768
HZ1        -5.7185526768        2.5780411695       -0.5019885219
HZ2        -6.7289330446        1.2963599662       -0.5303665531
HZ3        -5.9370466616        1.7362888178       -1.8877301991
C          -0.9122808280       -2.1856187457        0.6778804931
O          -1.9930124573       -2.7624758460        0.8404169023
N           0.1342867732       -2.7971673579        0.1070913561
H           0.9986551541       -2.2771142140        0.0506747306
CH3         0.1325585685       -4.1687588715       -0.3965575088
HH31       -0.0837420431       -4.8648179175        0.4158749476
HH32        1.1098539957       -4.4097375582       -0.8178938445
HH33       -0.6250293606       -4.2801284734       -1.1743710168
          45
Energy of minimum     15=    0.8122233039     first found at step      223 after                77174 function calls
HH31       -3.1431611761       -2.0561045026       -3.1899470142
CH3        -2.4877404703       -1.1929793351       -3.0778420586
HH32       -2.8481639925       -0.3802788454       -3.7080567196
HH33       -1.4779698199       -1.4668890507       -3.3819490813
C          -2.4765528761       -0.7544344094       -1.6257338929
O          -2.8380686720        0.3776433666       -1.3080152943
N          -2.0436894052       -1.6444867445       -0.7342355862
H          -1.7954831663       -2.5693625775       -1.0625539095
CA         -2.0587820209       -1.4397006453        0.7281178499
HA         -3.0692239642       -1.1637679060        1.0334540146
CB         -1.6898996247       -2.7557848202        1.4366183331
HB2        -0.6405385302       -2.9783256919        1.2332508755
HB3        -1.8068449476       -2.6306970162        2.5151299103
OG         -2.4849622881       -3.8565661804        0.9941510394
HG         -3.4043001361       -3.7503995211        1.3252888932
C          -1.1238599918       -0.3156281156        1.2248965956
O          -1.2644851453        0.1562487521        2.3565654282
N          -0.1919682277        0.1518882839        0.3822246883
H          -0.1201995521       -0.2892916174       -0.5253596329
CA          0.7031851642        1.2874948222        0.6642075966
HA          0.9639439245        1.2776341724        1.7241434092
CB          2.0031717799        1.1119014008       -0.1467113689
HB2         2.6378620193        1.9852770082        0.0148379636
HB3         1.7625804367        1.0584970410       -1.2104212882
CG          2.7952640572       -0.1410028253        0.2646230790
HG2         2.2006504252       -1.0344583193        0.0690051720
HG3         3.0152505414       -0.0912411913        1.3322595632
CD          4.1120050520       -0.2396391414       -0.5172071530
HD2         3.8928399335       -0.2889586313       -1.5858357196
HD3         4.7161968116        0.6479932835       -0.3185120994
CE          4.8853069047       -1.4954106452       -0.0904320440
HE2         5.0765661402       -1.4430214057        0.9858013632
HE3         4.2609174403       -2.3746515582       -0.2766027853
NZ          6.1727036624       -1.6279735737       -0.8241080173
HZ1         6.0205777883       -1.6961733528       -1.8211417161
HZ2         6.6701110353       -2.4586617374       -0.5324383854
HZ3         6.7749888035       -0.8343883338       -0.6527389808
C           0.0547207206        2.6684336962        0.3996934063
O           0.6419712660        3.7002015680        0.7437613606
N          -1.1450095092        2.7057085012       -0.1958702674
H          -1.5665701609        1.8192041171       -0.4468275075
CH3        -1.8893026959        3.9215850738       -0.5111564620
HH31       -1.3060569241        4.5527231574       -1.1839471679
HH32       -2.8308156288        3.6610345184       -0.9971414650
HH33       -2.1043689720        4.4757652829        0.4041421833
          45
Energy of minimum     16=    0.8142207976     first found at step      166 after                56664 function calls
HH31       -3.5340445711       -1.4170890844       -3.3291051645
CH3        -2.7568314895       -0.6783495432       -3.1357783552
HH32       -2.9446018947        0.2106539783       -3.7374307289
HH33       -1.7876550416       -1.0985746740       -3.4027426419
C          -2.7621230781       -0.3156602313       -1.6627618084
O          -2.9489577442        0.8450310266       -1.3004681002
N          -2.5349764593       -1.3042512536       -0.8002929823
H          -2.3595245649       -2.2340464658       -1.1599311057
CA         -2.5427769834       -1.1485430462        0.6671134493
HA         -3.4534905548       -0.6211686736        0.9558133283
CB         -2.5882611496       -2.5361143712        1.3296024936
HB2        -3.5357023520       -3.0136854195        1.0717749820
HB3        -2.5507931458       -2.4181361608        2.4144444948
OG         -1.5132218314       -3.3695631828        0.8975251481
HG         -1.5861972635       -4.2427829426        1.3424628993
C          -1.3660326791       -0.3178631862        1.2233146420
O          -1.4085215965        0.1322732132        2.3725219090
N          -0.3381285455       -0.0513295423        0.4050760741
H          -0.3548062039       -0.4748540028       -0.5128649394
CA          0.7940715669        0.8314724241        0.7337910600
HA          1.0345352174        0.7176316946        1.7924186339
CB          2.0261722677        0.3920260470       -0.0842921058
HB2         2.8359360165        1.0969687390        0.1080951317
HB3         1.7859391520        0.4306783188       -1.1487467768
CG          2.5076200549       -1.0248417983        0.2827465646
HG2         2.7617486587       -1.0560853239        1.3433825106
HG3         1.7012059624       -1.7373831054        0.1056970943
CD          3.7240154853       -1.4788540701       -0.5393891842
HD2         3.4788014259       -1.4213476135       -1.6018313179
HD3         3.9297626764       -2.5222010329       -0.2922432595
CE          4.9766947626       -0.6372290755       -0.2472078367
HE2         4.7794633127        0.4038300490       -0.5192569477
HE3         5.1801953690       -0.6704836786        0.8275987408
NZ          6.1617664035       -1.1330273570       -0.9980162276
HZ1         6.0043737175       -1.0978448898       -1.9960226918
HZ2         6.9780014748       -0.5710716031       -0.7964016726
HZ3         6.3793229089       -2.0884106027       -0.7491531280
C           0.4845172805        2.3348218142        0.5274054582
O           1.2932737892        3.1880691742        0.9089605774
N          -0.6711924377        2.6723578851       -0.0611818750
H          -1.2851857451        1.9182030457       -0.3426303920
CH3        -1.1122470841        4.0389000521       -0.3256446414
HH31       -0.3954724172        4.5435201671       -0.9758473829
HH32       -2.0862093118        4.0228037582       -0.8172644192
HH33       -1.1974060579        4.5917929016        0.6114870590
          45
Energy of minimum     17=    0.8316346693     first found at step     3906 after              1484257 function calls
HH31       -2.5191877208       -0.3246246158       -3.0023237801
CH3        -3.4017373959       -0.6906441931       -2.4785146181
HH32       -4.2261935288        0.0064332611       -2.6269240823
HH33       -3.6768699639       -1.6664254906       -2.8777889631
C          -3.0944464219       -0.8207444013       -0.9983584900
O          -3.7360375687       -0.1845103934       -0.1643860483
N          -2.0961930022       -1.6350628725       -0.6637945942
H          -1.6006810465       -2.1243453042       -1.3988595416
CA         -1.6779750382       -1.9293441880        0.7208123889
HA         -2.5682198380       -2.0327068740        1.3432686687
CB         -0.9419046711       -3.2803773537        0.7434266846
HB2        -1.6443131096       -4.0632733669        0.4504023049
HB3        -0.6030325033       -3.4913993845        1.7595938560
OG          0.1717714274       -3.2946561797       -0.1500059760
HG          0.5952451474       -4.1806278298       -0.1178386913
C          -0.8146321322       -0.8279393234        1.3765179634
O          -0.5021036641       -0.9079158870        2.5692042073
N          -0.4476433372        0.2165675703        0.6197135419
H          -0.7158126494        0.1802772885       -0.3544258798
CA          0.4573479628        1.3044555373        1.0397161639
HA          0.3774561305        1.4125686817        2.1227735187
CB          1.9106629904        0.8822251977        0.7266756186
HB2         2.1110221115       -0.0559305279        1.2456498872
HB3         2.5921857950        1.6332186724        1.1301775916
CG          2.1965760512        0.7034583224       -0.7779266337
HG2         1.5474065490       -0.0710153669       -1.1886175310
HG3         1.9804055428        1.6384256193       -1.2958998255
CD          3.6572114775        0.3248456965       -1.0670887625
HD2         3.8007717291        0.3254454494       -2.1493951204
HD3         4.3164453878        1.0795808073       -0.6334785651
CE          4.0156485195       -1.0633402032       -0.5127517963
HE2         3.3141659722       -1.7972924432       -0.9216191877
HE3         3.8954712128       -1.0555673137        0.5745058699
NZ          5.4094992202       -1.4525397995       -0.8582805858
HZ1         6.0780892724       -0.7968105602       -0.4773602257
HZ2         5.6315245214       -2.3668682432       -0.4876271097
HZ3         5.5420899665       -1.4880599990       -1.8598795215
C           0.0824931251        2.6987563404        0.4763117276
O           0.8803904118        3.6396556178        0.5495209860
N          -1.1217518121        2.8393844499       -0.0937156446
H          -1.7390386183        2.0403492247       -0.0720523990
CH3        -1.6248716724        4.0709016604       -0.6984618268
HH31       -0.9684666521        4.3822830032       -1.5130360017
HH32       -1.6673334174        4.8643282249        0.0498821017
HH33       -2.6275757689        3.9059016443       -1.0960446255
          45
Energy of minimum     18=    0.8386460498     first found at step       31 after                10797 function calls
HH31        1.8849359481        1.0173127171       -3.4594712869
CH3         2.7551010201        0.4357486833       -3.1565449443
HH32        2.8123417479       -0.4709460156       -3.7583669820
HH33        3.6554309125        1.0297926545       -3.3104246782
C           2.6350605018        0.0741608205       -1.6880896878
O           2.6118222906       -1.1026898751       -1.3304909246
N           2.5410384688        1.0862697486       -0.8273569680
H           2.6100219221        2.0291010533       -1.1882393394
CA          2.5313669151        0.9365922441        0.6419263014
HA          3.4101121102        0.3637631138        0.9411546894
CB          2.6294608672        2.3214501795        1.3042582911
HB2         1.7180654343        2.8831128353        1.0881959438
HB3         2.7074955977        2.1934519220        2.3858905883
OG          3.7596855077        3.0535054201        0.8320569390
HG          3.7959086008        3.9210136263        1.2931118197
C           1.3007904340        0.1905488401        1.2011055796
O           1.3180766515       -0.2676618893        2.3469613759
N           0.2413150191        0.0242961104        0.3967932627
H           0.2864143648        0.4373148871       -0.5256253488
CA         -0.9630182532       -0.7506911260        0.7422253474
HA         -1.1759578770       -0.6180809107        1.8046290536
CB         -2.1611551826       -0.1962575436       -0.0558327434
HB2        -1.9409843997       -0.2519353150       -1.1238582828
HB3        -3.0293974989       -0.8247670237        0.1462570229
CG         -2.5050170260        1.2569337452        0.3232581511
HG2        -2.7408060548        1.3060024380        1.3874390379
HG3        -1.6387568533        1.8929796115        0.1378353880
CD         -3.6854827491        1.8250211401       -0.4801559353
HD2        -3.4608397626        1.7508606617       -1.5461243682
HD3        -3.7913221267        2.8815385827       -0.2260080330
CE         -5.0061083348        1.1002722627       -0.1741462645
HE2        -5.1913909110        1.1463819144        0.9034817679
HE3        -4.9088751960        0.0469542860       -0.4530631807
NZ         -6.1505866539        1.7065697553       -0.9066093246
HZ1        -7.0121785864        1.2207576074       -0.6960652457
HZ2        -6.0103869450        1.6623553699       -1.9068174119
HZ3        -6.2762573162        2.6765518143       -0.6509499507
C          -0.7994671504       -2.2758054578        0.5295901638
O          -1.6754097003       -3.0502851741        0.9303213681
N           0.3058653238       -2.7191174080       -0.0844386427
H           0.9811744821       -2.0251392898       -0.3829826348
CH3         0.6114094530       -4.1206314771       -0.3566673324
HH31       -0.1637871323       -4.5558462570       -0.9897657012
HH32        0.6660048854       -4.6795937763        0.5791335366
HH33        1.5712312108       -4.1948531054       -0.8702324679
          45
Energy of minimum     19=    0.8868706337     first found at step       91 after                31090 function calls
HH31        1.2603370273        1.7707352258       -3.2487063825
CH3         2.2590279686        1.9522937074       -2.8527362728
HH32        2.9839759738        1.3627181756       -3.4134806719
HH33        2.4981100608        3.0105828156       -2.9529032649
C           2.3001232715        1.5634120068       -1.3870068685
O           3.0676030912        0.6883629879       -0.9889031279
N           1.4570466495        2.1968888361       -0.5741193488
H           0.8298187552        2.8882290728       -0.9656360538
CA          1.3849404266        1.9825533759        0.8841750453
HA          2.3930548297        2.0493514928        1.2965354438
CB          0.5512377358        3.1053718592        1.5246715732
HB2         1.0740770411        4.0528600283        1.3796076962
HB3         0.4675083318        2.9236240391        2.5980328464
OG         -0.7514817219        3.1980627690        0.9482505283
HG         -1.2393571297        3.9345450748        1.3786071809
C           0.8367590363        0.5993236909        1.2958767809
O           1.0055530288        0.1775422989        2.4441781819
N           0.2307681551       -0.1424172338        0.3582645533
H           0.1063125082        0.2770571874       -0.5533476861
CA         -0.2540196654       -1.5197928387        0.5507770368
HA         -0.5682586280       -1.6429233619        1.5887659790
CB         -1.4881155464       -1.7418917506       -0.3476641912
HB2        -1.2136772311       -1.5684414336       -1.3901806883
HB3        -1.8127733294       -2.7794593388       -0.2491315033
CG         -2.6673064156       -0.8293370832        0.0324285643
HG2        -2.9303124009       -1.0023670308        1.0771974512
HG3        -2.3741962013        0.2134487316       -0.0893267905
CD         -3.8923031472       -1.1170998733       -0.8495183627
HD2        -4.1550014597       -2.1717180087       -0.7463802173
HD3        -3.6447990805       -0.9324614311       -1.8968202961
CE         -5.1178578091       -0.2787429140       -0.4489601419
HE2        -5.3133229323       -0.4247806748        0.6177875766
HE3        -5.9857884891       -0.6587503674       -0.9965252394
NZ         -4.9489843950        1.1713849941       -0.7439937370
HZ1        -4.7744506266        1.3262834303       -1.7278518556
HZ2        -5.7845258887        1.6860139925       -0.4986947237
HZ3        -4.1820447529        1.5700893746       -0.2199259375
C           0.8320558981       -2.5963568797        0.3071728033
O           0.5852679588       -3.7851331225        0.5389448411
N           2.0286897651       -2.2008504554       -0.1484622355
H           2.1588721520       -1.2096418642       -0.3075198986
CH3         3.1562111036       -3.0854201566       -0.4282314563
HH31        3.4535401314       -3.6105401651        0.4811667587
HH32        4.0021172936       -2.5000012192       -0.7919364606
HH33        2.8776916153       -3.8162353240       -1.1894889022
          45
Energy of minimum     20=    0.9162201118     first found at step       79 after                26951 function calls
HH31        2.8412710388        2.2768158621       -3.1027492838
CH3         1.8859697570        1.7969943885       -2.8921413162
HH32        1.5088727435        1.3271009239       -3.8002070449
HH33        1.1743211596        2.5480179116       -2.5504922367
C           2.0754030011        0.7509629482       -1.8099356856
O           1.8086188597       -0.4306246101       -2.0245133824
N           2.5212549668        1.1819643922       -0.6309660190
H           2.7625020047        2.1604829770       -0.5388885921
CA          2.8671321767        0.3030667892        0.5046924124
HA          3.5954560002       -0.4353574557        0.1667455941
CB          3.5263979692        1.1319137224        1.6201509101
HB2         3.8540160132        0.4598353478        2.4160104319
HB3         2.7874233386        1.8217396215        2.0334251319
OG          4.6457913000        1.8723456423        1.1355070111
HG          5.0478678010        2.3712183046        1.8811322529
C           1.6734736036       -0.4820379083        1.0897284474
O           1.8663311892       -1.4728348394        1.7997261340
N           0.4350090184       -0.0831391231        0.7667939037
H           0.3477987246        0.7494411247        0.1994848757
CA         -0.8002534256       -0.7963816828        1.1328197671
HA         -0.6903307522       -1.1570240300        2.1572908942
CB         -1.9755610858        0.2031275874        1.1243817094
HB2        -1.7251406734        1.0408423062        1.7783124233
HB3        -2.8497701107       -0.2961167779        1.5446198098
CG         -2.3256653701        0.7450433598       -0.2764549814
HG2        -1.4377508657        1.1970625313       -0.7198067749
HG3        -2.6452096164       -0.0766039001       -0.9188102097
CD         -3.4326885606        1.8104589302       -0.2456973683
HD2        -3.1228470771        2.6292069928        0.4070366285
HD3        -3.5519613100        2.2059151201       -1.2564240708
CE         -4.7781573842        1.2426120189        0.2343771196
HE2        -5.0519812973        0.3971357947       -0.4043882692
HE3        -4.6638237428        0.8680984161        1.2559530168
NZ         -5.8548288609        2.2690320728        0.1972850973
HZ1        -6.7335148811        1.8823925966        0.5153512662
HZ2        -5.9962282035        2.6178603378       -0.7410121599
HZ3        -5.6326135831        3.0550542068        0.7930047985
C          -1.0895745447       -2.0521660478        0.2746459839
O          -1.9939381840       -2.8267125461        0.6046553946
N          -0.3394874208       -2.2641309554       -0.8148803472
H           0.3802999294       -1.5819745221       -1.0239549845
CH3        -0.4849714251       -3.3942969377       -1.7273492741
HH31       -1.4859347240       -3.3966043986       -2.1623341934
HH32       -0.3249802133       -4.3308429702       -1.1903093129
HH33        0.2499472362       -3.3159820454       -2.5300084443
