       -4.2551668252        1.9338073187        3.5766483442
       -3.1973350701        1.8659970200        3.8275727488
       -3.0623405358        2.0502091341        4.8927068946
       -2.6403577602        2.6070713501        3.2556058773
       -2.6896356247        0.4842260649        3.4812194363
       -2.2120518811       -0.2374582342        4.3572863017
       -2.7939141839        0.1163943116        2.2049244293
       -3.1942739457        0.7766840730        1.5553102478
       -2.3344815320       -1.1716238066        1.6762154919
       -2.6791021889       -1.9597424711        2.3488926447
       -2.9962594566       -1.4014568133        0.3098365306
       -2.7210401627       -2.3843427694       -0.0755100195
       -2.6702894591       -0.6375280439       -0.3982991698
       -4.0818298358       -1.3582187931        0.4115551283
       -0.7951017647       -1.2728344422        1.5909680595
       -0.0911787799       -0.2654180218        1.4604705481
       -0.2677571276       -2.5032456229        1.5986151311
       -0.8962842104       -3.2892756521        1.6948893512
        1.1745035069       -2.7876653458        1.5671434782
        1.6472160517       -2.2457826855        2.3884250593
        1.3623536447       -4.2893277076        1.8198423286
        0.9023259238       -4.8662305239        1.0157897080
        0.9059737014       -4.5666541830        2.7712778024
        2.4269449116       -4.5242478827        1.8613686282
        1.8799218340       -2.3434016445        0.2632322758
        3.0972787837       -2.1386235746        0.2558065882
        1.1251128153       -2.1509599676       -0.8263883331
        0.1437271536       -2.3799567874       -0.7633978154
        1.6177758299       -1.6189807131       -2.1021545412
        2.5826784519       -2.0806490034       -2.3194673683
        0.6338187767       -2.0505275066       -3.1978554751
       -0.3426417192       -1.5948473972       -3.0256947037
        1.0065096156       -1.7329643845       -4.1726198272
        0.5317484249       -3.1367768496       -3.1997501070
        1.8387281180       -0.0847591868       -2.1051889584
        2.4406423468        0.4392925264       -3.0487438588
        1.3799173257        0.6237673762       -1.0604937531
        0.9233571790        0.1064598021       -0.3204630890
        1.3872850533        2.0871195141       -0.9106748227
        0.8405430006        2.3053546920        0.0085653814
        2.8330750040        2.5600457287       -0.6697555865
        2.8405487588        3.6056911507       -0.3608033231
        3.2907809188        1.9649062992        0.1218977866
        3.4224951476        2.4579620210       -1.5814607386
        0.6377103595        2.8646997162       -2.0269171186
        0.0459231488        2.2818104068       -2.9441753692
        0.6181332715        4.2014225871       -1.9218537490
        1.1080010555        4.6140115228       -1.1391417737
       -0.0521814419        5.1072948616       -2.8566111177
        0.0943749358        6.1434880217       -2.5453784532
       -1.1231827671        4.8954745235       -2.8821508700
        0.3570015231        4.9803097919       -3.8611162604
