       -4.730118272250876       -0.953415676446287        0.851718385578305
       -3.861729928767624       -1.542474921647937        0.559429430024685
       -3.776547325103880       -2.412122841614860        1.209805452913737
       -3.972539704874345       -1.868112523664906       -0.474244203339133
       -2.618924338470229       -0.695506140085774        0.691621399179032
       -1.907153688608966       -0.482873276135485       -0.288429387819807
       -2.335915119543482       -0.229867410304736        1.908087568063046
       -2.972190312565671       -0.455892627424423        2.659460014512330
       -1.219675797036906        0.677579387879929        2.203427873415234
       -1.353227283570514        1.587693212470474        1.616894297183907
       -1.297219732025335        1.055196432771963        3.688367243097988
       -1.174057660300680        0.166739698318307        4.310006731347902
       -0.506820901448258        1.768454992399695        3.926895091283064
       -2.261935485082199        1.516593364435712        3.904747125604063
        0.165832927000614        0.095471141714195        1.844041215567264
        1.066451080565189        0.840755997103203        1.450220815384194
        0.326928627963667       -1.232241600383549        1.910306197624067
       -0.445527014457281       -1.784334970234849        2.256000384361498
        1.556811467337562       -1.933379772370039        1.525278703021249
        2.398931213010666       -1.459685380726906        2.033258575280071
        1.451162781882974       -3.379382442747051        2.026537089462929
        0.618662247225500       -3.887602145965753        1.537066716914809
        1.296102780574459       -3.388127737837815        3.106482970159747
        2.375279356201704       -3.913637878589390        1.801196310344607
        1.846225445632290       -1.881919975929835        0.006553019696582
        3.008302785538868       -1.971765889468909       -0.401004949305002
        0.811422156796323       -1.708226225705970       -0.827173301575660
       -0.115463253730321       -1.654087634969649       -0.424818049311070
        0.925185955314652       -1.533107525380317       -2.279325525499217
        1.870638790787078       -1.956884146973361       -2.622260608731433
       -0.204902496466973       -2.329473843080188       -2.944373514572023
       -1.175423830949710       -1.933863516361880       -2.641093813357655
       -0.114921320824331       -2.256062210059320       -4.029034676290760
       -0.137752107863233       -3.379531392768703       -2.656203905235036
        0.908871919492158       -0.048417733402422       -2.704436394068020
        1.599338992374300        0.330688114955157       -3.655302692419388
        0.152759995575301        0.799896959419381       -1.995537777348569
       -0.443454699577269        0.412520221993450       -1.273343898914438
        0.032391061521079        2.234210837769953       -2.278184698308953
       -0.078695331237677        2.366996404968023       -3.355946475961456
       -1.252243772528906        2.738857743454649       -1.608700609376961
       -1.406826169851841        3.789387038607564       -1.858525000357169
       -1.174902327516557        2.639530860294824       -0.525567357071762
       -2.108304524965481        2.163324190136392       -1.964136999824953
        1.261763210794426        3.064029807373338       -1.838727060840041
        1.545838825317446        4.108110097807434       -2.436227409266775
        2.001435573762048        2.610289256446938       -0.816148299760746
        1.679400644928982        1.774663421646120       -0.341449313319208
        3.205525256843526        3.258784338600910       -0.297150277657363
        2.974897534428278        4.275979799444070        0.026076441241163
        3.592280397195671        2.697542647291282        0.555680430477013
        3.974031671510495        3.298701272981346       -1.071813282297762
       -4.861412029123989       -0.992075648617949        0.276806515120322
       -3.949547113739789       -1.541753908081011        0.046714989491173
       -3.987985192189940       -2.523127504258766        0.517911352350289
       -3.855610700496227       -1.657589380573121       -1.032459847965806
       -2.760888648957279       -0.777679505263754        0.578300467038914
       -1.873431004491976       -0.403566101009496       -0.186390228304860
       -2.721288509118984       -0.568008246103362        1.893922077061368
       -3.490168616633091       -0.916132096099885        2.449040433221800
       -1.693359074989822        0.231634551679288        2.574138412316950
       -1.698779138708963        1.232915634816411        2.140708367980648
       -2.093319269174771        0.352571932554853        4.050370112595235
       -2.102359224342035       -0.632794348272047        4.519283014511271
       -1.377805105702078        0.988689461088649        4.573477011985369
       -3.084658890604505        0.800889763701187        4.131731252004552
       -0.257781846593599       -0.325143534302713        2.426105736667426
        0.711741943796849        0.434706740449322        2.503126577973739
       -0.112372292014919       -1.631814448742498        2.171188613476392
       -0.945095268374367       -2.203824872527727        2.160341510618742
        1.172741858286094       -2.285518708999508        1.900035128117313
        1.915321053994532       -1.898320450179308        2.600158476093374
        1.002796004549061       -3.785132152061695        2.176470095857595
        0.272923344346649       -4.214263019012803        1.488001541837024
        0.665817775227818       -3.938075748898983        3.202860379610169
        1.958720172194945       -4.293491859794260        2.042579026345607
        1.712719308345187       -2.029428837369581        0.472082058146706
        2.914116489737260       -2.188275723426286        0.234268109430160
        0.848459127972949       -1.627649533713790       -0.470973487853812
       -0.121682095589979       -1.520454086601251       -0.203608012336860
        1.193195098545924       -1.351723311744191       -1.872180494197652
        2.189530553189611       -1.742918333258150       -2.084695479605867
        0.202351530898543       -2.117176437653224       -2.759090831422014
       -0.812982601279525       -1.754521014789259       -2.590970794572845
        0.462426809212003       -1.972046414327007       -3.808539485114444
        0.246621239564030       -3.182965850668655       -2.530221384317143
        1.219077428949956        0.155400343677034       -2.213099661236705
        2.038948025017929        0.572126260010842       -3.034134882594640
        0.338881155707207        0.944515700666416       -1.577130388828619
       -0.320836317438195        0.460535044292055       -0.979551660832456
        0.171976647630951        2.407783981091106       -1.612387137861717
       -0.853242797413154        2.595199361601499       -1.936288586676636
        0.273964124753486        2.933266791591871       -0.171580783412382
        0.126128548396544        4.014231259660186       -0.161580654230202
        1.250821568567699        2.698327374243559        0.253670810585145
       -0.498745429596015        2.470970211864257        0.443165416681752
        1.066522479916509        3.203581702816887       -2.597153561097991
        0.603594917286149        3.592184810596337       -3.675876139011513
        2.330451715048165        3.466778806993665       -2.230474382561134
        2.636078761534774        3.108098366290250       -1.336435106086997
        3.300318413446226        4.210256397521031       -3.035619439771502
        2.924150681577812        5.213743342715094       -3.245284193073599
        4.247553652234527        4.293751357253529       -2.499292491134080
        3.475401036600521        3.693311679178947       -3.981438373109428
       -4.662213033557734       -0.361076691061974       -0.236220253793003
       -3.846000575373371       -1.071869384668483       -0.359313636035118
       -4.126368045605277       -2.027354031039505        0.082310801099645
       -3.636041257068998       -1.206622004890647       -1.419788465945146
       -2.615406847980515       -0.541223985628532        0.336001691975243
       -1.582190193056179       -0.341083893157760       -0.300103764919278
       -2.708586614061725       -0.337284456345347        1.649722051391787
       -3.593911896577831       -0.533746381219935        2.094870380942298
       -1.645997910032916        0.257357006960318        2.472063035654702
       -1.395665441948476        1.232915281890795        2.051169988002382
       -2.211260354284679        0.479081216239159        3.881081664572586
       -2.475180871738472       -0.477672885511059        4.334802679689383
       -1.463549942150508        0.973330680057327        4.503080599206137
       -3.098264036308954        1.112365393722766        3.830707683695562
       -0.339189158726294       -0.569301509228441        2.514336305404327
        0.735010004301473       -0.013963090828709        2.761704818759983
       -0.408569060713337       -1.876519980686952        2.230258944118245
       -1.323126555614730       -2.276540615256017        2.074905691083479
        0.756987508264733       -2.759499966651780        2.111000161661710
        1.415707074605827       -2.583751265801018        2.963490642327717
        0.259206249364360       -4.208616101337270        2.188113507319960
       -0.399959953112592       -4.425612012272643        1.345911211218266
       -0.282560006266695       -4.366373215304042        3.121929551494107
        1.110304210985850       -4.890431743739154        2.157599141758106
        1.587541313732136       -2.513838648372487        0.828396859647622
        2.782017724444076       -2.826372703015520        0.801646739381090
        0.977548001874103       -1.941448623343237       -0.219201584706957
       -0.006396111571882       -1.723391994182515       -0.128295017530803
        1.631851589752271       -1.576050782931529       -1.482051739270019
        2.592843445038911       -2.087790072520717       -1.555671848502425
        0.752613212658183       -2.080291311490915       -2.633411733479991
       -0.220722512387873       -1.587820870916896       -2.608141339181765
        1.236750181147426       -1.861207292806666       -3.586039566702301
        0.613403808337747       -3.158992063767889       -2.548925693329696
        1.913498007534378       -0.061162944116281       -1.599564596850286
        2.946250821085552        0.327185968564977       -2.155498159967257
        1.027318230714339        0.776811070322594       -1.040695150169097
        0.197159921717553        0.355352815875277       -0.642150125867653
        1.058387612732999        2.246645903044555       -1.064653861462686
        0.125759911838777        2.582876756966281       -0.607935321185798
        2.188552804639544        2.735418388179950       -0.139748531312253
        2.111275000952573        3.812184943981911        0.013388972561603
        3.161090656558185        2.510316747189487       -0.578706792666693
        2.111168937825684        2.244144391548257        0.831489402867020
        1.071766204317305        2.881147526481968       -2.482599657087795
        1.003161982851413        2.191421166489649       -3.507762060986299
        1.109067276089318        4.220273249532995       -2.543838518695265
        1.147669531995147        4.725333279802510       -1.668491942993708
        1.105031659752107        5.004690613918143       -3.780126089603500
        1.150747460120663        6.070646543917476       -3.548418711970363
        1.968142820137629        4.740854272685556       -4.394957371284104
        0.193327512725492        4.806557104725978       -4.347670990425571
       -4.823197776065089       -0.743589753187147       -0.393390679318111
       -3.934589621287025       -1.366609799820431       -0.487484508507063
       -4.115105886193398       -2.330591130643501       -0.013357689404229
       -3.703176756980333       -1.515380819272676       -1.541629507299289
       -2.773190758661248       -0.683091266328843        0.194731376179079
       -1.761887431825330       -0.394437502931117       -0.443091773254457
       -2.900781911064706       -0.445172435976978        1.500213973993718
       -3.764727680092487       -0.717116652638149        1.947663751361977
       -1.908783083940849        0.279580287901384        2.304986226383327
       -1.760960581419533        1.265206240501014        1.859738489672944
       -2.492701468351949        0.475302534064427        3.710257254614749
       -2.658314122284795       -0.492226938960866        4.187138038553480
       -1.798222455049706        1.057027699766257        4.318201450258255
       -3.439286535245850        1.014265642313628        3.647909827616147
       -0.526752447373575       -0.410809710195491        2.361701827881141
        0.497365253307432        0.265890607293827        2.488569445369655
       -0.479667774612709       -1.740815362394573        2.210617686168223
       -1.356546021285709       -2.237233211570044        2.135362692430111
        0.760100205596434       -2.524227650343307        2.159191054067338
        1.404024785704771       -2.209185857437903        2.982429693048590
        0.394485710177503       -3.997493636444781        2.381693352045553
       -0.246751031477647       -4.352413883715977        1.573139563676075
       -0.126452846588080       -4.111626904948695        3.333544629320475
        1.302971415154442       -4.601060184107263        2.405308043382788
        1.561343395097788       -2.331933753646870        0.849498567766326
        2.777890902275109       -2.542976969415611        0.836157106018388
        0.902571104938042       -1.912002761426482       -0.239621500222434
       -0.095749007613895       -1.764622511132510       -0.163642281536999
        1.524460557427261       -1.622267333885665       -1.538213627254273
        2.442656158644636       -2.204985460456175       -1.629650686652787
        0.566113793605935       -2.099630195142573       -2.637185204960586
       -0.360126039554140       -1.524501239737700       -2.604101886389508
        1.032035112811413       -1.964357220980195       -3.614076024891387
        0.340019707897703       -3.157929830567149       -2.499544622234012
        1.915474646970351       -0.136030123252656       -1.722068869919136
        2.709547933054373        0.179147474474643       -2.614931760185791
        1.391684690588563        0.757631772621161       -0.868633452111706
        0.760633802753540        0.393407412726435       -0.171151832061299
        1.551902258208316        2.219505739013135       -0.902201224048854
        0.899875534241600        2.619253158667161       -0.123370193286734
        2.989271883677166        2.575523789553651       -0.479531877503998
        3.077233885649143        3.649247760455519       -0.311347890864226
        3.696335357094162        2.281588543627283       -1.255915282138513
        3.241067340882011        2.060535739115525        0.448824865963528
        1.086663980714346        2.904647652999805       -2.216574467379612
        0.604864946404392        2.260063519418098       -3.156503534762694
        1.188038062722826        4.240950295206960       -2.266431971141933
        1.576776804212613        4.708752231565029       -1.458389749944565
        0.785255745681441        5.071783329583390       -3.402749631854003
        0.982176359669578        6.123777019709531       -3.186951598115534
        1.345612154054825        4.784669438521007       -4.295020027491611
       -0.281481952292942        4.946562011466466       -3.600115561128403
       -5.322173857553708       -1.958870354523099        0.182670092300168
       -4.363170919100306       -2.470344817656247        0.109463182670625
       -4.315472277934996       -3.261023553949633        0.857257167669670
       -4.254526885862532       -2.901253027163224       -0.885214693319189
       -3.250136696875718       -1.479163046491935        0.357517260815606
       -2.395875172915772       -1.277077527474364       -0.504422647636486
       -3.241929843865689       -0.875511564302684        1.546559118971542
       -3.981648970336779       -1.103818732732219        2.195568109168263
       -2.288407878233684        0.172403914782732        1.935764959876827
       -2.352137019186144        0.980239634583540        1.204440153885654
       -2.728574587609107        0.727994464339954        3.296635243363145
       -2.679048333750170       -0.054289200430276        4.055929334638400
       -2.071152715142890        1.548449388810871        3.588126116334231
       -3.750439797103378        1.104800916746081        3.231794388543671
       -0.815192582605449       -0.296292511612347        1.969695258437953
        0.098143107737565        0.520590204333833        1.820343395650856
       -0.570869265686014       -1.606649762108690        2.102448239623088
       -1.362967675622999       -2.219700320357722        2.233665064218637
        0.765359809352384       -2.213154574644333        2.084410904897086
        1.377570583695863       -1.716664817891518        2.839557189632482
        0.616558490660727       -3.686611042712180        2.485385893783716
        0.010558062462286       -4.217054942160241        1.748932825356377
        0.141926358098284       -3.759628212434699        3.465092988767503
        1.600977119255594       -4.153874366016602        2.538222207055066
        1.501770006365104       -2.068527822839787        0.730597649139581
        2.730345312698512       -2.181109045191802        0.683662355030302
        0.779050232831960       -1.780767820000907       -0.361077201831564
       -0.227944619942673       -1.728764580868331       -0.268307440301284
        1.349872092888165       -1.496263011681559       -1.682829548282503
        2.185707260658310       -2.177533453430510       -1.852067091359779
        0.278353610458940       -1.804513574896662       -2.736830932597377
       -0.562011125584074       -1.117656527437727       -2.628083498381819
        0.701614987396178       -1.690329555260571       -3.735549902969171
       -0.074638914197645       -2.830185315061357       -2.620795071233284
        1.903752760307412       -0.056584951630082       -1.832480243112576
        2.580505249524352        0.233292365943597       -2.825101300197246
        1.643492013088684        0.826360499970250       -0.854306400949598
        1.103050580956787        0.491395286514590       -0.067988764422642
        1.985358194982552        2.257042471127858       -0.838324495784285
        1.525045855960103        2.674087127334588        0.059299886686370
        3.506252968207533        2.406912337296798       -0.647164214745790
        3.758465795215993        3.446307122914827       -0.435172491282234
        4.034497791162805        2.092953250544758       -1.547981246555971
        3.836370599881902        1.795248854451692        0.193853250875387
        1.404921975480181        3.084259851504013       -2.018018660761568
        0.672611228010630        2.574241870681787       -2.875274537835423
        1.693669650159260        4.393686066944772       -2.036141983264012
        2.284325124526601        4.750282455684729       -1.296673536213861
        1.224627210813160        5.342988390565311       -3.047353200189145
        1.611830416524233        6.341137836085256       -2.833316262416796
        1.568473905325105        5.036997703752424       -4.037669833774339
        0.133261084379288        5.381545818051053       -3.048747038066136
       -2.621748884471987        3.050351048283069       -0.969217885430475
       -2.867007402650317        2.009749511425264       -0.760989097878011
       -3.948502909755892        1.880508000705191       -0.772772268552529
       -2.418654507912914        1.370113188805966       -1.519931197062518
       -2.334978876752587        1.623480586324873        0.600485001957560
       -1.785349324205115        2.467643993792505        1.307113091505376
       -2.505734397496084        0.350416743095941        0.959027995379778
       -2.981111124931540       -0.254619468154138        0.305194303629089
       -2.083931234817874       -0.234664479134286        2.236862505553006
       -2.140263181835320        0.537566499476564        3.006224160700621
       -3.104524944992910       -1.317871633282498        2.629226294104885
       -2.856687680631664       -1.726117894124906        3.610480880661999
       -3.114477553348793       -2.120855131843590        1.889978337313359
       -4.101530246671802       -0.877577928370409        2.683676625705018
       -0.604881500940237       -0.694097859655924        2.199295032126905
        0.291325044046819        0.123557625840446        1.974617950236671
       -0.321623829195846       -1.990708134006955        2.386650940131663
       -1.086444196768411       -2.623981165097285        2.573787478579088
        1.041052495408574       -2.544482177196933        2.406969706511235
        1.614722811057224       -2.015562571621038        3.170351642048891
        0.943393394474593       -4.018193254502640        2.822261657292882
        0.374227500719892       -4.581220722607184        2.080633726069969
        0.452599953271707       -4.099466363928048        3.793314305845293
        1.944708059583939       -4.444378068567597        2.899896135429913
        1.803926302521114       -2.386388004372429        1.069255547051988
        3.037580072759755       -2.343707959074012        1.059879095084658
        1.082035807518063       -2.253354184269579       -0.051333469396533
        0.079208127792034       -2.345493676534459        0.025961005232134
        1.635660403441489       -1.976421231617797       -1.382881238870173
        2.603351188438745       -2.474174480018187       -1.466730569304737
        0.696848887761107       -2.610729279652277       -2.418316579365574
       -0.279267843571150       -2.124097184032850       -2.386929294542079
        1.118660439123654       -2.495960604648328       -3.417682804939617
        0.577959656033923       -3.675031919182055       -2.209820859502552
        1.879884536783342       -0.471751094201913       -1.668223072031883
        2.429333070719597       -0.133926196177843       -2.722226496977851
        1.491153140848594        0.418298183418679       -0.740982059733351
        1.100946733993882        0.045100918716799        0.114553889530951
        1.469791744062800        1.884220986708991       -0.860450079745033
        1.004213634387811        2.255222163056691        0.054628667256356
        2.911767047373541        2.421863533777566       -0.849696701317509
        2.905334906563645        3.507792138992672       -0.750825494536652
        3.422274290254990        2.156997251171421       -1.776000234809040
        3.458421271279134        2.000838324894264       -0.004629544193864
        0.595981403511460        2.441304288415008       -2.015631145401261
        0.060687694539195        1.701066335739256       -2.849455609395071
        0.416027752837445        3.769521063524962       -2.041706600771941
        0.872184914287437        4.316068951829353       -1.323179413070719
       -0.385696822037001        4.487558905595304       -3.034163161172133
       -0.405828426691310        5.553748041065849       -2.800020286945550
        0.042672329346320        4.353507950740610       -4.029645004244843
       -1.409689425106349        4.108336230481930       -3.036885805839667
       -3.656527187031758        3.282474823594828        3.657189597778207
       -3.656668603866208        2.785719095482099        2.687704114439040
       -4.675008159213374        2.733482352425245        2.304526364194378
       -3.034787104893235        3.345900487390545        1.990551908634812
       -3.105418224272664        1.384993069215329        2.832962279686785
       -2.738965526426270        0.975075721042168        3.934818804024203
       -3.048111958946620        0.651699542976113        1.722061853124164
       -3.366085467088628        1.073224387999114        0.862132352585048
       -2.522225694195924       -0.715525979786542        1.660904830812310
       -2.945872847079415       -1.282211736269326        2.492637553319434
       -3.007191025589892       -1.366276142733219        0.357410469106903
       -2.682934070190143       -2.407276417850371        0.318962060747257
       -2.597538874549503       -0.833929348652113       -0.502875402102722
       -4.097085798517291       -1.338613394120697        0.312206441703348
       -0.983971046148436       -0.775349652056620        1.792793237133525
       -0.272331856047456        0.175691038824246        1.451448425458848
       -0.457971237842979       -1.925979491582180        2.230329169044671
       -1.091202041848798       -2.672859836392191        2.482016923068530
        0.977760288057798       -2.148615187416744        2.456402417626981
        1.342375789178202       -1.369180311647580        3.128067671909796
        1.137109691805205       -3.499173507567794        3.166848913598046
        0.783031182606948       -4.306412077789067        2.523469336590376
        0.566154456926360       -3.500352067045414        4.096596631110913
        2.188857839445268       -3.668162729223443        3.402507490022340
        1.839375955066612       -2.082517971119514        1.172494602874095
        3.047470188430772       -1.840265919268324        1.248451225607472
        1.226203917482052       -2.252068126374101       -0.006198029741948
        0.245350338481611       -2.491465291597553        0.005651848519525
        1.872947983948955       -2.102499979312695       -1.314880448378665
        2.858859343476803       -2.568560128322633       -1.268337203701724
        1.035093884739477       -2.878532592075266       -2.339935835425256
        0.043381502464281       -2.432027985275935       -2.428812043583882
        1.525812898403315       -2.849239727276715       -3.313715645132182
        0.937378349764067       -3.919775378698521       -2.029090673010266
        2.087860360887223       -0.630444185101461       -1.750229988459520
        2.801467374949311       -0.385627234920223       -2.729033583251633
        1.499818922136464        0.336671278310782       -1.027180714560764
        0.955860539525384        0.043854280633469       -0.225889780286643
        1.483922167743943        1.777775566972711       -1.321909737881393
        0.825829321952869        2.236316705185423       -0.581497792594409
        2.886772094624776        2.358682649716695       -1.063900226009549
        2.852350717595134        3.448329223403888       -1.083063209472325
        3.585910597967637        2.014932168003014       -1.826844806458878
        3.243675576853244        2.043715632528977       -0.082158717015333
        0.877487130898416        2.158927228226462       -2.700115097335645
        0.406862902222531        1.307132717284083       -3.464506158551266
        0.840841984904189        3.464850019767317       -3.002559147543337
        1.227696970221893        4.110169797937616       -2.326730976934431
        0.289951821533344        4.025381454199029       -4.237881886684292
        0.393263715311390        5.112286317819643       -4.235584426849724
        0.821953214953588        3.623117262414666       -5.102604111406614
       -0.768792000853755        3.772539378126799       -4.325610880440477
       -2.608001888723761        3.941124886100332        2.512478674136019
       -3.039703321182124        3.121891403219362        1.938750618682747
       -4.125886560146604        3.156635688550923        2.013409259608757
       -2.744586207024176        3.212705003411778        0.894138441132384
       -2.543838589974816        1.801347167800119        2.484058115156352
       -1.767150736927802        1.778740517411042        3.439356635759657
       -2.992388510742449        0.703256570687097        1.877445231252581
       -3.621861370668634        0.818992129061103        1.097420747004669
       -2.592094381420213       -0.661130405580770        2.236445852357537
       -2.641783176657051       -0.755676909506897        3.323139085734631
       -3.610698396904577       -1.641007866537008        1.636930261852978
       -3.368575216561540       -2.660252847102394        1.941422395311259
       -3.590695021532286       -1.581783771597228        0.547418021730980
       -4.613185624407932       -1.398402145739078        1.992819019334251
       -1.145774847017477       -0.997793371276862        1.804892976230964
       -0.616160173461671       -0.394925751596969        0.869172474522241
       -0.539378975996618       -1.978937771413508        2.488113595207564
       -1.089539145124272       -2.387365819454411        3.230482186445650
        0.802336654832514       -2.570596111570256        2.322941057029158
        1.329542815847651       -2.414449342855518        3.265825928756376
        0.628627942895419       -4.089577415997154        2.164520642437489
        0.046465119338158       -4.316383522749223        1.270062970766051
        0.112195759082572       -4.496310444493083        3.035281320535022
        1.607038195802235       -4.566285213668628        2.086042886366591
        1.731837951680507       -1.988649758628543        1.226617036923830
        2.729496041818005       -1.334961758852317        1.546363145437122
        1.437675438302374       -2.242664670910689       -0.055756196802531
        0.596394768429166       -2.766611084499130       -0.248514122209610
        2.300543968344810       -1.899306812031360       -1.194543127941376
        3.324610142921461       -2.178167412201665       -0.939712223969010
        1.864109666376804       -2.764973723339029       -2.384084319827760
        0.845584727415914       -2.508408589633765       -2.679793788124308
        2.532632286805846       -2.593162970427043       -3.228743972957145
        1.907979336254655       -3.820850649301794       -2.112870675214483
        2.327672918075260       -0.396350769331042       -1.570108550290379
        3.205141423926184        0.022349931227573       -2.333438056576094
        1.400984493341626        0.407004853716161       -1.029467311856874
        0.741318380835581       -0.027816686737312       -0.394415679752531
        1.179254472215798        1.832186174302217       -1.315281501293552
        0.277058328196212        2.117052556367627       -0.770946609463098
        2.327345805377518        2.652519190818142       -0.698268978205400
        2.087440075778810        3.715786765913011       -0.725680397276486
        3.252167130933066        2.485506446130130       -1.251341342216777
        2.474013353432388        2.360139605321730        0.342616289978580
        0.882893573195419        2.166786961119809       -2.802771218284712
        0.811873602397997        1.286508370701320       -3.669689240152076
        0.656990575963835        3.455589545202106       -3.096616904266183
        0.715071329249983        4.122846126921970       -2.338863556096270
        0.339724818694659        3.969477353745539       -4.430372686068105
        0.212375345362070        5.053234809413299       -4.394508824650093
        1.147771095438926        3.732873199023592       -5.125828340540594
       -0.584865094132707        3.518248140870710       -4.796547245747861
       -1.364438985316664        3.955516176786868        1.411989393298868
       -2.139563560161289        3.204758970853808        1.262268749161340
       -3.085613641727283        3.573465416914802        1.656941163294857
       -2.248016050328820        2.998411969923964        0.198347375379360
       -1.761892493911949        1.931709961057264        1.986187570413114
       -0.735662417530613        1.886379775551304        2.663942823580341
       -2.589396246518744        0.897963914366666        1.841182287197148
       -3.406338096128414        1.022916420508053        1.262055252605363
       -2.367788506305595       -0.423841899190988        2.435697081714796
       -2.062538236656283       -0.283950998246666        3.474711199503169
       -3.698601075718080       -1.188353002377246        2.441555086259201
       -3.567860937785911       -2.154106661371564        2.931869917901198
       -4.040207116489306       -1.353079026238509        1.418310230534848
       -4.452348373035171       -0.617719545578172        2.986216125982093
       -1.250056133524659       -1.218651365209242        1.723976656363782
       -1.006675257865954       -1.037987306779939        0.525912459086926
       -0.592518625367086       -2.123925575174899        2.459878826577963
       -0.864625902939090       -2.219118918989483        3.428269137255195
        0.510526620403060       -2.976879035781085        1.996392602439655
        0.995746682671168       -3.375145545164203        2.889264516836521
       -0.062783107742399       -4.196014855385443        1.251421810419135
       -0.606771469281045       -3.880095870058243        0.360035852810732
       -0.747587637967310       -4.736216714918752        1.906776636483115
        0.746433456990999       -4.869302654539405        0.964176072217099
        1.623297185412169       -2.195032651102405        1.253385109012588
        2.368336031874737       -1.437484112745087        1.882457051788573
        1.740493240684075       -2.356525585286272       -0.070881117622519
        1.096558296635199       -2.986568877982369       -0.527155529769450
        2.741724626459750       -1.685369926430421       -0.909475930817241
        3.697706893392372       -1.703014454436573       -0.382943508395636
        2.900988828010542       -2.509354684764700       -2.194253936731346
        1.968410245931153       -2.504029058081025       -2.760750203687389
        3.692638345174780       -2.080729383029569       -2.810264075594210
        3.168847642043201       -3.537584906851372       -1.946571050051235
        2.427274640318914       -0.200212251995440       -1.220974477355119
        3.301747225071930        0.512024639611320       -1.726526391255123
        1.209584581367924        0.267733795945154       -0.907133642120899
        0.567503047737222       -0.385878008663569       -0.474843818880340
        0.668665982907789        1.603376810457426       -1.200420809373100
       -0.377401970064806        1.584431785120993       -0.890617599368271
        1.365253502230877        2.637857355723102       -0.296951886197956
        0.841092321620536        3.592719903288188       -0.343807492651040
        2.397049853034098        2.786163102287604       -0.616920761297065
        1.358137422504528        2.292068245727123        0.737533561868681
        0.643146212351366        1.985842799146020       -2.705432656472748
        1.014509408777551        1.199331092772472       -3.585631770350298
        0.150187072386475        3.194784037497912       -3.011946395180908
       -0.148570135970871        3.784370754277673       -2.246646730789736
        0.020332793012044        3.728330555028712       -4.369181348303149
       -0.400863437010415        4.735140799514888       -4.338045011994556
        0.999438625640387        3.771186226686057       -4.850949438994234
       -0.637511069340383        3.089688167329281       -4.962428966823941
       -2.302898870666257        3.301834977868650       -0.059652296385871
       -2.923897884654334        2.417488214193767        0.078476449510459
       -3.911374016891096        2.717164193139129        0.427573646370973
       -3.019784072076889        1.886199988882824       -0.867746840374978
       -2.289302781295717        1.503189323786597        1.101845201745096
       -1.211461373455679        1.802502471945583        1.614432743056023
       -2.949265002016561        0.384326114675627        1.394575766839007
       -3.823266975974701        0.210350948350974        0.920859238407058
       -2.455888378738585       -0.636812972302243        2.323059411550423
       -2.061441190327416       -0.131471607300626        3.207110435128454
       -3.637937051659882       -1.504611619799350        2.775905574734315
       -3.297943437436748       -2.237438357999571        3.509141172100060
       -4.066220561545446       -2.030178041891569        1.920795357673371
       -4.404186052729887       -0.878045979776297        3.234908371217015
       -1.314942676398026       -1.485385548384725        1.718098009851203
       -1.301544627749128       -1.753573543554157        0.512920425074431
       -0.387533553886861       -1.935066009482654        2.574304936022982
       -0.510012796903594       -1.667619386260633        3.541292364121440
        0.795167639991373       -2.767579647686910        2.292597783198210
        1.364456648027638       -2.803170498684123        3.223326534756270
        0.352747930233855       -4.214627869860674        2.022960064848784
       -0.237002062604962       -4.269831588131928        1.107187190064482
       -0.248586742338439       -4.579190144694379        2.856985349202851
        1.231416047129954       -4.852634460175230        1.917968896346663
        1.789687682197619       -2.220266150398591        1.238512477812173
        2.917224056467431       -1.855689991874397        1.584767792900519
        1.395807975076630       -2.164718455094346       -0.037319284740901
        0.438157470427493       -2.431524366980954       -0.234188211048460
        2.238508334348229       -1.759383431132580       -1.168359754936794
        3.259480404775212       -2.096180569890092       -0.979640459772334
        1.727778094972594       -2.496223525006639       -2.413454409255832
        0.709820759173064       -2.178851375169317       -2.645221390911055
        2.372470906978899       -2.271056607576633       -3.264077433408578
        1.740162375192521       -3.573213000447954       -2.239575593067665
        2.302984266707854       -0.230792856170943       -1.399798886147813
        3.199996562797610        0.238642032241760       -2.108501929072507
        1.382387008472131        0.535974032380234       -0.794983887546624
        0.700573385771459        0.056668352407129       -0.226214094162906
        1.197246975598129        1.986688207578059       -0.962905399043348
        0.299432755657979        2.252777219724779       -0.405785972815833
        2.358108674328024        2.726551072768294       -0.272774119114042
        2.141518545513487        3.793494656673817       -0.213160360906952
        3.283747679217075        2.585967725751764       -0.831635246600689
        2.489342039884674        2.345716741434640        0.741160271224660
        0.918820146028099        2.450630284363480       -2.418355521645943
        0.839923361090396        1.647858167481582       -3.356581681280115
        0.714537731153550        3.763011545552491       -2.602729832821436
        0.778837579573692        4.363021722555782       -1.791142816125504
        0.411743185763800        4.392554986555456       -3.889373585751765
        0.301706568420557        5.471383922632607       -3.762680262321135
        1.219031823979952        4.202109872213341       -4.599720451665927
       -0.518334205644057        3.989030630573163       -4.295185742923760
       -1.953991044278599        1.688153662730452       -1.283314292811095
       -2.739834451056161        1.101374495924049       -0.808949214177497
       -3.546986630778253        1.760056181960323       -0.490883161075667
       -3.125846960309914        0.369383402154582       -1.517337819057161
       -2.179376008792888        0.383054111286272        0.395587134297096
       -0.997109901259062        0.529695101519500        0.705777906628002
       -3.014122956586291       -0.408178473626952        1.068514543372898
       -3.966307558419195       -0.484289129273645        0.742330281847893
       -2.627374149848209       -1.176393524063652        2.255221429549224
       -2.285379944440872       -0.473940690567757        3.018002218486787
       -3.865071851343341       -1.897399631408080        2.805931113025182
       -3.596386189158314       -2.449057900020727        3.707965685184372
       -4.254826275943480       -2.596447286869858        2.064168609783651
       -4.638161546299764       -1.169366131188913        3.056039908177549
       -1.472995458714569       -2.154557207462447        1.944507651333151
       -1.584067895604998       -3.003123287941291        1.053351447423824
       -0.355034995852967       -2.008317629856881        2.668344658020671
       -0.363427284471967       -1.305070261503811        3.394694486481708
        0.919347912543206       -2.709598588178068        2.447107084993610
        1.650869094392586       -2.206090007791347        3.081489340368943
        0.806809183149559       -4.148338652232046        2.980073076768324
        0.128612044146247       -4.729608592189509        2.354532240211066
        0.430961188758731       -4.136818185566614        4.004020836422933
        1.788695752194815       -4.623137065568577        2.975093087294315
        1.502265951334050       -2.595647791765631        1.010578037400074
        2.313281095955678       -3.433161873426065        0.600299943371699
        1.103871785854607       -1.567973106376437        0.245292734960157
        0.412594217973855       -0.940380157304844        0.635598915982350
        1.495175798037086       -1.357565780186511       -1.157576106797908
        2.344445422458427       -1.999393488481599       -1.397222014012100
        0.315304506741786       -1.792294645224562       -2.037839100003260
       -0.552625803051981       -1.161324732223811       -1.841684197628577
        0.589511511993193       -1.702616001866477       -3.089789224539845
        0.058830688656398       -2.831863115849546       -1.828953296807355
        1.931136735419427        0.088974526416087       -1.492343457845881
        2.726004753160713        0.280854688970046       -2.418501641186873
        1.452488147476846        1.087140025294952       -0.734194623352614
        0.779132010205895        0.836961555216478       -0.021300826013064
        1.654012653564112        2.529389746439014       -0.943248407833692
        1.035810653022691        3.037577298885636       -0.200872135836337
        3.112187906856152        2.889931017540746       -0.603030127289744
        3.231285221859380        3.972866131016997       -0.558305109545442
        3.788215899467544        2.492698320715820       -1.360782049317641
        3.379708062405298        2.474618358000884        0.369748308229629
        1.165776633999683        3.065252452624889       -2.316903259816772
        0.616394668201208        2.329806614636746       -3.146582782027426
        1.321312050082465        4.377975227058484       -2.541968815702746
        1.763527060309438        4.925708755878989       -1.815802993644223
        0.905258748361689        5.075792702384690       -3.760014939204025
        1.155513556617587        6.136165947280755       -3.689154740274494
        1.413927995040918        4.651370569270386       -4.628178769576896
       -0.173341704073730        4.977151844812883       -3.899537574328614
       -3.204540870405352        0.941462676243409       -1.580081585252676
       -3.758900063359476        0.204082708049207       -1.000645091119309
       -4.718779155876766        0.622683665077689       -0.700658944386175
       -3.924003795368216       -0.686794182837664       -1.605375450761129
       -2.969882336641537       -0.169598564851956        0.232858932110850
       -1.863101576321466        0.331178938101657        0.435588448405362
       -3.528559303488408       -1.059394778112123        1.053336067897015
       -4.433909683650069       -1.431279167203441        0.806523799400163
       -2.907701287061855       -1.526216539514025        2.295801554221551
       -2.736062606658576       -0.658610487809943        2.936157779033734
       -3.888818123059105       -2.455216350864131        3.023483894708749
       -3.450302220668429       -2.784553891421921        3.966589698851115
       -4.106512681920990       -3.329552959695469        2.407893271333704
       -4.817426795427599       -1.922772721431973        3.234367096720967
       -1.547922884606883       -2.208688936316960        2.030417634578543
       -1.460267221688475       -3.168327434018723        1.257185972421297
       -0.487075609898846       -1.689127411276122        2.662197913602944
       -0.660191454466960       -0.919492767537030        3.294534350382564
        0.920308504594910       -2.072471496677591        2.468689298873658
        1.507394322257007       -1.327101652569094        3.007987550223265
        1.181804916014541       -3.414499195765497        3.173708781508101
        0.667510577189142       -4.221245583184158        2.650464965378569
        0.825359152323075       -3.368906790178094        4.203650823157428
        2.251896350040060       -3.625089589966916        3.184907478792853
        1.448707057278093       -2.002526295278984        1.008660737653799
        2.511522391446650       -2.557022970786364        0.709235176220980
        0.740222462731200       -1.314927763155891        0.100410964749054
       -0.129994903353087       -0.891623553248717        0.398737550609713
        1.089971359771536       -1.194772378459861       -1.323017311979347
        1.786902318155064       -1.992617585162809       -1.584555488010717
       -0.185148870567576       -1.422172614703220       -2.146065845517366
       -0.890182882146530       -0.608161995428300       -1.977831015873539
        0.065111681070346       -1.456661142359253       -3.207125487947009
       -0.648134266231603       -2.368799098278866       -1.863568792690859
        1.785182840461496        0.136983399707502       -1.695019160880926
        2.344799094349991        0.245546097293383       -2.791460544001874
        1.775588316501550        1.125740117638026       -0.786967458717499
        1.304597832014579        0.932967306610900        0.084094767711403
        2.286741120753454        2.494687355463339       -0.966002455757711
        2.011707869926887        3.049576660966506       -0.067120823944639
        3.826274570802478        2.454481036681702       -0.988780192323213
        4.230457094263041        3.464998505878941       -0.922254106823420
        4.179979102795110        1.993752437941939       -1.911660395878519
        4.195084681177073        1.880641696106926       -0.137281407172710
        1.651552563051302        3.284062722152373       -2.143916107450016
        0.747277182983774        2.804544798195960       -2.839360128120084
        2.095064827817338        4.534226052015209       -2.341048235239265
        2.824431110426855        4.871371741060140       -1.726888193134688
        1.608850251425590        5.443777827896116       -3.380350349559362
        2.143361579156297        6.394315432831764       -3.327258342034155
        1.768129146108637        5.005138565971678       -4.367678649041429
        0.541628615937422        5.632005956214726       -3.245512945021583
       -4.564556828738744       -0.184227625967484       -1.583271749823749
       -4.757073314656396       -1.018661789170928       -0.909938211282903
       -5.787293698870005       -0.974901680007935       -0.558861675662641
       -4.592329434674057       -1.957789036340229       -1.436681505394749
       -3.822179208510990       -0.940997260165265        0.275341559475730
       -3.004568447040604       -0.024461148008647        0.361245447265801
       -3.932873996794513       -1.904807836378321        1.188753462085941
       -4.623153746725774       -2.626020838950048        1.040536227661261
       -3.086091238565085       -1.993439606482506        2.380803729725666
       -3.129311883392043       -1.033503429587572        2.899470588993818
       -3.661952791584983       -3.057369012666245        3.324685486256901
       -3.061517193285817       -3.104026212059174        4.234380479364890
       -3.650257912921936       -4.035214165161112        2.840462010358574
       -4.687657122716546       -2.799881093123901        3.592902205499005
       -1.611782489809894       -2.277056366735610        2.018141398326754
       -1.317791505389652       -3.174206314060194        1.220611839239446
       -0.688486762840277       -1.510075816801413        2.613653566672347
       -1.017909541662408       -0.816182092948218        3.271056996542343
        0.764524461485026       -1.564329923250454        2.385607573953791
        1.176790474652175       -0.679443220306974        2.873594237816005
        1.346942887893118       -2.777371525465296        3.131236858151574
        1.013581377978257       -3.703177342175231        2.661033791288173
        1.021016194754381       -2.765227199217438        4.172171726035923
        2.436714904136566       -2.739170659489492        3.107369876276058
        1.214989235012340       -1.441275127039401        0.903845590217796
        2.309593527112796       -1.885374248651664        0.541368136174074
        0.390749269143155       -0.833146855687958        0.038752718710208
       -0.499173447945322       -0.500107029025631        0.383620596220630
        0.649210395444846       -0.710452407259068       -1.402644137137400
        1.086992656910603       -1.646572098220666       -1.754060555978634
       -0.700309931477209       -0.536698792309679       -2.111347787257345
       -1.166313507193551        0.400983427187659       -1.805121634169483
       -0.548350869627810       -0.520451742780041       -3.191327567769779
       -1.360901976079180       -1.368627056698899       -1.863071916212380
        1.638909018468234        0.418399925442413       -1.780236646860534
        2.180885718187600        0.405774487689683       -2.890822781409087
        1.892021463608256        1.364553410017331       -0.862074082259918
        1.406135371994015        1.278728790030750        0.017958873797273
        2.729624353353274        2.562654401071620       -1.036477083017798
        2.617516949693953        3.157041125735846       -0.127823946229263
        4.208030880262485        2.133340441489885       -1.086878970659985
        4.856790938551287        3.006835838209376       -1.015948619754832
        4.419715739012345        1.611809234494752       -2.020853048974379
        4.430853197901740        1.471581608472059       -0.248528727635973
        2.296872722273097        3.502057251646959       -2.195915220423168
        1.277642246550943        3.286684714261070       -2.863921373350035
        3.051899063962239        4.590255212840890       -2.406173939343597
        3.861787117237312        4.715989330741762       -1.813653032688408
        2.796878043194630        5.604297579501186       -3.431141341758733
        3.567164899990114        6.377178900993422       -3.394262224544859
        2.804990314701691        5.146406787751173       -4.422539379166055
        1.823013726993016        6.069673884618873       -3.265027817436139
       -6.297901105737208       -1.492392996105457       -1.117185475536343
       -5.696364619829257       -2.248943482183013       -0.614716951772522
       -6.350470795177479       -2.986306651469174       -0.151003645129191
       -5.050146238978491       -2.742061700745659       -1.339866782829610
       -4.844290484561273       -1.597224075738179        0.451303113544966
       -4.904018976174660       -0.380422716745440        0.629192055721345
       -4.051798728977965       -2.408663994892689        1.150660561171565
       -4.063940610656158       -3.389313848999446        0.911262557698892
       -3.136226986938193       -1.991692030114516        2.219466946744182
       -3.275883520803114       -0.926908753037721        2.414832661066148
       -3.510737770941608       -2.743787575730079        3.504223398784383
       -2.876036180708320       -2.411320867788201        4.326854299401973
       -3.375994178140256       -3.817302006405162        3.362444555800034
       -4.551974573628530       -2.542923084880389        3.760779404856402
       -1.653218548329555       -2.191908471661297        1.837770650518075
       -1.320053589388887       -3.044464777837747        1.007381387116516
       -0.762171802241464       -1.409875746482157        2.463648494954122
       -1.119652737143205       -0.758461864198699        3.149594532750217
        0.696223706510363       -1.422648874019910        2.259414785781716
        1.079256694573478       -0.534735924508937        2.765451384750946
        1.299120148630137       -2.632020016475074        2.994569468573360
        0.990676788736219       -3.558863542056842        2.509572810190604
        0.963473325512044       -2.640638621086121        4.032427069371493
        2.387914185029693       -2.568674780938952        2.980823776959382
        1.152095423198012       -1.265047590774081        0.783988809405826
        2.195275426295776       -1.789159469050867        0.379246506943425
        0.370842040732901       -0.541755020739038       -0.029479787497563
       -0.469598724074219       -0.140154419781756        0.360960784849026
        0.593963626371622       -0.381337738447992       -1.472368200108661
        0.901222308695630       -1.345563235613327       -1.881420244035561
       -0.750573973503467       -0.011151037694643       -2.112670317514519
       -1.090374689215212        0.956322497385284       -1.739583019583419
       -0.637537550051317        0.046421271380025       -3.196121286259690
       -1.496515773070630       -0.772289615533414       -1.878482925890039
        1.699796209936531        0.637580541824132       -1.840729625692653
        2.195295725524510        0.614441003312108       -2.972624173223065
        2.099166538130890        1.500906055148723       -0.893426788914905
        1.639648041511507        1.430472124226273        0.002004380825946
        3.069351699407664        2.597176842616248       -1.050093335778235
        3.063405257085301        3.155954021518063       -0.112415850832864
        4.481790125368861        1.996836238580788       -1.181102894734586
        5.234100802036465        2.781809486127313       -1.098895984848557
        4.594574267277016        1.499872737746945       -2.145165220473996
        4.652615283659305        1.273046898719270       -0.382759585608658
        2.712020457553266        3.636702980346786       -2.148142762498986
        1.649461172085659        3.578636631749450       -2.779881848587844
        3.586526104104815        4.634380552164555       -2.343895182603688
        4.427545097470042        4.632546717242392       -1.782209459266203
        3.419469415482189        5.719907190515409       -3.312198323969711
        4.279748833712001        6.391193685922134       -3.275547533416182
        3.333726288720800        5.312577512153570       -4.321818548649349
        2.517177464874461        6.291229343060493       -3.084068642615765
       -6.892905436637792       -1.957482175980365       -0.587487796176542
       -5.973015063052494       -2.508778201247132       -0.396282361622888
       -6.213253310049459       -3.535064952843777       -0.121320444410809
       -5.354449467394583       -2.508643275049483       -1.292924619787785
       -5.212382618426100       -1.854153904551334        0.735214498628551
       -5.665330846437103       -0.848368391813016        1.282400180915999
       -4.059229772725550       -2.425951375522154        1.079486851281590
       -3.769252783270492       -3.242261965474217        0.559906759898093
       -3.157907373654720       -1.952095603859774        2.136436658532726
       -3.320224974363239       -0.883474531869527        2.290614488101144
       -3.507528801781584       -2.682576737982501        3.441985922463014
       -2.875543114970969       -2.317816196848549        4.252873981592267
       -3.350868107726818       -3.755956968927598        3.323562737048741
       -4.550954880206797       -2.499007473062619        3.702145777473859
       -1.670767272997147       -2.142427720200308        1.764518256139629
       -1.328305349211214       -2.990949150364306        0.933823057936830
       -0.788061282803563       -1.357181838620317        2.398023907533115
       -1.154343476158163       -0.707018809343338        3.080543114952168
        0.673361123435768       -1.373277872905620        2.216753719684620
        1.049699104188398       -0.483547130092633        2.724620310641733
        1.261834164775909       -2.579897885049916        2.967960301274315
        0.959251313302373       -3.508642841776807        2.482867382506425
        0.909441900656854       -2.582389342671346        4.000290099674108
        2.350841851278617       -2.518815715239398        2.971528660506912
        1.154503873904511       -1.223846954898195        0.748628531034902
        2.200095774719005       -1.757281854873431        0.362669852762235
        0.393006343231812       -0.496339101727039       -0.079607270867136
       -0.451041318087409       -0.087423544481754        0.295200121827906
        0.645724364026030       -0.337434047130312       -1.517902117670470
        0.949633131086202       -1.304843541487357       -1.921900169618373
       -0.681397952186560        0.049275771731140       -2.184074698169858
       -1.017178429620941        1.020210648938611       -1.816360851965678
       -0.546208520801563        0.106918910454020       -3.264991954883511
       -1.440543349564459       -0.703498510035073       -1.965952855887912
        1.770075150298591        0.669044995825797       -1.863710752882467
        2.289980428776280        0.638451161950355       -2.984425585209834
        2.157608026541999        1.530021257294581       -0.909377062914439
        1.677643611339297        1.466362138208913       -0.024223536487171
        3.142495443930242        2.615728857056424       -1.046631318048649
        3.121863835091911        3.176426429498965       -0.110309514607042
        4.551059472822328        2.000323879062414       -1.145518615303509
        5.309620949938346        2.777511990472231       -1.048175938370199
        4.679735107962531        1.500286617756520       -2.105994713515660
        4.696671648628245        1.276366068029971       -0.342345423818907
        2.820281039146125        3.656717615472838       -2.154119295197672
        1.771150544996735        3.608635644471103       -2.808735849119850
        3.709432687756470        4.644636582917507       -2.332618756901790
        4.537965410732197        4.635029047695556       -1.752748643691945
        3.575077932229423        5.729863958217149       -3.306332144029899
        4.441473625059033        6.392040520662168       -3.252195043752131
        3.506978243699445        5.321373689007197       -4.316827453375570
        2.674187698530788        6.311221631209789       -3.098960384215052
