        0.4295257705        4.1982133419        1.4310072333
        0.3053469107        3.4234406826        2.1827886745
        0.9100865001        2.5530821589        1.9329122265
        0.6031198629        3.8059861792        3.1580769390
       -0.9243418870        3.5765275089        2.2109620683
       -1.7921841620        3.7591940638        3.6719630808
       -1.3583777318        2.5344190446        0.7189371047
       -0.4399263768        2.7758081986        1.0804473597
       -2.7763240074        2.1873949467        1.5983093510
       -4.0907767863        2.8002841319        2.3742090525
       -3.5641922184        2.4362851320        0.1624717164
       -4.3337957116        2.2176749335        0.1243574405
       -3.4182229849        3.0325237639       -0.0100507386
       -3.2806197232        2.6824095884       -0.6949658127
       -3.4349576437        0.3485026789        1.3718544080
       -4.4548480976       -0.8955917867        1.4749383095
       -2.0131220495       -0.3516587577        1.3624760282
       -0.3911679814        0.4728842126        0.8062570974
       -2.0175143765       -2.0109351140        1.0915283639
       -2.4187663879       -1.8711313604        2.0206635590
       -2.6180414210       -2.6814071758       -0.5700493214
       -3.6444774657       -1.5368320308       -1.1776914699
       -1.2012039328       -1.9863561389       -0.7396090997
       -2.7733842223       -3.0164520004       -0.2655157138
       -0.1187964740       -1.6418318478        0.9423912485
        0.3349208346       -1.3120739905        1.4025272033
        0.6980106671       -3.7143140667        0.4169032893
        0.4417401386       -3.5077303801        0.6385096352
        1.3821254814       -2.8744935073        1.0422924448
        2.4638280921       -2.7242283277        1.3821795770
        1.4987151535       -4.8888828646        0.0713819022
        3.5467153722       -4.5994228783       -0.3200946454
        2.1746914610       -4.6099882979       -0.3606210806
        1.5993796141       -5.7895106633        1.4924286649
        2.3997371956       -2.7169539963        0.1146768038
        3.7795997778       -3.2689374333       -0.6366544346
        1.2304067973       -1.1136516004       -0.2154683800
        0.9411157325       -1.4070351403       -0.2421439340
        2.6872300471        0.0961035624       -1.9082857164
        3.3984632206        0.6844188919       -1.0501685091
        1.8358125091       -0.4111708898       -2.4411169356
        0.9160251051       -1.3737734807       -2.5677043785
        2.0416290315        0.2149893766       -3.8172918238
        2.1817106172       -1.5994224506       -3.3168948361
        2.0550163509        1.8181900047       -0.7858858896
        0.7271140894        1.1517365752       -1.0874866886
        1.9726518608        2.6561204787       -1.6325047971
        2.9175132164        2.8633171174       -2.7907241652
        0.8980872574        4.3067620475       -1.0735651962
        2.5034873226        4.2610057810       -2.2239802570
        1.6907612771        3.9168463424       -0.6501581041
        0.8219269024        3.6298960266       -1.8315161769
