       -0.4623643923        4.1157644860        2.4489071250
       -0.3820902389        3.1069685228        2.8485500600
        0.5810972210        2.6788243600        2.5746588894
       -0.4791609288        3.1304918960        3.9330233348
       -0.8667542778        2.2522239407        1.9597634914
       -3.0348694357        1.5226517052        3.5346982900
       -1.0524365969        2.3860804448        0.8055742432
       -0.6917453167        2.5627201722       -0.0131352994
       -2.1707146329        0.6092078633       -0.4323185606
       -3.3888946996        1.4684110960        1.0622698719
       -1.8787151172        1.8471208947       -1.6901453131
       -3.4621194358        0.5406815255       -1.9091025185
       -3.1933867960        2.3391835065       -1.1770699571
       -1.2535078921        1.9872045795       -1.5813765353
       -2.5978093917       -0.2328209887       -0.0434739170
       -1.9272544682       -0.9821318363       -1.0003517500
       -1.7191019930       -0.7435805965        2.1212179205
       -2.8591666941       -0.8125632230        1.9022325077
       -1.0804463722       -1.6994036160        1.8623008938
       -2.2663567961       -2.6537573175        3.7939592170
       -2.9399797442       -2.8378152177        1.7006422270
       -3.4598237798       -3.5064861423        1.4440097422
       -2.2624736307       -2.9982830164        0.4364228569
       -2.8874925355       -3.5241532313        2.3369011772
       -0.6103252458       -2.0665614330        1.2452126310
        0.7225412364       -3.1359626529        2.8055579059
        0.3045199481       -1.8598998043        0.9276584506
       -0.9429738088       -2.9494910222       -0.1145258411
        1.2330888496       -3.2289996672        0.1594779874
        1.8142523497       -2.6226471168        1.1654129585
        1.6252012757       -3.8036020130        0.0016421178
        3.3214335910       -4.4711878214       -0.4426793900
        1.4095679554       -4.1682335855       -1.6097092583
        1.6828519803       -4.4027808308        0.7245635631
        1.8348203480       -2.4217726352       -0.3671499414
        2.7645964223       -1.6525271925       -1.5533123338
        1.5774289706       -0.3032049905       -0.6659892791
        0.6260675205       -1.3045430889       -1.0382761969
        1.7923427770        0.0560012517       -1.7622431362
        2.4415858903        0.7780521586       -2.1073746206
        1.0670942769       -0.4261503047       -3.6149021309
       -0.4753231134        0.1963012861       -2.6856532827
        1.9783944952        0.4271927670       -4.3648501069
        0.5867260602       -1.0483281372       -3.4717400958
        1.2234679589        1.6696735275       -1.3660297923
        1.4519440746        2.3807639576       -0.2131545760
        1.9711588263        3.3101960356       -1.5008963342
        3.1066335201        2.9652652940       -2.2800979130
        2.5642394738        3.6101956603       -1.9923055285
        3.5541356701        4.9918887737       -1.8647845650
        2.8453844525        4.4013708714       -0.6782406101
        2.0373309262        4.9236489574       -0.9905870824
