       -0.4623643923        4.1157644860        2.4489071250
       -0.3820902389        3.1069685228        2.8485500600
        0.5810972210        2.6788243600        2.5746588894
       -0.4791609288        3.1304918960        3.9330233348
       -0.9104118361        2.3754120612        1.7317782332
       -2.8412653322        1.8983007687        2.7830627790
       -1.8250673901        2.3797879522        1.1243819865
       -0.6950794047        2.3502419087        0.8160866664
       -2.1868196673        1.1495134717       -0.1071538987
       -2.9543246144        0.6716910906        0.4625078314
       -2.4134557326        1.8035250976       -1.2727427815
       -2.7144715585        1.4985760512       -1.5497727062
       -3.4067928715        2.2907689533       -0.6220337312
       -1.2566687029        1.3904029239       -1.2070784140
       -1.8711365211        0.0670145814        1.0110311837
       -1.7932682801       -0.7146529235       -0.4466919905
       -2.1028426057       -1.1729184253        1.2086625570
       -2.6337432900       -0.5084677775        1.8283284715
       -2.0429209674       -1.8213860808        2.7725293866
       -2.1677206722       -1.5605187018        2.9781208210
       -2.9442100057       -2.7963471767        1.1255206247
       -3.1400806054       -3.1816563329        1.2156536468
       -2.8126596997       -2.9826411851        0.4894521236
       -3.1093586461       -3.5401725870        2.3275404909
       -0.7337318290       -2.9054797380        1.8274247477
        0.5196240665       -3.5109965375        2.7193176346
       -0.0445322279       -3.0454727525        0.9346157556
       -0.8717438702       -2.7450965316        0.3575433159
        1.9681772213       -2.3785280670        0.6039222696
        2.7406874810       -2.0582708099        1.3334342391
        2.1856064608       -4.7848632873        0.1176463981
        2.6234365581       -4.0252054953        0.0090106631
        1.6826275450       -4.2345997960       -1.1466150750
        0.6685351648       -5.5476728863        1.0321162786
        2.4626490035       -1.8293355675       -0.7307437705
        3.2258589393       -1.5544290214       -0.5822929810
        0.7855147826       -0.3835437005       -1.6310859976
        0.2620837971       -0.1230205457       -0.5009058722
        1.2365672993       -0.1579065551       -1.7489842538
        3.5215494172       -0.1539925285       -1.9615987272
        1.1084086689       -0.2960314443       -3.2918054039
        0.6561751871       -0.1564309513       -2.6461326588
        1.9785764087        0.9661528996       -4.2293778981
        1.0723816772       -0.4714400321       -3.7542073850
        2.3145803817        1.2564960111       -1.5584224079
        0.6920910274        2.2341617812       -0.1486399901
        2.6757684947        2.3384112725       -2.2252295130
        2.9255372733        2.9012315327       -3.0962741184
        2.1547103221        4.0270527019       -1.4928558183
        3.6648791746        5.2676393834       -2.6206571329
        3.0787850836        4.2084793459        0.2623607792
        2.2502390092        5.1411900212       -1.7689351947
