       -0.4623643923        4.1157644860        2.4489071250
       -0.3820902389        3.1069685228        2.8485500600
        0.5810972210        2.6788243600        2.5746588894
       -0.4791609288        3.1304918960        3.9330233348
       -2.1785401044        2.7695821877        1.9324516725
       -2.3153103579        1.8645308406        3.5769349640
       -1.9915663739        2.3784328080        0.9598101599
       -0.9213530707        1.8349793969        0.6286641555
       -2.0076320300        0.5814479486        0.2991115692
       -3.4844505650        1.1099611822        1.2481962204
       -2.8149855221        2.3584099503       -1.2678357397
       -3.3821938329        1.0072693260       -1.1685481970
       -2.4057657704        2.8115844589       -1.0321224630
       -1.4364599020        1.8709843348       -1.0809944084
       -1.9913258841       -0.6438515712       -0.1888550860
       -1.5784676718       -1.1889628128       -0.6509384491
       -2.0615282416       -1.2941331786        1.4231023407
       -2.9492676685       -0.7554554412        1.8890711292
       -1.0567986813       -2.4602207876        2.0152387489
       -2.1057202066       -2.0128755825        3.0455981867
       -3.2161195454       -3.4137333581        1.8445842364
       -3.6343114164       -2.6166795536        1.3285708800
       -3.1167091336       -2.7298486701        0.5499142460
       -2.3771524242       -3.8224167047        2.4599288029
       -0.5429802203       -2.9500598878        1.8750865992
        0.1848215807       -2.8468033468        2.8340422898
       -0.3471131188       -1.9918991998       -0.0204619415
       -0.2360714215       -2.6934373520       -0.3626544146
        1.8228564512       -3.4000532080        0.9240445958
        1.7708462955       -3.3384554126        1.7820276444
        2.3070499233       -4.3090386143       -0.3699715194
        3.2190878668       -4.0871658544       -1.0160950415
        0.4406171328       -3.8571599303       -0.7963803122
        0.7191065047       -4.8243054367        0.6824312434
        2.5547990288       -1.0778755635       -0.7001372257
        3.8534199819       -1.4581830048       -0.6362551330
        1.4040967787       -0.4442366908       -1.3715871200
        0.2146354799       -0.1320781165       -0.9432695179
        2.0957608205       -0.3500473061       -1.4182093197
        2.4321694338        0.8448625606       -2.0543926927
        0.9203086493        0.1529171657       -3.5023782042
       -0.2286979881        0.0539535787       -3.1175413257
        1.4017915865        0.9008342556       -4.3394599891
        1.3171401883       -0.4998759897       -3.6515800368
        2.2400788123        1.9388851047       -1.3158631905
        0.4438535990        2.0667420877       -0.8169906080
        3.1384770203        3.0565208926       -2.5264032915
        3.6386753694        2.0592683456       -2.6205572181
        2.5501325296        4.5997730187       -1.0187242008
        2.7805857548        5.0186951164       -2.5344483705
        2.6846353314        4.3567447349        0.1892835331
        2.1784617848        4.8420267127       -1.2960304902
