       -0.4623643923        4.1157644860        2.4489071250
       -0.3820902389        3.1069685228        2.8485500600
        0.5810972210        2.6788243600        2.5746588894
       -0.4791609288        3.1304918960        3.9330233348
       -0.8334698947        2.4949645950        1.9371542977
       -2.3868064396        2.3070831912        2.5340550692
       -1.2401689058        2.5774027654        1.4202943361
       -0.4799248553        2.6982029504        0.9332832302
       -2.7074936355        0.9077459594       -0.3530956931
       -3.3438188438        1.1892844626        0.5354234144
       -3.1371891080        1.4422741699       -1.1228309335
       -2.7342742794        1.0988485449       -1.5910094486
       -2.6610444733        2.8092702296       -1.1803451396
       -2.1853000684        1.6844273383       -1.9822669535
       -1.8551528804        0.2922740134        0.9609970243
       -1.1496473934       -0.3238960980       -0.2165173819
       -2.6837534847       -1.2093241039        1.1701944970
       -2.4588620702       -0.2446351277        1.8558634270
       -2.3203920806       -2.5765297412        2.2607093598
       -1.4689345709       -1.8917730831        3.4571521000
       -2.1216069510       -2.9977950558        1.1401804023
       -3.8936791726       -2.8930228632        1.4109236157
       -2.7463494015       -2.6943891000        0.3601144118
       -2.9744652545       -3.4760630934        1.9551248427
        0.4174777987       -2.6496930598        1.5639023522
        0.3005110996       -2.1943787765        2.9397389025
        0.7093347799       -2.6730823764        0.8324017285
       -0.5843747478       -2.5541467355        0.2917368199
        2.0189273560       -2.3837478454        0.6259521092
        2.8865911133       -2.2235391277        0.9978023269
        0.9929002044       -3.9935931208       -0.9373714313
        2.2586720337       -4.4924802179       -0.4191881395
        0.9953142986       -4.1750755766       -1.6503860951
        0.6484282964       -4.7238537653        1.0519336635
        2.0164847486       -1.3654352517       -1.0087184705
        2.7652438142       -2.2629207290       -1.6654292578
        0.8754425450       -0.8980781923       -1.2036184589
        0.4498018042       -1.2705125065       -0.2693391798
        1.2239473084        0.4690933374       -1.8141658024
        3.2093612931        0.5573625297       -1.6549553631
        0.4153678600        0.6683831432       -2.9677734745
        0.0382562273        0.3704859705       -2.5899506015
        1.8050033659        1.2386901857       -4.4408200373
        1.1729600384       -0.4424876497       -3.6444615939
        2.2800845557        2.3583921297       -1.5016685466
        1.0160518749        1.6161309651       -0.0953804320
        2.6725784042        2.0722397351       -2.1656252087
        3.0528436158        2.2854653761       -2.3280420897
        2.7712876424        4.6250030308       -1.7597021137
        3.3695440529        4.5081985816       -2.4671602976
        3.2413605025        3.6194604556       -0.1949299336
        2.0057533574        4.1152373423       -1.2906652959
