       -0.4623643923        4.1157644860        2.4489071250
       -0.3820902389        3.1069685228        2.8485500600
        0.5810972210        2.6788243600        2.5746588894
       -0.4791609288        3.1304918960        3.9330233348
       -1.4919904579        2.4464193305        2.5077399196
       -2.0528656839        2.2791573148        3.4841552155
       -1.2981271641        1.9258432404        1.5560215726
       -0.7622166360        2.2998285591        0.2564089719
       -2.3562762600        1.7538104991        0.4802975935
       -2.9670259763        1.4167572323        0.1088219045
       -2.0486631929        1.7128889361       -0.8018993073
       -3.8448012528        1.2520852259       -1.2771245445
       -2.5465921954        2.1162431030       -0.6467132552
       -0.8351318971        1.2120705073       -1.4782733174
       -2.1171289814       -0.2689242108        0.3781033970
       -1.5326292127       -0.5851249362       -0.0055810290
       -2.7138643039       -0.2103838482        1.9393888296
       -3.1058012036       -0.0048457547        2.3159819091
       -2.1896907150       -2.6413757694        1.9468418559
       -1.3333955800       -1.6803835364        2.6376460318
       -2.3861532818       -3.4139522478        1.4104583385
       -4.0996031787       -3.0813775266        1.6251439903
       -2.3412521409       -3.1113187820        0.3536342544
       -2.7888752146       -3.6849224917        2.6247567151
        0.3884669158       -2.3087535860        1.6065587401
        0.2423260289       -3.5156641250        3.5033691428
       -0.1826903220       -2.5480943501        1.3012783489
       -0.9866416529       -2.7442402905       -0.3255830209
        1.1975693596       -2.3186903077        0.3956920918
        1.6092913788       -2.2343157868        1.5179448224
        1.2825250763       -3.9487525876       -0.4550170581
        2.1505263736       -4.1000917686       -0.7321180730
        0.4343430145       -4.7204176145       -0.6522864269
        0.9308046079       -4.6952798185        0.0601247890
        2.0757385387       -1.6104764928       -1.1022743376
        2.9842528906       -2.1627983215       -1.3075799778
        2.0408241279       -1.2884882362       -0.4994866034
        0.3514305868       -0.3258330173       -0.9447794573
        1.2322694168        0.9574681926       -2.4087345060
        2.5531651030        0.1486805785       -1.7162760767
        0.5111502031        0.8979082519       -3.1472405607
       -0.3522948450       -0.3091511964       -2.6584645345
        0.6786915218        0.7325406523       -3.3362262171
        1.0455621946       -0.4986247398       -3.2743862092
        1.7572581029        1.2221752724       -0.8653248169
        0.3522371867        1.6451292875       -0.3546809103
        2.2614760444        2.0562174372       -2.0505169958
        3.7523670610        2.7545389309       -2.8834509766
        2.2729319709        3.3800435667       -1.1311780967
        3.0471569201        4.1589056153       -2.1278274628
        3.5062503801        3.4937197463       -0.0103160040
        2.3160244459        4.5670041506       -1.9643215587
