       -0.4623643923        4.1157644860        2.4489071250
       -0.3820902389        3.1069685228        2.8485500600
        0.5810972210        2.6788243600        2.5746588894
       -0.4791609288        3.1304918960        3.9330233348
       -1.2709184500        2.6112890885        2.6057636361
       -2.4138139676        2.0636478942        3.3910214804
       -1.6250137839        1.3667462239        0.6573881004
       -0.0126348438        1.7223007113        0.4111141749
       -1.9383923945        1.7293988085        0.8898969371
       -3.3083262456        1.5085742867        0.2770004216
       -1.9324401894        1.9944122861       -0.8958091335
       -2.8559798798        0.9762240877       -1.8963714488
       -3.3807082583        2.2257795409       -1.0252045003
       -0.9011616318        1.9873928054       -1.5882061934
       -1.6241128292        0.0740627922        0.5384979615
       -2.0200990768       -1.4095337071       -0.6329328819
       -1.6046244796       -1.1886440222        2.1233337566
       -1.8724447695        0.2365051021        2.7301737330
       -2.3811593159       -2.2263515638        1.9191887516
       -2.1419582344       -1.8594767032        3.5873567819
       -2.9187302214       -2.9509279333        1.7336462116
       -4.3062916694       -2.6924248350        2.2980490633
       -2.7331579882       -3.5938183369        0.0461806694
       -2.2943791149       -3.5386771382        1.6230684946
       -0.2186707355       -2.4434731551        1.9453283663
        0.2045590503       -3.3492162159        3.1189377935
       -0.2700032255       -2.0383162648        0.2458342500
       -0.3383299377       -2.5590706619        0.1832281477
        2.0852486000       -2.7346178468       -0.3850080343
        2.9027893847       -3.0134866325        0.8859808404
        1.1595827740       -4.7808985521       -0.1963669742
        2.4046369333       -4.9313434813       -1.2190386069
        1.4544629267       -3.7383600527       -1.3162034693
        1.2259998996       -4.4491069190        0.9042727477
        2.8378374604       -2.0666114065       -0.5801128500
        2.9729234739       -2.2596995880       -0.7952910482
        2.0193487344       -0.3894109723       -0.5895786265
        0.7119663512       -0.9997170553       -0.5553787164
        2.5549267844        0.0517891616       -2.1940552592
        2.4299915983       -0.1791810579       -2.4411894084
        1.3779147760        0.7992123507       -3.8695403214
       -0.0694310341        0.4843813458       -2.5034593926
        1.2618788827        0.8755931111       -3.8337590226
        1.0739023261       -1.3259902836       -3.3910342670
        2.0448589631        1.4742184859       -1.3569299418
        1.4996398538        1.6502989172       -1.2122486617
        2.4255280553        2.2273253724       -1.3379073138
        3.3128208602        2.8023249829       -1.9987409077
        3.3347241588        3.5174904809       -1.7305708505
        4.0946742165        5.0148502375       -1.7440494815
        2.5894664101        4.5160506896       -0.8438476544
        2.0448247893        4.5921161747       -0.8857846936
