       -0.4623643923        4.1157644860        2.4489071250
       -0.3820902389        3.1069685228        2.8485500600
        0.5810972210        2.6788243600        2.5746588894
       -0.4791609288        3.1304918960        3.9330233348
       -1.7538039983        1.9810129258        2.9186297645
       -1.7842282290        1.2432274082        2.8801311484
       -1.7131825655        2.4617867052        0.3820106347
       -0.8172344253        2.8540968327       -0.0776410908
       -3.0458194815        1.7677876518        0.6391655983
       -2.9887007149        0.8917516093        1.2619026761
       -3.0272674386        2.3458353440       -1.5490802925
       -3.5080645614        1.7260718917       -1.8448908000
       -2.9689375805        3.1625820196       -1.2691579305
       -0.8608781727        1.2497139665       -2.2388890374
       -2.2843719646       -0.8946401889        0.7170592413
       -1.1831444561       -0.5328421502       -0.4054987416
       -2.1121892344       -0.2021702605        1.0850139006
       -2.0237574464       -0.2565432399        2.6724507709
       -1.5360666405       -2.4307039842        2.6010160747
       -2.0559425263       -1.9353003365        2.7313782090
       -2.5497341190       -3.5822846941        1.7898029153
       -4.2055663665       -2.2421800677        1.6018915176
       -3.3193249155       -2.9721249954       -0.0610427775
       -2.0528383145       -4.6243592438        1.9684532616
        0.0966631329       -2.6709512217        1.8953199885
        0.5299393389       -2.5062414847        3.1631946232
       -0.2053436728       -1.9172748908        0.2713033618
       -0.4342334831       -2.8140809317       -0.1909522383
        1.4291021034       -2.3168691869        0.4540887215
        1.7854860148       -2.3896056845        0.8951325795
        1.1627063587       -3.9404540276       -0.9781700269
        3.2399618782       -4.7714887911       -0.8144100153
        0.5723563835       -4.9224403743       -0.6555582880
        1.0219241411       -4.7374728774        0.6658045750
        1.7207238973       -1.2184678866       -0.8405397281
        3.9008706820       -2.2623143987       -1.0145845735
        2.0979798035       -0.3527077261       -1.7793860272
       -0.0093779835       -0.3576895129       -0.8114017788
        1.5753259262        0.1080926781       -1.7895615085
        2.2015930685       -0.0149494624       -2.2929250684
        0.7915346061       -0.4542870685       -3.8540424100
        0.2950967895        0.7175630071       -2.5899015584
        0.9648497281        0.7952525835       -3.4366009880
        0.6940140478       -1.3618877181       -3.0579253136
        1.8894880071        2.3874979449       -0.7149475444
        0.4368381023        2.5188796240       -0.8200334756
        3.0976927720        2.6742650669       -2.1417486048
        3.6031436711        2.4727843096       -2.1240521334
        2.2999071178        4.2029234391       -1.7073295634
        2.8853496804        3.9435541487       -1.3592031142
        3.2321408604        4.5120172230       -0.4539071732
        2.0939057363        4.3537642876       -2.2587596628
