       -0.4623643923        4.1157644860        2.4489071250
       -0.3820902389        3.1069685228        2.8485500600
        0.5810972210        2.6788243600        2.5746588894
       -0.4791609288        3.1304918960        3.9330233348
       -1.0788292925        2.0787833284        2.2001512255
       -1.9991689855        1.9739335005        3.4384527357
       -2.0310024185        2.4967690706        1.3512959842
       -0.9228610439        2.9192052040        0.3025227415
       -2.3228447107        0.9079860327        0.4949715945
       -2.7124026857        1.8851570089        1.1225204528
       -3.1638027306        2.3344407832       -0.9410739101
       -3.3968039092        0.6878344113       -1.4174405610
       -2.1475592241        2.2123488070       -0.6380590394
       -1.5601798417        1.5093238152       -1.0447400977
       -1.6343960577        0.2035747224        0.1650060470
       -1.6131697127       -0.8832965797       -0.3656426717
       -1.7270907533       -0.5019686453        1.0422846793
       -2.2896025218       -0.3247645190        1.9329231655
       -1.9402770506       -1.4559723741        2.5521376513
       -2.1394668010       -1.7966629355        3.5244832952
       -2.3388418805       -2.8117963873        2.2530240435
       -4.3556280562       -3.0400239372        2.3197857206
       -2.4663705838       -2.6134144713        0.5495958119
       -2.4183953071       -4.6958878225        1.4377982743
       -0.3169551874       -2.5122130448        2.0012803063
       -0.2191682152       -2.7706966504        3.4093260250
       -0.0405182556       -2.1916093582        0.4442835703
       -0.2354438700       -1.5988092179        0.1756824609
        1.8047108122       -2.3578361791        0.6352584243
        2.1465175457       -3.1667742689        1.8040249823
        2.1026528466       -3.6750916633       -0.4070833931
        2.1339296457       -4.3243480930       -0.1655397056
        0.5657084054       -4.7420841235       -0.8320889269
        1.1010378791       -5.4378581202        0.7672108150
        1.9426511309       -1.2516584975       -0.7524766384
        2.9239207113       -1.3741181386       -0.8503731084
        1.0220227473       -1.1385264168       -1.1860225322
       -0.1338496589       -0.7680288813       -0.8838983871
        1.7747979565       -0.0617972548       -2.6554079654
        2.9783842973        0.7987231622       -2.7694785987
        0.6153653437       -0.3971937092       -3.3537364868
        0.6129071386       -0.3112326484       -3.2748566403
        1.7605448399        0.2721290629       -4.3584293959
        1.2582366076       -0.7904806022       -3.4176973678
        1.2991673969        1.7159793100       -0.7444198441
        1.2889662163        1.5952023497       -0.7499222407
        3.1326748940        2.3592434098       -1.6527953824
        3.9636098222        2.9511821117       -3.2099093399
        3.0309477060        4.5844059606       -1.0923029827
        3.4357702764        5.2555167086       -2.0917294312
        3.4769812449        4.6065513171       -0.4611557850
        1.4572145089        5.0510350956       -1.6259793382
