        0.4295257705        4.1982133419        1.4310072333
        0.3053469107        3.4234406826        2.1827886745
        0.9100865001        2.5530821589        1.9329122265
        0.6031198629        3.8059861792        3.1580769390
       -1.0622551227        2.6475115443        2.4046847113
       -2.1658758562        3.6179287074        3.6042017688
       -1.0350238889        2.9645933246        1.6864185443
       -0.3855674259        2.7677029663        0.7497278286
       -3.5005252092        2.0845091036        1.6603337766
       -2.9676482688        2.8000669043        2.4993659962
       -3.6012102547        1.9976101100       -0.6182706062
       -4.8880622266        2.2544012382       -0.5747304243
       -4.0631293921        2.9955011888        0.0934671610
       -3.5304759858        2.5265792908       -1.4506226371
       -2.8731030779        0.9270281014        1.2312208655
       -4.3980759435       -0.2118839734        0.5215820954
       -1.2261201264       -0.5462547399        1.4989429349
       -1.5883658304        0.7803500955        1.1849756634
       -1.3449299740       -1.6949199427        0.3079475938
       -2.5679088587       -2.1794177510        1.0398981311
       -2.5821172503       -2.9699583433       -0.7398281508
       -3.1577322552       -2.7335234180       -0.6268725632
       -1.9683581710       -2.4878095522       -1.1527977567
       -2.5558224901       -3.9434588715       -0.8235840129
       -0.0446155215       -2.1715334747        1.9479706287
        0.7378234606       -1.3497012107        1.4355553828
        0.7056311571       -3.6930416268        1.1313825972
        0.3725655134       -3.7451839987       -0.4936372930
        2.2875781652       -3.1727924043        0.0655981979
        1.7250530795       -2.8969591636        2.1437680356
        2.6928171858       -5.3070594146        0.0068590928
        3.8271059098       -5.4425795881       -0.1506846248
        1.1596721732       -5.6714201002       -1.1051882096
        0.9583051964       -5.5758019426        1.2582703950
        2.8176642604       -2.2526181261       -0.1829318952
        4.2510214959       -2.3581695935       -1.4513711794
        1.9163986939       -1.2557989857       -0.4345874697
        0.3670028795       -0.7788461106       -0.3959427060
        2.0547701914       -0.2485309777       -1.7601888514
        3.0464487874       -0.2553944337       -0.8366580382
        1.3575736881       -1.0478647102       -3.3064867670
        0.1426113887       -0.2844413113       -2.5890303909
        2.1765447084        0.3257425194       -3.0480210275
        1.7677914796       -1.8854947922       -2.9289535229
        2.0727080754        0.6105322728       -1.1816371373
        0.6790092705        1.8162479239       -0.8584960095
        2.7136553835        2.5135538233       -1.4173295475
        3.1842696918        2.7118300776       -2.0801586036
        0.9846825287        3.0509760015       -1.4827300639
        1.5414227459        4.5275649250       -1.4671047554
        2.1427606325        4.1604070188       -0.7299353672
       -0.0540220868        3.1767208056       -1.2990831668
