        0.4295257705        4.1982133419        1.4310072333
        0.3053469107        3.4234406826        2.1827886745
        0.9100865001        2.5530821589        1.9329122265
        0.6031198629        3.8059861792        3.1580769390
       -1.1885355455        2.9929083927        2.8774617443
       -1.6499622200        4.0347882837        3.6499899155
       -1.4287558091        1.6999610932        1.3021663220
       -0.7975064780        2.3503783975       -0.0675555207
       -3.2926731834        2.3252606043        0.8387280244
       -3.1186641002        2.4550560284        1.4177853856
       -3.8665037256        2.3068627410       -0.6843940280
       -4.8926405507        2.6973134121        0.4291158587
       -3.9111208499        3.5380004957        0.6203461768
       -3.4329695234        2.3187222569       -0.9782749124
       -2.8496990064        0.0909711389        1.7769316888
       -4.1213336540       -0.9638128000        0.8453060133
       -2.4902178723       -0.4629667473        0.8865800420
       -1.2428289315       -0.5121533116        0.3869939932
       -1.8843760646       -2.3573207895        0.3004904732
       -2.5223308888       -1.6878580214        1.3887043374
       -2.3911410718       -2.2475551563       -0.9360112772
       -3.0987131506       -1.9622385283       -0.3623418844
       -2.1229804664       -1.5728362831       -1.6832565316
       -1.9384632419       -3.9705381992       -0.2999149156
       -0.4935089807       -2.2527913068        1.3453382391
        0.2139847864       -0.9514204818        2.5636519488
        0.5453894697       -3.7113440316        0.2785587541
       -0.0836969040       -3.9804036653       -0.2941168967
        1.2159310849       -3.0352690839        0.7492585151
        2.1628022957       -2.9714075819        1.0678977252
        1.4599380086       -4.6328727263       -0.1932443704
        2.7656153694       -4.9912546781        0.2762668981
        1.6608291716       -5.2509571680       -0.1174566497
        1.4018909778       -5.7285282703        0.7699206549
        3.0337664387       -2.7047441182       -0.6217103943
        3.0987839478       -2.6320990006       -0.7750195855
        2.1706983627       -0.7765780058       -0.1802295254
        0.8965300143       -1.4493601154       -0.4681462251
        2.6824147653       -0.6970778159       -1.9175016068
        3.5363128699        0.3879060895       -0.9892809565
        1.9905331960       -0.3070474869       -3.3335650641
        1.2964201751       -1.0824377827       -3.6641487587
        1.6962344667       -0.2342695991       -4.1856104507
        2.6101288774       -0.8536052510       -3.1869824957
        0.8690202612        1.1277691576       -1.7150707938
        0.0292047038        0.5422998414       -1.0986557314
        1.8290146470        2.9627037841       -1.5743187492
        3.0702307630        2.2767290800       -1.5328668612
        2.0957847816        3.7662276189       -1.1386089135
        2.4255768831        4.4236189669       -1.8806222461
        2.1774955949        3.6310587595       -0.5883018063
        0.8158206680        3.0890361469       -1.2542265636
