         1    -69.02914619    
         2    -69.02914619    
         3    -69.02914619    
         4    -69.02914619    
         5    -69.02914619    
         6    -69.02914619    
         7    -69.02914619    
         8    -69.02914619    
         9    -69.02914619    
        10    -69.02914619    
        11    -69.02914619    
        12    -69.02914619    
        13    -69.02914619    
        14    -69.02914619    
        15    -69.02914619    
        16    -69.02914619    
        17    -69.02914619    
        18    -69.02914619    
        19    -69.02914619    
        20    -69.02914619    
        21    -69.02914619    
        22    -69.02914619    
        23    -69.02914619    
        24    -69.02914619    
        25    -69.02914619    
        26    -69.02914619    
        27    -69.02914619    
        28    -69.02914619    
        29    -69.02914619    
        30    -69.02914619    
        31    -69.59166756    
        32    -69.59166756    
        33    -69.59166756    
        34    -69.59166756    
        35    -69.59166756    
        36    -69.59166756    
        37    -69.59166756    
        38    -69.59166756    
        39    -69.59166756    
        40    -69.59166756    
        41    -69.59166756    
        42    -69.59166756    
        43    -69.59166756    
        44    -69.59166756    
        45    -69.59166756    
        46    -69.61201268    
        47    -69.61201268    
        48    -69.61201365    
        49    -69.61201365    
        50    -69.61201365    
        51    -69.61201365    
        52    -69.61201365    
        53    -69.61201365    
        54    -69.61201365    
        55    -69.61201365    
        56    -69.61201365    
        57    -69.61201365    
        58    -69.61201365    
        59    -69.61201365    
        60    -69.61201365    
        61    -69.61201365    
        62    -69.61201365    
        63    -69.61201365    
        64    -69.61201365    
        65    -69.61201365    
        66    -69.61201365    
        67    -69.61201365    
        68    -69.61201365    
        69    -69.61201365    
        70    -69.61201365    
        71    -69.61201365    
        72    -69.61201365    
        73    -69.61201365    
        74    -69.61201365    
        75    -69.61201365    
        76    -69.61201365    
        77    -69.61201365    
        78    -69.61201365    
        79    -69.61201365    
        80    -69.61201365    
        81    -70.13273975    
        82    -70.13273975    
        83    -70.13273975    
        84    -70.13273975    
        85    -70.13273975    
        86    -70.13273975    
        87    -70.13273975    
        88    -70.13273975    
        89    -70.13273975    
        90    -70.13273975    
        91    -70.13273975    
        92    -70.13273975    
        93    -70.13273975    
        94    -70.13273975    
        95    -70.13273975    
        96    -70.13273975    
        97    -70.13273975    
        98    -70.13273975    
        99    -70.13273975    
       100    -70.13273975    
       101    -70.13273975    
       102    -70.13273975    
       103    -70.13273975    
       104    -70.13273975    
       105    -70.13273975    
       106    -70.13273975    
       107    -70.13273975    
       108    -70.25982291    
