     -3.91331451972481891843     -4.31340257796807069468      3.71618041680253119452
     -4.24637381797671409345     -3.99121203336665741901      2.72986432000289225286
     -5.09245558656113406215     -4.60178594680282682106      2.41605734692029683330
     -4.55403789746390152970     -2.94694239034334870553      2.77449390166518217171
     -3.11710916908669899428     -4.14279111848249925742      1.72843133912359636639
     -2.01942578684037687964     -4.57344311825166816021      2.07898904062609313215
     -3.37398284283626459512     -3.77245281596667547674      0.47496187214711516056
     -4.31033988000611500979     -3.46023239563671269892      0.25013327231753879065
     -2.44014350894293041705     -3.94275224108992539129     -0.65622031817675152698
     -2.13029186301069684006     -4.98788977839552583049     -0.70131479893267212322
     -3.15941461080475471945     -3.60197015807670872789     -1.97403491978316569799
     -2.50134283949688907001     -3.83146647675777085595     -2.81473851433169475200
     -3.36787796822232010641     -2.53036020132164818364     -1.98978006607291701968
     -4.39077636555705019816     -4.30974053226755771107     -2.12387237843607712406
     -4.20393609118112987488     -5.26088288825281491512     -2.28675110356974231607
     -1.14900283723619978105     -3.10250643428211336783     -0.54996142683153992348
     -0.17017329804284023198     -3.37398965622856605862     -1.25090274231013620643
     -1.11368450961458909099     -2.10606251756617890436      0.34610471568281947485
     -1.95559555933634010572     -1.92658058100535534152      0.87761642636329406653
      0.07158283173389642928     -1.28268956620008234282      0.64211573304495694892
      0.63567427810908461172     -1.13040397786838142657     -0.27997376221902464666
     -0.39239492271108766808      0.09840329508751104182      1.14923942633510112188
      0.48874862216855025077      0.67206473358582774491      1.43942432377702966839
     -1.02001225258058614287     -0.03314087754113984041      2.03300567470881166088
     -1.16838545649288683137      0.89248207171300886209      0.08104613416385864078
     -2.04530465126928895359      0.32185627428248125836     -0.22676168425449511057
     -0.53269615454665941723      1.03659718786821897218     -0.79394762593171885889
     -1.65171791722302940819      2.26231316212533384302      0.58267335867453307063
     -2.27630029414358814321      2.70688522803647924064     -0.19467893072804387522
     -2.26557633884537645841      2.12002903829555089388      1.47440490004615987196
     -0.48774396037041251040      3.21561764814357120557      0.89781724209418245497
      0.12343364486739399899      2.78239399249739616238      1.69500380234953751390
      0.14073767593215483207      3.31030755179848679148      0.00687253529946877696
     -0.97257671740262197080      4.55901318178103753809      1.31513448038164115772
     -1.54418334050188565953      4.50028596447201856279      2.14690574710282788828
     -1.52394001405779055958      4.99176854063664166006      0.58661349792717076834
     -0.19726190430131956832      5.17550016842347915258      1.51888059333825697905
      1.05494230974418234936     -1.94877262456484690034      1.63574355507079327587
      2.15949413184031868695     -1.43538699223355692425      1.84566386030442863841
      0.67814904714241186490     -3.08257590824213290048      2.24230995066151761463
     -0.24090604113894184546     -3.44565122735164797163      2.01842120707338334995
      1.48683136067073706776     -3.83284658059280536335      3.19881883048767523547
      0.93500548762587221141     -4.71075962823323468598      3.53834448931125722382
      1.72203513224279824989     -3.20677915716539629898      4.06130343794028458859
      2.41599875524956431150     -4.15852614100449624601      2.72793874817315851189
