     -4.45544254602493516870     -4.82516885927444150184      3.36282052324364855167
     -4.77616047354330408581     -4.55814511933363775142      2.35612265842758539236
     -5.49595725944360147253     -5.29383261086538237095      1.99857039258298874174
     -5.24605022293213885121     -3.57532925912103438648      2.37429555938688663375
     -3.57992193192495689047     -4.52968569990814984294      1.42364103164122335343
     -2.45138937426127601071     -4.78462769330280845992      1.84130409344043322051
     -3.81673815933042481774     -4.20249341791375297106      0.15443644278090978839
     -4.77614276682464478085     -4.04958202229623154267     -0.12888464730776155731
     -2.80584449982519013034     -4.24309828857744353314     -0.92146541747450239068
     -2.35250634051813012348     -5.23510844579907619334     -0.93773681861475755017
     -3.48839633819232286527     -4.02052668772729848712     -2.28188385709783547739
     -2.74761010064936339603     -4.14034053916836786158     -3.07516244522079817969
     -3.87481276186767642500     -2.99983944170527117024     -2.32196634242642030443
     -4.55897110978125574832     -4.94033950914601138749     -2.49185616892161210245
     -4.95196945885253825281     -4.77892105022374114043     -3.37838069307677368869
     -1.65316035580045217479     -3.22928673891731454759     -0.75748650528618421962
     -0.60845644739921556088     -3.36715844402375630295     -1.39991989915725922877
     -1.80705075003345538853     -2.23002035549906096890      0.12340074677741551257
     -2.69164476300887622884     -2.16946185387399248512      0.61032201348874370872
     -0.76265708024643119600     -1.24975417003088562495      0.46995912609174983476
     -0.14871191453576221297     -1.06142692443966346616     -0.41276013196779692827
     -1.43341555911198015316      0.08032712919661184892      0.87065128672054414860
     -2.09255552552090362539     -0.09184765519288919100      1.72320839763401800759
     -0.65603575894324472895      0.78324778128418293122      1.17636906628414528164
     -2.22622503112545278015      0.71413493107729375531     -0.28794352148551738413
     -3.08365241869060069391      0.08858054658198011300     -0.53701758728702697621
     -1.58056480988020275902      0.76417844441339044526     -1.16599708179608274605
     -2.70622219403591257603      2.14149162472270981894      0.02876884373788868299
     -3.18842314990242403638      2.55619630122270624639     -0.85852485912081499819
     -1.82955872569433286579      2.75796871127769538390      0.23662054504789403753
     -3.66691027543911474140      2.25070735828881174356      1.22648770541138851797
     -3.20857696019801430509      1.77974828268517826224      2.10107175370737531139
     -3.79709474315756478902      3.31178933144882314821      1.46100667021840058268
     -5.00050230461376443714      1.64616619695733756856      0.95291763228456460855
     -4.93088405049732436680      0.65555852220355248505      0.76601793395145012511
     -5.44370577523066856429      2.08630944218300840021      0.15743225175505784486
     -5.61700184098317656378      1.76446392912728788893      1.74636397407147092586
      0.21585631796552404160     -1.74559119563516218498      1.56293460143763018877
      1.21143431304545878824     -1.07162685183339667638      1.84968282901673131136
     -0.04398542801041144257     -2.91130965543147324226      2.17016323452457404741
     -0.87618613635655184790     -3.41140672303226333284      1.88005107314356223469
      0.77788284437484322975     -3.51626835433985762691      3.21443780892627506418
      0.33194238754642774181     -4.45966860112918705994      3.53327335179498858153
      0.84259861820554848855     -2.84665591098396841829      4.07385259338463434631
      1.78237755412681075917     -3.70980739225985178820      2.83406223336319573747
