     -1.01455036461740188969     -3.27508409615387297009     -3.20688132506065581850
     -1.42231793755025948123     -2.96369574243835565142     -2.24569124530534258710
     -2.24516335073791140076     -3.62309378318682373532     -1.97060130567669866686
     -1.78883065502779992073     -1.94073110842876150883     -2.32548077824932697411
     -0.33339644298963283520     -3.02936579784894810530     -1.19169656875020457676
     -0.45761132851463232063     -3.75111639021065723654     -0.20336987777478890416
      0.73660650070515709675     -2.26039522736231690558     -1.38673047537419957820
      0.78738455341583768465     -1.71831854939113393144     -2.24021707433899930351
      1.93982481486578928198     -2.26724400097217326788     -0.53063034419349919268
      2.30480762838436525897     -3.29196128210275595904     -0.44640689068529471051
      3.04467778610057804300     -1.42049161686595915022     -1.18844625083383581554
      2.73867166023631103400     -0.37261397340382218513     -1.16829656147971094882
      3.96591133717974919648     -1.51564651870703781533     -0.60982764832466096472
      3.29028403367480715147     -1.79905184395858142032     -2.54341859777387746533
      3.72957642078208317926     -2.67808929907735882026     -2.56346660654164715254
      1.70174578016803246250     -1.76261361397441085330      0.90911832793564550936
      2.53159386469801406250     -1.98935730434511892639      1.79373839760914832731
      0.56055653420325624037     -1.10974964227536299077      1.17058845657632981663
     -0.06909943293993818514     -0.94320751691910342807      0.39603947642030823406
      0.13638381096484480937     -0.65526374621652305752      2.50568587389673602672
      1.02033364546545168849     -0.39059083512382269943      3.08725552289984017662
     -0.74102545138258990587      0.60556936613946077408      2.34733035010312063307
     -1.65062380920192586231      0.33099419832245702278      1.80957244603790545767
     -1.04653300873244803348      0.95157274967526161991      3.33596490954526370132
     -0.08131263827732769511      1.78122943577746162269      1.59746828813152208504
      0.10615236144577532007      1.48449264506851474898      0.56481596890386098764
     -0.79305041698766221003      2.60758819581414558186      1.56978769342310120471
      1.23691465494727870222      2.29651264936454824195      2.20012948522840634524
      1.98630399532492751824      1.50360682910179166427      2.17505215137143759208
      1.59579304496217599940      3.11528551285275545624      1.57329382951996876727
      1.05735844548623347805      2.80717653538062084095      3.63892336983114716986
      0.27477427563420592227      3.57240883295417921417      3.64421015881469356756
      0.72130716632129998622      1.98179802982724528881      4.27365219169933396870
      2.31893744503767873510      3.37786186447723135728      4.18457115297888204708
      3.05701099170741086297      2.68720517580814588499      4.20556131925805498639
      2.18498198678160093777      3.71188138267062495146      5.12981983511027017641
      2.63790051189174690194      4.15928163357459368399      3.62780884121317725999
     -0.58998292838381483083     -1.74635161558096796419      3.32984878612959045441
     -0.87830187924470748406     -1.53244657329060651740      4.51232924372945998215
     -0.88215437948952291070     -2.90898113749220810220      2.73155269181434823267
     -0.61208242281317370992     -3.01267286417181034963      1.76044067550087457441
     -1.55931530849438093611     -4.03489608933022925186      3.36856819820658293096
     -2.54742345960779870140     -3.72844584027765035827      3.71630378148584794573
     -1.67315663598290820246     -4.84932734485988614637      2.65143152097814782664
     -0.97426983520151244633     -4.39041146364569012661      4.21856477267827756350
