         1      -67.4283718132
         2      -65.1550620910
         3      -68.2308507785
         4      -69.0291461938
         5      -65.0487109142
         6      -69.0291461938
         7      -68.2308507785
         8      -68.2805283058
         9      -68.2805283058
        10      -68.2805283058
        11      -68.4130363330
        12      -68.4130363330
        13      -68.4130363330
        14      -68.4130325369
        15      -68.4130325369
        16      -64.1446638409
        17      -68.4130325369
        18      -67.6459125049
        19      -68.4130325369
        20      -68.8091816113
        21      -68.8091816113
        22      -67.9986124796
        23      -69.0291424615
        24      -66.0532934839
        25      -69.0291424615
        26      -69.0291424615
        27      -65.5069059284
        28      -65.5069059284
        29      -67.4046276734
        30      -69.0291424615
        31      -69.5916675581
        32      -67.9331817828
        33      -67.9331817828
        34      -69.5916675581
        35      -69.5916675581
        36      -68.9643591685
        37      -65.5892043740
        38      -68.9643591685
        39      -68.9643591685
        40      -69.5916675581
        41      -69.5916675581
        42      -68.4130325369
        43      -69.5916675581
        44      -69.5916675581
        45      -66.6134255992
        46      -69.6120126778
        47      -69.6120126778
        48      -69.6120136548
        49      -69.6120136548
        50      -68.6340143212
        51      -65.5069067336
        52      -66.9851847781
        53      -68.0589232465
        54      -68.0589232465
        55      -68.0589232465
        56       68.8636135140
        57      -68.0589232465
        58      -68.0589232465
        59      -63.6452602208
        60      -68.9643601384
        61      -68.9643601384
        62      -65.0887898935
        63      -68.9643601384
        64      -67.8884382951
        65      -68.9643601384
        66      -68.9643601384
        67      -68.9643601384
        68      -68.9643601384
        69      -64.4380573291
        70      -69.0291432602
        71      -69.5914273426
        72      -57.9768313667
        73      -66.6080098793
        74      -64.3723291823
        75      -69.5914273426
        76      -68.0500587294
        77      -68.3766016046
        78      -68.7905044487
        79      -69.3719504999
        80      -66.3788217906
        81      -70.1327397475
        82      -70.1327397475
        83       66.1501458299
        84  1000000.0000000000
        85      -67.2676083733
        86      -69.4650422067
        87      -68.3549210208
        88      -68.7123203389
        89      -68.7123203389
        90      -68.7905044487
        91      -68.7905044487
        92      -69.5914273426
        93      -66.6080098796
        94      -65.8035741308
        95      -69.5914273426
        96      -69.5914273426
        97      -69.5914273426
        98      -69.4650422067
        99      -67.6803808239
       100      -69.4650422067
       101      -69.4650422067
       102      -65.8035712314
       103      -62.2776317845
       104      -69.4650422067
       105      -69.4650422067
       106      -69.4650422067
       107      -69.4650422067
       108      -70.2598229123
