          45
Energy of minimum      1=    -70.25982291     first found at step      108 after                36824 function calls
HH31       -1.7338771330       -8.3195380143        1.1548234431
CH3        -1.9197052042       -7.8247774680        0.2018048153
HH32       -1.9553575089       -8.5701473303       -0.5921177658
HH33       -2.8739961062       -7.3007824879        0.2456550074
C          -0.8106097839       -6.8314597890       -0.0892733953
O           0.1193352949       -6.6782587455        0.7013633637
N          -0.9102625816       -6.1364654118       -1.2211434570
H          -1.6794943100       -6.3452937698       -1.8445188385
CA          0.1234983887       -5.2116852744       -1.7285085611
HA          1.0741154224       -5.7441192405       -1.7806002618
CB         -0.2382364790       -4.7624408297       -3.1545078173
HB2        -1.1436737127       -4.1529977184       -3.1152706473
HB3         0.5736222548       -4.1489386644       -3.5506181473
OG         -0.4546006799       -5.8762944827       -4.0198354829
HG         -0.6622227815       -5.5463614876       -4.9223167074
C           0.3573550742       -3.9666869268       -0.8459275350
O           1.3804599785       -3.2900358788       -0.9824211996
N          -0.5571274954       -3.6719094023        0.0888958883
H          -1.3794856541       -4.2590075920        0.1387075807
CA         -0.4299643928       -2.5859278094        1.0762237934
HA          0.0749660424       -1.7393035281        0.6073727529
CB         -1.8404243709       -2.1250878162        1.4964192813
HB2        -2.3889398628       -2.9716352143        1.9143998840
HB3        -1.7437211189       -1.3652662860        2.2742613311
CG         -2.6399955436       -1.5200528821        0.3298265406
HG2        -2.7926823914       -2.2742049376       -0.4434981845
HG3        -2.0776409378       -0.6876253303       -0.0962488536
CD         -4.0077381596       -1.0129164622        0.8061837622
HD2        -4.5710765665       -1.8452642075        1.2331277823
HD3        -3.8616367506       -0.2509080340        1.5745707901
CE         -4.7871014198       -0.4130162960       -0.3727118734
HE2        -4.9089449112       -1.1811057995       -1.1426297984
HE3        -4.1999971009        0.4032328357       -0.8047403974
NZ         -6.1209774885        0.0945197614        0.0473281443
HZ1        -6.0331862689        0.8194173450        0.7464064049
HZ2        -6.6217295883        0.4863002606       -0.7389811825
HZ3        -6.6894535334       -0.6464572900        0.4341854275
C           0.4300822037       -2.9643939143        2.3068851379
O           0.7459541722       -2.0957507578        3.1275481912
N           0.8195144824       -4.2390200392        2.4448014197
H           0.5242081380       -4.8945911612        1.7308202128
CH3         1.6332085033       -4.7552042184        3.5416661887
HH31        2.5998551266       -4.2488497534        3.5599886150
HH32        1.7963650696       -5.8255529525        3.4065992299
HH33        1.1244667433       -4.5916155916        4.4932822125
          45
Energy of minimum      2=    -70.13273975     first found at step       81 after                27809 function calls
HH31       -4.5294293417       -4.8442549691        2.4619184934
CH3        -4.5807182846       -4.5201006416        1.4227519257
HH32       -5.2463458806       -5.1819595077        0.8695310190
HH33       -4.9683468790       -3.5027489999        1.3791826329
C          -3.1980101993       -4.5613255474        0.8000510115
O          -2.2206112027       -4.9131217856        1.4590496285
N          -3.1009391512       -4.1804734268       -0.4720740255
H          -3.9366173536       -3.8741535460       -0.9541991355
CA         -1.8489388368       -4.1939321845       -1.2530427525
HA         -1.3743590796       -5.1691471846       -1.1322156511
CB         -2.1749836660       -4.0257802707       -2.7469186671
HB2        -1.2441989594       -3.9936960231       -3.3168375234
HB3        -2.7469360065       -4.8949408476       -3.0780050371
OG         -2.9352278381       -2.8441823490       -2.9977422241
HG         -3.1228236819       -2.7825696503       -3.9604208546
C          -0.8082357567       -3.1463957726       -0.8017203065
O           0.3691601596       -3.2414602788       -1.1619987536
N          -1.2079125918       -2.1786646659        0.0354325796
H          -2.1913572167       -2.1439517421        0.2675307811
CA         -0.3190941399       -1.1850185670        0.6614338706
HA          0.4691258129       -0.9212006438       -0.0460252845
CB         -1.1313624118        0.0902569925        0.9661787698
HB2        -0.4855880969        0.8019275948        1.4840449095
HB3        -1.9628138432       -0.1590453894        1.6285770369
CG         -1.6723887747        0.7677346383       -0.3046382655
HG2        -2.3599462788        0.0941284044       -0.8180994650
HG3        -0.8392579862        0.9959025100       -0.9714034416
CD         -2.4138127319        2.0667420098        0.0381798134
HD2        -3.2470940189        1.8395542296        0.7063322264
HD3        -1.7283865949        2.7502094949        0.5436075099
CE         -2.9445845979        2.7235461805       -1.2439261429
HE2        -2.1017284085        2.9235894010       -1.9126002557
HE3        -3.6129819368        2.0201119688       -1.7498738110
NZ         -3.6705147834        3.9899548698       -0.9568627940
HZ1        -3.0670466845        4.6633137179       -0.5048637439
HZ2        -4.4655818151        3.8276303050       -0.3540517986
HZ3        -4.0135972634        4.4103013044       -1.8101625643
C           0.4032551865       -1.7113263448        1.9260183798
O           1.2867903404       -1.0307236127        2.4589097501
N           0.0493897999       -2.9103227063        2.4089742887
H          -0.6791104615       -3.4115397134        1.9160474384
CH3         0.6323005778       -3.5478027192        3.5861319364
HH31        0.1555283103       -4.5145428902        3.7553873870
HH32        0.4803025518       -2.9190369587        4.4651762183
HH33        1.7023134719       -3.7017761534        3.4360754934
          45
Energy of minimum      3=    -69.61201365     first found at step       46 after                15726 function calls
HH31       -3.4111052709       -5.1969133943        1.1453385347
CH3        -3.4263213375       -4.6930323913        0.1791890103
HH32       -3.7269211168       -5.4002504541       -0.5932398142
HH33       -4.1403717394       -3.8706500586        0.2105766208
C          -2.0461566776       -4.1520877183       -0.1430181622
O          -1.1116884880       -4.3016611025        0.6429600347
N          -1.9117862953       -3.4981565909       -1.2950724688
H          -2.7245312164       -3.3827346077       -1.8873666535
CA         -0.6398928020       -2.9399782546       -1.7933532863
HA          0.1297630850       -3.7103754978       -1.7231772531
CB         -0.7897037218       -2.5747466628       -3.2799964331
HB2         0.1436545683       -2.1362472009       -3.6387217498
HB3        -0.9755935276       -3.4897561491       -3.8460085255
OG         -1.8657472641       -1.6630083487       -3.4990485004
HG         -1.9401982698       -1.4816513774       -4.4618243755
C          -0.1196063766       -1.7302408671       -0.9877826077
O           1.0485986745       -1.3510249470       -1.1150310443
N          -0.9539048891       -1.1486361384       -0.1147118096
H          -1.9034671434       -1.4949772686       -0.0813348693
CA         -0.5912459770       -0.0551124950        0.8019207122
HA          0.1802772322        0.5578747558        0.3342075986
CB         -1.8342039556        0.8294934826        1.0419227406
HB2        -2.5748294665        0.2498524447        1.5962073892
HB3        -1.5453744532        1.6755499001        1.6682124817
CG         -2.5124585679        1.3829751798       -0.2264146389
HG2        -2.9129184089        0.5575980308       -0.8167139320
HG3        -3.3529228386        2.0045106743        0.0863622671
CD         -1.5779166525        2.2260767290       -1.1072489191
HD2        -1.1519601166        3.0344507867       -0.5094583362
HD3        -0.7718711776        1.5988804924       -1.4917815509
CE         -2.3652823692        2.8138458245       -2.2868057421
HE2        -3.1878679682        3.4199599915       -1.8949121244
HE3        -2.8007718446        1.9918435551       -2.8633816338
NZ         -1.5033162120        3.6460929283       -3.1687155933
HZ1        -2.0367846530        4.0260032548       -3.9392649205
HZ2        -1.1028190313        4.4234349552       -2.6613721919
HZ3        -0.7456997291        3.1026356942       -3.5593562433
C           0.0211387523       -0.5447764814        2.1369562239
O           0.4669876267        0.2746238615        2.9477204629
N           0.0551485201       -1.8631425240        2.3747705646
H          -0.3247531156       -2.4716894937        1.6607265227
CH3         0.5969682723       -2.4867762489        3.5787650648
HH31        0.0562012124       -2.1330424856        4.4583289585
HH32        1.6545424139       -2.2386575365        3.6843137496
HH33        0.4924496111       -3.5707742855        3.5110258840
          45
Energy of minimum      4=    -69.59166756     first found at step       31 after                10732 function calls
HH31       -4.3543300534       -4.0152379420        0.4352380548
CH3        -3.8915214835       -3.5583037963       -0.4391662706
HH32       -4.3468396462       -2.5857281385       -0.6234292809
HH33       -4.0474120693       -4.1981356284       -1.3071910948
C          -2.4032044819       -3.3830292946       -0.2034031880
O          -1.8890061314       -3.7356082407        0.8570368118
N          -1.7027853730       -2.8199954721       -1.1864550677
H          -2.1837921145       -2.5943622614       -2.0476747495
CA         -0.2332821698       -2.6720102822       -1.1878262943
HA          0.2168240657       -3.6493847778       -1.0088875766
CB          0.2369032087       -2.1880086581       -2.5702344997
HB2        -0.1326710180       -1.1736448746       -2.7353768386
HB3         1.3285070113       -2.1645337479       -2.5865091203
OG         -0.2331062815       -3.0388134597       -3.6149488868
HG          0.1050867187       -2.7071796407       -4.4763596389
C           0.3155467712       -1.7227811569       -0.1008822704
O           1.5132311015       -1.7419079830        0.1956791242
N          -0.5483217734       -0.9135842825        0.5282901167
H          -1.5139343944       -0.9373703804        0.2266837141
CA         -0.2060168499       -0.0298851765        1.6557567670
HA          0.8170938442        0.3265188844        1.5298275402
CB         -1.1531676992        1.1894168147        1.6400697703
HB2        -2.1726465004        0.8426232526        1.8194165114
HB3        -0.8846322473        1.8532675096        2.4639140679
CG         -1.1493278458        2.0170345044        0.3405057218
HG2        -1.8618615762        2.8343550882        0.4621966872
HG3        -1.4921588438        1.3986065233       -0.4901218250
CD          0.2250456093        2.6112792380       -0.0037801834
HD2         0.9298762428        1.8059470220       -0.2175016825
HD3         0.5888972028        3.1915826199        0.8466793926
CE          0.1070115165        3.5206925965       -1.2353950219
HE2        -0.6225059025        4.3084137973       -1.0231322703
HE3        -0.2736812026        2.9307419373       -2.0748881512
NZ          1.4135591351        4.1319905165       -1.6003534415
HZ1         1.3182727822        4.7284131881       -2.4114852104
HZ2         1.7762742825        4.6984548247       -0.8455979479
HZ3         2.1015057375        3.4245104260       -1.8198193851
C          -0.2293582906       -0.7413807766        3.0306926726
O           0.1717255629       -0.1471041417        4.0374105960
N          -0.6829094983       -2.0007284418        3.0893814444
H          -0.9931670378       -2.4237666614        2.2224231998
CH3        -0.7663059547       -2.8081072713        4.3030528311
HH31       -1.4166857211       -2.3211155645        5.0317582500
HH32        0.2272162975       -2.9342281659        4.7368160525
HH33       -1.1758055317       -3.7907514584        4.0637994880
          45
Energy of minimum      5=    -69.59142734     first found at step       71 after                24389 function calls
HH31       -4.5446208311       -3.9024503153        3.4721205024
CH3        -4.8295507753       -3.7548588551        2.4306777709
HH32       -5.5999160117       -4.4764347186        2.1604292974
HH33       -5.2209951300       -2.7462660612        2.3015914030
C          -3.6220327812       -3.9471988802        1.5326966145
O          -2.5225912110       -4.2258364515        2.0090524947
N          -3.8152801486       -3.7829298076        0.2251287628
H          -4.7553946914       -3.5970584249       -0.0998339556
CA         -2.7936998307       -4.0399262536       -0.8100449749
HA         -2.4149513723       -5.0550099939       -0.6834861901
CB         -3.4363801928       -3.9523690146       -2.2048265240
HB2        -3.7465065950       -2.9213577129       -2.3881838085
HB3        -2.6936930764       -4.2280237608       -2.9563802902
OG         -4.5677337100       -4.8144152748       -2.3196965282
HG         -4.9346496940       -4.7433666444       -3.2289647796
C          -1.5721968132       -3.0975590085       -0.7519671520
O          -0.5292540547       -3.3933536872       -1.3418727389
N          -1.6677090180       -1.9810635424       -0.0160717783
H          -2.5552899285       -1.7914771248        0.4307350495
CA         -0.5631076540       -1.0362679322        0.2243361042
HA          0.0552315810       -0.9802110835       -0.6734944877
CB         -1.1518782576        0.3654060235        0.4841164567
HB2        -1.8134353745        0.3193944569        1.3507900197
HB3        -0.3341369173        1.0511838396        0.7137967044
CG         -1.9170512162        0.9184186670       -0.7330308689
HG2        -2.7945843583        0.3012746097       -0.9307157761
HG3        -1.2648506798        0.8729178263       -1.6064455569
CD         -2.3675073615        2.3756879271       -0.5469957689
HD2        -1.4926722102        2.9976162626       -0.3467011882
HD3        -2.8201709600        2.7135310337       -1.4813181328
CE         -3.3877611188        2.5299846709        0.5922442221
HE2        -2.9255069077        2.2110323185        1.5311498243
HE3        -4.2382175061        1.8699150759        0.3952180166
NZ         -3.8615618744        3.9346270399        0.7211633074
HZ1        -4.3119271866        4.2484639900       -0.1278057573
HZ2        -3.0948947616        4.5632605667        0.9189971852
HZ3        -4.5317561551        4.0223756853        1.4733950414
C           0.3876490629       -1.4711300401        1.3664497894
O           1.4356077622       -0.8469568802        1.5661128108
N           0.0458599077       -2.5310319923        2.1114853442
H          -0.8270012366       -2.9942772091        1.8872413784
CH3         0.8312978652       -3.0684184839        3.2187534037
HH31        0.3174414386       -3.9284627816        3.6509460216
HH32        0.9586904280       -2.3072189183        3.9904403387
HH33        1.8128257132       -3.3847833231        2.8614581558
          45
Energy of minimum      6=    -69.46504221     first found at step       86 after                29336 function calls
HH31       -3.9895599793       -3.9538428763        3.9038875812
CH3        -4.3101581207       -3.8001245328        2.8737685355
HH32       -5.1034065721       -4.5068774140        2.6321363524
HH33       -4.6870800459       -2.7842631403        2.7593138493
C          -3.1407651321       -4.0142196172        1.9315645803
O          -2.0294007457       -4.3125760721        2.3664111047
N          -3.3796705340       -3.8459048364        0.6319771347
H          -4.3266053281       -3.6354938754        0.3424321625
CA         -2.3997060877       -4.1111107320       -0.4403932431
HA         -2.0204330879       -5.1276529149       -0.3256938405
CB         -3.0958358386       -4.0142883987       -1.8101207771
HB2        -2.3967363809       -4.3159272794       -2.5929261956
HB3        -3.3734455736       -2.9732306127       -1.9866795214
OG         -4.2725583996       -4.8202206567       -1.8837329872
HG         -4.0185618230       -5.7695739681       -1.9016144263
C          -1.1708191517       -3.1761885831       -0.4275539013
O          -0.1540535854       -3.4759309726       -1.0595822565
N          -1.2302687180       -2.0620177083        0.3155334407
H          -2.0987227648       -1.8680299224        0.7968400537
CA         -0.1114915107       -1.1249946636        0.5173787764
HA          0.4722754107       -1.0675623339       -0.4032047338
CB         -0.6816127214        0.2783900760        0.8069662360
HB2         0.1471488751        0.9567446573        1.0183997163
HB3        -1.3197456431        0.2350048143        1.6919064068
CG         -1.4815324465        0.8503422315       -0.3759853135
HG2        -2.3451014207        0.2154570414       -0.5791204388
HG3        -0.8446554443        0.8724917547       -1.2617702867
CD         -1.9711586571        2.2724566692       -0.0715987477
HD2        -2.6082011007        2.2513384184        0.8150599911
HD3        -1.1105482352        2.9155481850        0.1238538873
CE         -2.7652777944        2.8228905005       -1.2647006764
HE2        -2.1220075348        2.8156298865       -2.1499993440
HE3        -3.6123572622        2.1585785608       -1.4615060452
NZ         -3.2570475945        4.2039810104       -1.0117278665
HZ1        -2.4898961571        4.8408101077       -0.8449356487
HZ2        -3.8688669415        4.2332233336       -0.2075564538
HZ3        -3.7774444157        4.5525449844       -1.8055908261
C           0.8790867976       -1.5708804082        1.6207402685
O           1.9398572825       -0.9567910598        1.7802744406
N           0.5571578400       -2.6294788784        2.3764976037
H          -0.3279275150       -3.0842467990        2.1857281216
CH3         1.3803633321       -3.1762365955        3.4512637587
HH31        0.8761722090       -4.0327073838        3.9015566834
HH32        1.5444621909       -2.4178929291        4.2188213741
HH33        2.3443904357       -3.5003574062        3.0553619262
          45
Energy of minimum      7=    -69.37195050     first found at step       79 after                27109 function calls
HH31       -4.1679101521       -5.3147886996        2.8389819236
CH3        -4.3618815639       -4.9828988184        1.8192786390
HH32       -4.9227101489       -5.7518338607        1.2888243869
HH33       -4.9464299803       -4.0636962133        1.8423394111
C          -3.0502982728       -4.7299786738        1.1001611406
O          -1.9750137913       -4.8934331515        1.6749776687
N          -3.1283964846       -4.3070740479       -0.1599232332
H          -4.0426499047       -4.1636764603       -0.5700694301
CA         -1.9621248539       -4.0492546265       -1.0264837698
HA         -1.2949289256       -4.9113787528       -0.9768637921
CB         -2.4279537808       -3.9148802151       -2.4863678926
HB2        -1.5684433482       -3.6819421216       -3.1181799990
HB3        -2.8383807878       -4.8735027819       -2.8100751830
OG         -3.4256375621       -2.9055443560       -2.6377134764
HG         -3.6937836318       -2.8593368080       -3.5820493874
C          -1.1196542470       -2.8245565302       -0.6087831542
O           0.0220601425       -2.6716857662       -1.0540069307
N          -1.6387593110       -1.9776776878        0.2914765883
H          -2.5890005342       -2.1468857698        0.5926029068
CA         -0.9200086148       -0.8409673088        0.8919404913
HA         -0.2598303505       -0.4041619289        0.1403817519
CB         -1.9437770752        0.2350895133        1.3096068371
HB2        -1.4102474535        1.0371818100        1.8211422392
HB3        -2.6595992392       -0.1995167738        2.0103105544
CG         -2.6996900978        0.8333007599        0.1076240356
HG2        -3.2277084374        0.0376467154       -0.4191554178
HG3        -1.9830564916        1.2805423864       -0.5829679690
CD         -3.7346491972        1.8937778614        0.5149324632
HD2        -4.2919302550        2.1839213571       -0.3779507734
HD3        -4.4355892317        1.4538884286        1.2272530159
CE         -3.0834156851        3.1436861733        1.1285545515
HE2        -2.5465890584        2.8573841222        2.0377098589
HE3        -2.3524698773        3.5439246935        0.4191499436
NZ         -4.0920957223        4.1883154996        1.4529588098
HZ1        -4.7712738342        3.8474953638        2.1197315548
HZ2        -4.5892617978        4.4868014854        0.6248568648
HZ3        -3.6503797562        5.0042749801        1.8551770606
C          -0.0075655597       -1.2441572727        2.0765770538
O           0.7639968941       -0.4140355063        2.5698231281
N          -0.0768501771       -2.5016214680        2.5348499417
H          -0.7294195888       -3.1259937337        2.0773972030
CH3         0.7143171420       -3.0391300491        3.6380480418
HH31        0.4535907976       -4.0858286742        3.8023504435
HH32        0.5128398112       -2.4762761820        4.5511599726
HH33        1.7778543717       -2.9716078236        3.4024897941
          45
Energy of minimum      8=    -69.02914619     first found at step        0 after                  364 function calls
HH31       -1.1183407139       -3.7323725912       -3.0880598532
CH3        -1.5275036181       -3.1659583919       -2.2520479594
HH32       -2.3767701470       -3.7038641945       -1.8313752391
HH33       -1.8565916092       -2.1896149372       -2.6064904883
C          -0.4556556409       -2.9845201343       -1.1939229364
O          -0.6185465975       -3.4166048035       -0.0537318100
N           0.6433333519       -2.3273709867       -1.5604820638
H           0.7273733616       -2.0377209279       -2.5264137964
CA          1.8370600458       -2.1528205320       -0.7084805386
HA          2.1668230222       -3.1335129358       -0.3630011783
CB          2.9796320066       -1.5415877059       -1.5375403486
HB2         2.7053043849       -0.5237173274       -1.8230462438
HB3         3.8807111389       -1.4964061404       -0.9223728248
OG          3.2470918967       -2.3066687625       -2.7119959379
HG          3.9931631491       -1.8940305129       -3.2014125617
C           1.6039324536       -1.2913624700        0.5512834057
O           2.4148121600       -1.3153222450        1.4811404679
N           0.4865184410       -0.5537563976        0.6161293739
H          -0.1285807249       -0.5678022536       -0.1873154473
CA          0.0670401046        0.2390978261        1.7841765863
HA          0.9547851628        0.6158927122        2.2936424384
CB         -0.7657008927        1.4442095602        1.2954701419
HB2        -1.6789820278        1.0696262462        0.8290458095
HB3        -1.0686302645        2.0393477295        2.1583088422
CG         -0.0594983546        2.3699599677        0.2835855503
HG2         0.1280890024        1.8146941978       -0.6362251478
HG3        -0.7427634269        3.1830245220        0.0340232256
CD          1.2692603661        2.9819187207        0.7593765602
HD2         1.9919109762        2.1866666655        0.9498084229
HD3         1.6614656176        3.6033482533       -0.0481530333
CE          1.0928094652        3.8466968384        2.0180263376
HE2         0.3362681527        4.6111734731        1.8148822634
HE3         0.7231078763        3.2202094627        2.8352764093
NZ          2.3673677144        4.4993657938        2.4236358723
HZ1         3.0816548922        3.8149898104        2.6324972901
HZ2         2.7177764489        5.1037002738        1.6926574518
HZ3         2.2353836552        5.0665394913        3.2506207031
C          -0.7027054314       -0.5825449737        2.8470508637
O          -0.9916333124       -0.0655910937        3.9316878923
N          -1.0310236335       -1.8492014505        2.5594469971
H          -0.7581359755       -2.2051792747        1.6507492002
CH3        -1.7512011690       -2.7537700995        3.4511022601
HH31       -2.7304449500       -2.3376391689        3.6942080668
HH32       -1.8882816457       -3.7198292960        2.9627614791
HH33       -1.1846847111       -2.8996919376        4.3724734973
          45
Energy of minimum      9=    -68.96436014     first found at step       36 after                12362 function calls
HH31       -3.6437488034       -5.5205820597        2.8600562300
CH3        -3.9968157926       -5.1421324252        1.9010514947
HH32       -4.5546983261       -5.9239357912        1.3865458382
HH33       -4.6493873949       -4.2856167153        2.0674874185
C          -2.8167864440       -4.7199987329        1.0462989610
O          -1.6656548885       -4.8187334897        1.4687529403
N          -3.0946663320       -4.2241989187       -0.1577634394
H          -4.0636586620       -4.1409141297       -0.4385058682
CA         -2.0780833691       -3.8014603148       -1.1403514013
HA         -1.3385831905       -4.5976790107       -1.2403857007
CB         -2.7416219519       -3.6166240860       -2.5157463724
HB2        -1.9941640734       -3.2701855657       -3.2323134127
HB3        -3.1151128901       -4.5849831286       -2.8548272070
OG         -3.8259369882       -2.6900561330       -2.4641792414
HG         -4.2260094867       -2.6151156605       -3.3585687381
C          -1.2974794955       -2.5314839906       -0.7388092469
O          -0.2456327974       -2.2369756842       -1.3146149429
N          -1.7640616909       -1.8008435030        0.2835767699
H          -2.6452678827       -2.0844364538        0.6908620227
CA         -1.0828048969       -0.6340754871        0.8682468470
HA         -0.5285144368       -0.1188187031        0.0828603401
CB         -2.1458079520        0.3340804532        1.4321414966
HB2        -2.6565438195       -0.1556223963        2.2635772469
HB3        -1.6435739299        1.2133971330        1.8384288936
CG         -3.2172959896        0.8015297669        0.4253483585
HG2        -3.8819024992        1.4992298715        0.9369394776
HG3        -3.8215385408       -0.0555490036        0.1254539093
CD         -2.6817902928        1.4837172424       -0.8450167622
HD2        -2.0686221123        0.7784902541       -1.4085709138
HD3        -3.5369490509        1.7542492029       -1.4674747141
CE         -1.8713828784        2.7503883451       -0.5263147656
HE2        -1.0016053764        2.4774371094        0.0786520544
HE3        -2.4944792970        3.4244264010        0.0698695813
NZ         -1.4235805905        3.4458466148       -1.7635293709
HZ1        -2.2120045495        3.7300136534       -2.3291831506
HZ2        -0.8328297945        2.8501107577       -2.3277169486
HZ3        -0.8942711182        4.2778768324       -1.5386676146
C          -0.0318796600       -1.0063159051        1.9427757438
O           0.6936381528       -0.1287492403        2.4230635602
N           0.0657214776       -2.2881927619        2.3208383075
H          -0.5596347199       -2.9503461012        1.8787753440
CH3         1.0017281627       -2.8019548505        3.3168750869
HH31        0.8622424989       -3.8779087854        3.4328147720
HH32        0.8274250708       -2.3165325431        4.2787402955
HH33        2.0280478918       -2.6099393982        2.9991111248
          45
Energy of minimum     10=    -68.80918161     first found at step       20 after                 7152 function calls
HH31       -2.6578593767       -5.6142214259       -1.7627848446
CH3        -2.8174820864       -4.9119764683       -0.9451697519
HH32       -3.4029707351       -4.0671201922       -1.3065162789
HH33       -3.3580106611       -5.4098135284       -0.1404687440
C          -1.4764979964       -4.4169945698       -0.4375212274
O          -1.1412272676       -4.5978086407        0.7321035247
N          -0.7059357935       -3.7715314946       -1.3115212244
H          -1.0302332249       -3.6904389796       -2.2670939279
CA          0.6696590180       -3.3114119006       -1.0345778418
HA          1.2547312697       -4.1557802643       -0.6670154539
CB          1.3188029392       -2.8139913188       -2.3390190975
HB2         2.3686255561       -2.5776617234       -2.1531593134
HB3         0.8150890292       -1.8968728290       -2.6508231657
OG          1.2241116175       -3.7695324840       -3.3961382556
HG          1.8148053254       -4.5310843672       -3.2032739691
C           0.7688858548       -2.2044399922        0.0374114426
O           1.8534692454       -1.9443377957        0.5652975164
N          -0.3551654259       -1.5688271590        0.3971914603
H          -1.2079332753       -1.8198626424       -0.0863117882
CA         -0.4493555498       -0.5676258244        1.4733128936
HA          0.4860667316       -0.0087836080        1.5217702237
CB         -1.5899094628        0.4182260161        1.1396575546
HB2        -2.5359610140       -0.1264869310        1.1458035351
HB3        -1.6428228815        1.1730962450        1.9263579598
CG         -1.4644277271        1.1466519609       -0.2122198233
HG2        -1.4919065199        0.4198318182       -1.0251868008
HG3        -2.3311394221        1.8003444200       -0.3218600841
CD         -0.1901956111        1.9962184766       -0.3351690030
HD2        -0.1399003926        2.6922417322        0.5047350231
HD3         0.6868219520        1.3469580583       -0.3171575771
CE         -0.2115818225        2.7813823609       -1.6546047076
HE2        -0.2789161784        2.0729929304       -2.4860969709
HE3        -1.1082859582        3.4084190475       -1.6770042131
NZ          0.9992100867        3.6314838311       -1.8135150617
HZ1         1.8421449055        3.0734287610       -1.8149983087
HZ2         0.9687886204        4.1424089255       -2.6857350288
HZ3         1.0723731589        4.3078618922       -1.0656792950
C          -0.6347349515       -1.1857805803        2.8807011894
O          -0.5926544232       -0.4611678385        3.8810337874
N          -0.8308434858       -2.5078046480        2.9756027214
H          -0.8508253774       -3.0377497907        2.1122244488
CH3        -1.0192433006       -3.2418369444        4.2236373351
HH31       -1.1622481221       -4.3020212444        4.0089614909
HH32       -1.8982858027       -2.8651658502        4.7495417198
HH33       -0.1417992407       -3.1247237137        4.8620138795
          45
Energy of minimum     11=    -68.79050445     first found at step       78 after                26757 function calls
HH31       -3.6305011181       -4.6271750862        3.6573232466
CH3        -4.0530136183       -4.2327832624        2.7334710416
HH32       -4.9087129033       -4.8394547567        2.4387414815
HH33       -4.3791580347       -3.2056008011        2.8936480434
C          -3.0095058584       -4.2657861786        1.6330020864
O          -1.8768506903       -4.6921986759        1.8531174367
N          -3.3796911003       -3.7982008168        0.4419345737
H          -4.3385651739       -3.4961587893        0.3229154860
CA         -2.5421480825       -3.8464426882       -0.7733021077
HA         -2.2155572156       -4.8749895620       -0.9338692246
CB         -3.3780494538       -3.4164029432       -1.9924911689
HB2        -3.6092378704       -2.3534914501       -1.8985878002
HB3        -2.7894834749       -3.5560654832       -2.9016639748
OG         -4.6027932405       -4.1431487499       -2.0995983631
HG         -4.4109459767       -5.0714895153       -2.3593742801
C          -1.2644366232       -2.9822978734       -0.7028296260
O          -0.3435767801       -3.1666614028       -1.5035337121
N          -1.1736342952       -2.0638602711        0.2695315995
H          -1.9704092676       -1.9540869158        0.8831607035
CA          0.0155226772       -1.2355849242        0.5351145506
HA          0.5004997593       -0.9991186105       -0.4138181220
CB         -0.4336506190        0.0903752705        1.1823767180
HB2        -0.9650162714       -0.1276291492        2.1102868086
HB3         0.4530260767        0.6788167555        1.4258561805
CG         -1.3271532037        0.9289943728        0.2490083586
HG2        -0.8119755432        1.0600377118       -0.7037285373
HG3        -2.2634492600        0.4019954448        0.0602280017
CD         -1.6473074524        2.3208776020        0.8158323185
HD2        -0.7130134525        2.8519753927        1.0089058985
HD3        -2.2057105990        2.8758062180        0.0593653415
CE         -2.4807689664        2.2480009947        2.1052553117
HE2        -3.3929859919        1.6780510556        1.9032468959
HE3        -1.9109156168        1.7102557701        2.8688317857
NZ         -2.8360060960        3.6022989642        2.6090494843
HZ1        -3.3838596784        3.5403108619        3.4568264512
HZ2        -2.0085185738        4.1442633019        2.8179384262
HZ3        -3.3815624802        4.1143523265        1.9291652780
C           1.0892613050       -1.9490720830        1.3927384492
O           2.1938407575       -1.4205620507        1.5607967965
N           0.7885049634       -3.1392439416        1.9297789592
H          -0.1358671232       -3.5113433325        1.7462502319
CH3         1.6871530167       -3.9391268238        2.7570857513
HH31        1.1849841971       -4.8581083861        3.0633854499
HH32        1.9733464102       -3.3778160219        3.6482555684
HH33        2.5845787403       -4.1970616481        2.1920682456
          45
Energy of minimum     12=    -68.71232034     first found at step       88 after                29989 function calls
HH31       -3.9133145197       -4.3134025780        3.7161804168
CH3        -4.2463738180       -3.9912120334        2.7298643200
HH32       -5.0924555866       -4.6017859468        2.4160573469
HH33       -4.5540378975       -2.9469423903        2.7744939017
C          -3.1171091691       -4.1427911185        1.7284313391
O          -2.0194257868       -4.5734431183        2.0789890406
N          -3.3739828428       -3.7724528160        0.4749618721
H          -4.3103398800       -3.4602323956        0.2501332723
CA         -2.4401435089       -3.9427522411       -0.6562203182
HA         -2.1302918630       -4.9878897784       -0.7013147989
CB         -3.1594146108       -3.6019701581       -1.9740349198
HB2        -2.5013428395       -3.8314664768       -2.8147385143
HB3        -3.3678779682       -2.5303602013       -1.9897800661
OG         -4.3907763656       -4.3097405323       -2.1238723784
HG         -4.2039360912       -5.2608828883       -2.2867511036
C          -1.1490028372       -3.1025064343       -0.5499614268
O          -0.1701732980       -3.3739896562       -1.2509027423
N          -1.1136845096       -2.1060625176        0.3461047157
H          -1.9555955593       -1.9265805810        0.8776164264
CA          0.0715828317       -1.2826895662        0.6421157330
HA          0.6356742781       -1.1304039779       -0.2799737622
CB         -0.3923949227        0.0984032951        1.1492394263
HB2         0.4887486222        0.6720647336        1.4394243238
HB3        -1.0200122526       -0.0331408775        2.0330056747
CG         -1.1683854565        0.8924820717        0.0810461342
HG2        -2.0453046513        0.3218562743       -0.2267616843
HG3        -0.5326961545        1.0365971879       -0.7939476259
CD         -1.6517179172        2.2623131621        0.5826733587
HD2        -2.2763002941        2.7068852280       -0.1946789307
HD3        -2.2655763388        2.1200290383        1.4744049000
CE         -0.4877439604        3.2156176481        0.8978172421
HE2         0.1234336449        2.7823939925        1.6950038023
HE3         0.1407376759        3.3103075518        0.0068725353
NZ         -0.9725767174        4.5590131818        1.3151344804
HZ1        -1.5441833405        4.5002859645        2.1469057471
HZ2        -1.5239400141        4.9917685406        0.5866134979
HZ3        -0.1972619043        5.1755001684        1.5188805933
C           1.0549423097       -1.9487726246        1.6357435551
O           2.1594941318       -1.4353869922        1.8456638603
N           0.6781490471       -3.0825759082        2.2423099507
H          -0.2409060411       -3.4456512274        2.0184212071
CH3         1.4868313607       -3.8328465806        3.1988188305
HH31        0.9350054876       -4.7107596282        3.5383444893
HH32        1.7220351322       -3.2067791572        4.0613034379
HH33        2.4159987552       -4.1585261410        2.7279387482
          45
Energy of minimum     13=    -68.41303633     first found at step       11 after                 4058 function calls
HH31       -1.1671999655       -2.8901991805       -3.5232904204
CH3        -1.5362944367       -2.5073624133       -2.5723157252
HH32       -2.4671071025       -3.0124808193       -2.3153978360
HH33       -1.7178841436       -1.4368039460       -2.6622048461
C          -0.4994243197       -2.7551983559       -1.4930969141
O          -0.7693224969       -3.4397322573       -0.5073416783
N           0.6919897665       -2.1848320600       -1.6639610021
H           0.8579324438       -1.6719259968       -2.5203690213
CA          1.8580229055       -2.4064104145       -0.7850397001
HA          2.0307161597       -3.4800119827       -0.6985993804
CB          3.1124990420       -1.7833977324       -1.4210263016
HB2         2.9982737080       -0.6975426851       -1.4405286342
HB3         3.9816633275       -2.0283331120       -0.8070187101
OG          3.3227599500       -2.2606836777       -2.7492134894
HG          4.1435837338       -1.8574341969       -3.1097816275
C           1.6886215664       -1.8665046058        0.6516449228
O           2.4532888101       -2.2323663599        1.5483089703
N           0.6716180620       -1.0285810792        0.8992275822
H           0.0888139989       -0.7572529298        0.1176908640
CA          0.2991162495       -0.5334258236        2.2355107800
HA          1.2057440606       -0.3744071670        2.8207451078
CB         -0.4300225667        0.8187045373        2.0826233658
HB2        -1.3492281949        0.6589376425        1.5157140351
HB3        -0.7170773326        1.1767281382        3.0731152893
CG          0.3763843389        1.9336599767        1.3899525247
HG2         0.6088735388        1.6327716361        0.3681682360
HG3        -0.2556395852        2.8217858647        1.3429017684
CD          1.6753479804        2.2937507223        2.1319346708
HD2         1.4394473579        2.4591643783        3.1850013193
HD3         2.3845172079        1.4665331091        2.0684246200
CE          2.3304709518        3.5744887664        1.5873011541
HE2         1.5950101688        4.3846097108        1.6098841430
HE3         3.1461626217        3.8546134642        2.2610432340
NZ          2.8678529355        3.4118448263        0.2077602444
HZ1         3.3150289415        4.2642334226       -0.1036579706
HZ2         2.1343333261        3.1964821709       -0.4535578073
HZ3         3.5593922550        2.6751952533        0.1682977110
C          -0.5517015174       -1.5357587526        3.0533594267
O          -0.7845581121       -1.3133112727        4.2465698371
N          -1.0104626546       -2.6341738360        2.4385032108
H          -0.7790587930       -2.7494705047        1.4586561931
CH3        -1.8191272408       -3.6738200735        3.0685385434
HH31       -2.7493317613       -3.2459346550        3.4464245483
HH32       -2.0567387114       -4.4484625953        2.3377943109
HH33       -1.2691334463       -4.1244129333        3.8965570870
          45
Energy of minimum     14=    -68.37660160     first found at step       77 after                26423 function calls
HH31       -4.4554425460       -4.8251688593        3.3628205232
CH3        -4.7761604735       -4.5581451193        2.3561226584
HH32       -5.4959572594       -5.2938326109        1.9985703926
HH33       -5.2460502229       -3.5753292591        2.3742955594
C          -3.5799219319       -4.5296856999        1.4236410316
O          -2.4513893743       -4.7846276933        1.8413040934
N          -3.8167381593       -4.2024934179        0.1544364428
H          -4.7761427668       -4.0495820223       -0.1288846473
CA         -2.8058444998       -4.2430982886       -0.9214654175
HA         -2.3525063405       -5.2351084458       -0.9377368186
CB         -3.4883963382       -4.0205266877       -2.2818838571
HB2        -2.7476101006       -4.1403405392       -3.0751624452
HB3        -3.8748127619       -2.9998394417       -2.3219663424
OG         -4.5589711098       -4.9403395091       -2.4918561689
HG         -4.9519694589       -4.7789210502       -3.3783806931
C          -1.6531603558       -3.2292867389       -0.7574865053
O          -0.6084564474       -3.3671584440       -1.3999198992
N          -1.8070507500       -2.2300203555        0.1234007468
H          -2.6916447630       -2.1694618539        0.6103220135
CA         -0.7626570802       -1.2497541700        0.4699591261
HA         -0.1487119145       -1.0614269244       -0.4127601320
CB         -1.4334155591        0.0803271292        0.8706512867
HB2        -2.0925555255       -0.0918476552        1.7232083976
HB3        -0.6560357589        0.7832477813        1.1763690663
CG         -2.2262250311        0.7141349311       -0.2879435215
HG2        -3.0836524187        0.0885805466       -0.5370175873
HG3        -1.5805648099        0.7641784444       -1.1659970818
CD         -2.7062221940        2.1414916247        0.0287688437
HD2        -3.1884231499        2.5561963012       -0.8585248591
HD3        -1.8295587257        2.7579687113        0.2366205450
CE         -3.6669102754        2.2507073583        1.2264877054
HE2        -3.2085769602        1.7797482827        2.1010717537
HE3        -3.7970947432        3.3117893314        1.4610066702
NZ         -5.0005023046        1.6461661970        0.9529176323
HZ1        -4.9308840505        0.6555585222        0.7660179340
HZ2        -5.4437057752        2.0863094422        0.1574322518
HZ3        -5.6170018410        1.7644639291        1.7463639741
C           0.2158563180       -1.7455911956        1.5629346014
O           1.2114343130       -1.0716268518        1.8496828290
N          -0.0439854280       -2.9113096554        2.1701632345
H          -0.8761861364       -3.4114067230        1.8800510731
CH3         0.7778828444       -3.5162683543        3.2144378089
HH31        0.3319423875       -4.4596686011        3.5332733518
HH32        0.8425986182       -2.8466559110        4.0738525934
HH33        1.7823775541       -3.7098073923        2.8340622334
          45
Energy of minimum     15=    -68.35492102     first found at step       87 after                29688 function calls
HH31       -4.1338033644       -4.1493921917        4.1041045222
CH3        -4.4318979459       -3.9779218947        3.0700343917
HH32       -5.2425343817       -4.6576870103        2.8094296368
HH33       -4.7749877073       -2.9499396443        2.9574996010
C          -3.2539160772       -4.2213957387        2.1458979465
O          -2.1599416065       -4.5575601023        2.5968329268
N          -3.4652659561       -4.0360956669        0.8438474174
H          -4.4004293099       -3.7951278840        0.5401072171
CA         -2.4765339903       -4.3266197555       -0.2137890484
HA         -2.1303837216       -5.3547101579       -0.0972432184
CB         -3.1470120425       -4.2040856567       -1.5942222741
HB2        -2.4453091243       -4.5256911638       -2.3666891151
HB3        -3.3886736104       -3.1543442190       -1.7719105773
OG         -4.3473651983       -4.9719921942       -1.6892988994
HG         -4.1234202923       -5.9288976974       -1.7061046586
C          -1.2197286610       -3.4301985732       -0.1766580755
O          -0.2044435480       -3.7562719104       -0.7978466680
N          -1.2539747311       -2.3208528141        0.5755164153
H          -2.1215311396       -2.1041415461        1.0488081589
CA         -0.1056520277       -1.4269819993        0.8058807240
HA          0.4919800856       -1.3764078098       -0.1061923592
CB         -0.6288077441       -0.0086685632        1.1109118879
HB2         0.2207718403        0.6322852950        1.3541734605
HB3        -1.2874034004       -0.0440258917        1.9811268860
CG         -1.3790125396        0.6179699520       -0.0771546106
HG2        -2.2586576020        0.0176548377       -0.3099632184
HG3        -0.7206411441        0.6329918560       -0.9471759830
CD         -1.8141531614        2.0554884994        0.2496796563
HD2        -2.4920405580        2.0505514594        1.1056475255
HD3        -0.9287689733        2.6314718153        0.5258357928
CE         -2.4847441229        2.7595276141       -0.9419209941
HE2        -2.5922105197        3.8202318457       -0.6950478008
HE3        -1.8242026256        2.6908728580       -1.8117048244
NZ         -3.8237785665        2.1960416409       -1.2699479059
HZ1        -4.2492480952        2.7063829102       -2.0326849530
HZ2        -3.7607147351        1.2274659853       -1.5513655068
HZ3        -4.4497190512        2.2561020997       -0.4780380854
C           0.8543102033       -1.9244917564        1.9143076986
O           1.9365751113       -1.3546179873        2.0923449032
N           0.4829945224       -2.9784198113        2.6537169533
H          -0.4171744775       -3.3958416026        2.4485441022
CH3         1.2725499798       -3.5696413037        3.7302002655
HH31        0.7304004217       -4.4108766901        4.1648399068
HH32        1.4579196987       -2.8273854637        4.5085670810
HH33        2.2273641174       -3.9267058613        3.3403583383
          45
Energy of minimum     16=    -68.28052831     first found at step        8 after                 3039 function calls
HH31       -0.4666873391       -3.3705646835       -3.2647286059
CH3        -0.9709222432       -2.8978895644       -2.4224214612
HH32       -1.8912101386       -3.4382108854       -2.2017763089
HH33       -1.2092432195       -1.8662263448       -2.6794142465
C          -0.0568403910       -2.9189118672       -1.2118754803
O          -0.3981966213       -3.4885611281       -0.1763767519
N           1.1069811513       -2.2817945476       -1.3284734963
H           1.3400212398       -1.8717789998       -2.2237723044
CA          2.1710905407       -2.2893157992       -0.3043129658
HA          2.4119768896       -3.3241637979       -0.0575001449
CB          3.4424849126       -1.6372885774       -0.8742102687
HB2         3.2491488851       -0.5766883985       -1.0490754546
HB3         4.2466065215       -1.7250219504       -0.1406512010
OG          3.8484151974       -2.2520844822       -2.0962873965
HG          4.6718662102       -1.8201411451       -2.4153176142
C           1.7904129752       -1.5920233186        1.0193807243
O           2.4564493525       -1.7866339164        2.0398105320
N           0.7039593791       -0.8068920238        1.0318949482
H           0.2113521104       -0.6785149047        0.1572979628
CA          0.1511882222       -0.1532900292        2.2302572055
HA          0.9703758017        0.1000895344        2.9044749178
CB         -0.5549425527        1.1527922646        1.8050720569
HB2        -1.4045698879        0.8974782531        1.1686128590
HB3        -0.9564126178        1.6434100376        2.6930257298
CG          0.3266580896        2.1622226371        1.0411433818
HG2         0.6250687712        1.7226843515        0.0885933906
HG3        -0.2798761829        3.0378257277        0.8083620565
CD          1.5986730366        2.6181864312        1.7803576558
HD2         2.2540684661        1.7564422379        1.9159592047
HD3         2.1355651246        3.3259497588        1.1457699024
CE          1.3469828482        3.2639401395        3.1551484199
HE2         0.7756305998        2.5720116185        3.7809726901
HE3         2.3155204435        3.4177000670        3.6413353622
NZ          0.6385692619        4.5706446841        3.0557908243
HZ1         0.5181230052        4.9843131606        3.9711318089
HZ2        -0.2794822586        4.4673510036        2.6455970196
HZ3         1.1621903120        5.2279054756        2.4931128333
C          -0.7945308321       -1.0631162276        3.0518996491
O          -1.2185133527       -0.6780669397        4.1469278066
N          -1.1245067137       -2.2601421285        2.5487631831
H          -0.7360501333       -2.5079486728        1.6462063846
CH3        -1.9994244357       -3.2323281743        3.1978692156
HH31       -2.9874812449       -2.7973192103        3.3581623906
HH32       -2.0999156797       -4.1162387346        2.5660911252
HH33       -1.5783393093       -3.5302653266        4.1596824009
          45
Energy of minimum     17=    -68.23085078     first found at step        3 after                 1393 function calls
HH31       -1.0145503646       -3.2750840962       -3.2068813251
CH3        -1.4223179376       -2.9636957424       -2.2456912453
HH32       -2.2451633507       -3.6230937832       -1.9706013057
HH33       -1.7888306550       -1.9407311084       -2.3254807782
C          -0.3333964430       -3.0293657978       -1.1916965688
O          -0.4576113285       -3.7511163902       -0.2033698778
N           0.7366065007       -2.2603952274       -1.3867304754
H           0.7873845534       -1.7183185494       -2.2402170743
CA          1.9398248149       -2.2672440010       -0.5306303442
HA          2.3048076284       -3.2919612821       -0.4464068907
CB          3.0446777861       -1.4204916169       -1.1884462508
HB2         2.7386716602       -0.3726139734       -1.1682965615
HB3         3.9659113372       -1.5156465187       -0.6098276483
OG          3.2902840337       -1.7990518440       -2.5434185978
HG          3.7295764208       -2.6780892991       -2.5634666065
C           1.7017457802       -1.7626136140        0.9091183279
O           2.5315938647       -1.9893573043        1.7937383976
N           0.5605565342       -1.1097496423        1.1705884566
H          -0.0690994329       -0.9432075169        0.3960394764
CA          0.1363838110       -0.6552637462        2.5056858739
HA          1.0203336455       -0.3905908351        3.0872555229
CB         -0.7410254514        0.6055693661        2.3473303501
HB2        -1.6506238092        0.3309941983        1.8095724460
HB3        -1.0465330087        0.9515727497        3.3359649095
CG         -0.0813126383        1.7812294358        1.5974682881
HG2         0.1061523614        1.4844926451        0.5648159689
HG3        -0.7930504170        2.6075881958        1.5697876934
CD          1.2369146549        2.2965126494        2.2001294852
HD2         1.9863039953        1.5036068291        2.1750521514
HD3         1.5957930450        3.1152855129        1.5732938295
CE          1.0573584455        2.8071765354        3.6389233698
HE2         0.2747742756        3.5724088330        3.6442101588
HE3         0.7213071663        1.9817980298        4.2736521917
NZ          2.3189374450        3.3778618645        4.1845711530
HZ1         3.0570109917        2.6872051758        4.2055613193
HZ2         2.1849819868        3.7118813827        5.1298198351
HZ3         2.6379005119        4.1592816336        3.6278088412
C          -0.5899829284       -1.7463516156        3.3298487861
O          -0.8783018792       -1.5324465733        4.5123292437
N          -0.8821543795       -2.9089811375        2.7315526918
H          -0.6120824228       -3.0126728642        1.7604406755
CH3        -1.5593153085       -4.0348960893        3.3685681982
HH31       -2.5474234596       -3.7284458403        3.7163037815
HH32       -1.6731566360       -4.8493273449        2.6514315210
HH33       -0.9742698352       -4.3904114636        4.2185647727
          45
Energy of minimum     18=    -68.05892325     first found at step       53 after                18230 function calls
HH31       -4.5498526624       -4.5392553437        0.4565087308
CH3        -4.2458592382       -4.0215075483       -0.4529338276
HH32       -4.5695686515       -4.5945659687       -1.3212435861
HH33       -4.7086426274       -3.0354951618       -0.4805991588
C          -2.7365927680       -3.8724021907       -0.4824373545
O          -2.0431365383       -4.2975906931        0.4404664786
N          -2.2158836503       -3.2458614976       -1.5357671863
H          -2.8400211608       -2.8940397321       -2.2510656478
CA         -0.7704310826       -3.0478042529       -1.7550832170
HA         -0.2606105361       -4.0000500405       -1.5997505039
CB         -0.5289808658       -2.6296255857       -3.2151423418
HB2         0.5411633855       -2.4868097841       -3.3774280821
HB3        -0.8680112696       -3.4359188697       -3.8686426878
OG         -1.2292355124       -1.4312653007       -3.5465369802
HG         -1.1191380133       -1.2524473095       -4.5063210769
C          -0.1170424156       -2.0392717503       -0.7868157383
O           1.1115060192       -1.9633273822       -0.6967817121
N          -0.9206773345       -1.2857864660       -0.0228049823
H          -1.9180957897       -1.3820868168       -0.1631818426
CA         -0.4629401441       -0.3554293315        1.0223173519
HA          0.4735920517        0.1067550732        0.7088522976
CB         -1.5184417147        0.7557085047        1.1990609000
HB2        -2.4137272516        0.3106593558        1.6376708716
HB3        -1.1368740499        1.4840453287        1.9170729799
CG         -1.9515142639        1.5206723413       -0.0686229564
HG2        -2.4504910101        0.8424957561       -0.7622550790
HG3        -2.6947639518        2.2550530193        0.2452208345
CD         -0.8352467044        2.2808171169       -0.8064525366
HD2        -1.3017733384        3.1000165933       -1.3573553776
HD3        -0.1443360308        2.7134767005       -0.0801561338
CE         -0.0753101110        1.3984016757       -1.8106292052
HE2         0.4301393123        0.5907281673       -1.2765499541
HE3        -0.7995029682        0.9401377777       -2.4919758043
NZ          0.9208639383        2.1812599862       -2.5912180356
HZ1         1.4101201609        1.5895383689       -3.2496984699
HZ2         0.4738505274        2.9191920711       -3.1186425063
HZ3         1.6118638267        2.6048692349       -1.9865509609
C          -0.1525278747       -1.0487847821        2.3716360000
O           0.3883926579       -0.4107819924        3.2813015814
N          -0.4787331567       -2.3409035780        2.5117521124
H          -0.9173801736       -2.7946969656        1.7207188012
CH3        -0.2528637440       -3.1399508745        3.7128927748
HH31       -0.6183595395       -4.1556827025        3.5538966361
HH32        0.8138413176       -3.1788218903        3.9405079935
HH33       -0.7841985969       -2.7007727105        4.5590688170
          45
Energy of minimum     19=    -68.05005873     first found at step       76 after                26100 function calls
HH31       -4.6625717984       -4.0945725867        3.6439675258
CH3        -4.9634839447       -3.8467318514        2.6263225274
HH32       -5.8070424859       -4.4721434298        2.3357459842
HH33       -5.2606063445       -2.7994574728        2.5810127414
C          -3.8078436741       -4.0860093021        1.6733336958
O          -2.7232622969       -4.4925487437        2.0877107093
N          -4.0239417302       -3.8144588297        0.3877092829
H          -4.9319722277       -3.4622332667        0.1105910830
CA         -3.0390424586       -4.0363453677       -0.6884232367
HA         -2.6377649097       -5.0460535095       -0.5856544720
CB         -3.7491129238       -3.9672026541       -2.0529953697
HB2        -3.0169471181       -4.0846878102       -2.8546042867
HB3        -4.4476364585       -4.8036984001       -2.1147225287
OG         -4.4821556344       -2.7546590016       -2.2344016191
HG         -3.8683411232       -2.0374393861       -2.5051697750
C          -1.8227044510       -3.0857781951       -0.6443425994
O          -0.8179308971       -3.3274488363       -1.3195287677
N          -1.8717521260       -2.0332806343        0.1848849423
H          -2.7335884484       -1.8800697240        0.6915652949
CA         -0.7464079680       -1.1208970896        0.4524923380
HA         -0.1817581899       -0.9760251397       -0.4703919690
CB         -1.3044319545        0.2487572438        0.8901641779
HB2        -1.9133827852        0.1159903368        1.7859684392
HB3        -0.4672369164        0.9034825808        1.1395849557
CG         -2.1353414903        0.9286716110       -0.2141807232
HG2        -3.0304223385        0.3399771498       -0.4193984621
HG3        -1.5378589825        0.9702348196       -1.1260903252
CD         -2.5566237580        2.3613386527        0.1481401805
HD2        -1.6640497818        2.9545904274        0.3569709294
HD3        -3.0612561584        2.7963200966       -0.7167993777
CE         -3.5039182903        2.4026288270        1.3579033346
HE2        -4.3723628331        1.7709413386        1.1468427777
HE3        -2.9892344510        1.9860092689        2.2288066889
NZ         -3.9526994260        3.7889423855        1.6593607214
HZ1        -4.4501276203        4.1911129919        0.8764815442
HZ2        -3.1682048225        4.3897582495        1.8731148280
HZ3        -4.5749201560        3.8021091041        2.4564717888
C           0.2642949073       -1.6733975612        1.4872812399
O           1.3362885911       -1.0873368222        1.6742626905
N          -0.0542405533       -2.7910913533        2.1546092279
H          -0.9492076129       -3.2162328104        1.9463769619
CH3         0.7866484415       -3.4402693484        3.1563337667
HH31        0.2817796820       -4.3273506769        3.5420122262
HH32        0.9793988943       -2.7546515331        3.9833472029
HH33        1.7365000029       -3.7392204017        2.7095970853
          45
Energy of minimum     20=    -67.99861248     first found at step       22 after                 7837 function calls
HH31       -2.0144313894       -5.6888549398       -1.3295093768
CH3        -2.2126262327       -5.0600144222       -0.4621044471
HH32       -2.9450216814       -4.2989189323       -0.7294483920
HH33       -2.6074068720       -5.6740050723        0.3470787505
C          -0.9251469524       -4.3903334629       -0.0208836222
O          -0.4796531359       -4.5692112572        1.1116547004
N          -0.3284783944       -3.5919722136       -0.9057684863
H          -0.7654510940       -3.4752282328       -1.8110545856
CA          0.9623755898       -2.9145820148       -0.6571497785
HA          1.6686391984       -3.6420307541       -0.2540257097
CB          1.5509704694       -2.3840788639       -1.9761893294
HB2         2.4599652372       -1.8219428531       -1.7541907130
HB3         0.8379076125       -1.7026456763       -2.4449797728
OG          1.8866602254       -3.4374120089       -2.8792982591
HG          1.0686958458       -3.8796745687       -3.1945981124
C           0.8783615746       -1.7729668073        0.3792872562
O           1.9067680750       -1.2937869142        0.8644157886
N          -0.3362463872       -1.3564481796        0.7648091506
H          -1.1390084689       -1.7768082832        0.3144292771
CA         -0.5899541797       -0.3742937384        1.8329445032
HA          0.2283174555        0.3465079456        1.8557791258
CB         -1.8977912136        0.3824991791        1.5152462257
HB2        -2.7280757506       -0.3256281753        1.5457158886
HB3        -2.0728313946        1.1245526374        2.2964253086
CG         -1.9329572128        1.1053277451        0.1550542742
HG2        -1.8418647802        0.3760632866       -0.6510341483
HG3        -2.9065827657        1.5881243436        0.0576806647
CD         -0.8382758258        2.1720696065       -0.0008893925
HD2        -0.9002639061        2.8751171302        0.8323537605
HD3         0.1429008971        1.6942708247        0.0040050287
CE         -1.0277745310        2.9250435523       -1.3256296837
HE2        -0.9803760789        2.2068131869       -2.1500165527
HE3        -2.0241556288        3.3777016730       -1.3342646739
NZ          0.0042287844        3.9798328681       -1.5162155241
HZ1         0.9346800861        3.5848452525       -1.5308558697
HZ2        -0.1354909546        4.4666553735       -2.3915513423
HZ3        -0.0331093364        4.6666872945       -0.7753171891
C          -0.6301402596       -0.9985112042        3.2494735275
O          -0.7150501177       -0.2672659885        4.2421762834
N          -0.5640444237       -2.3324267458        3.3597617559
H          -0.4910065802       -2.8657599139        2.5024152642
CH3        -0.5882444229       -3.0737801714        4.6175824921
HH31       -0.5253625669       -4.1441917427        4.4154912997
HH32       -1.5161318249       -2.8686115577        5.1543608333
HH33        0.2586443204       -2.7804794948        5.2404249103
