        1.5164440361        1.1660581473       -0.6182942785
        0.5155425173       -0.5013258602        1.7317723159
        1.4273855978        1.1043063242       -1.1449570379
       -1.6965937420        0.5796614278        1.3158760646
        1.4793324998       -1.4246261808        0.1777456309
        0.4228987622       -1.0886049927        1.0802705088
        0.6329065398        0.7683523216        1.3637233086
       -0.4733520338        1.5738791057       -0.5800634796
       -0.2084632467        1.2681978958        1.2840325322
       -0.5486726115        0.8559297052       -1.5056307416
        1.0856496261        0.1781438726        1.0900588198
        0.4684332657       -1.4350547788       -1.6704989086
        0.7498762437        1.6013616034       -0.5879827440
       -0.9746790240        1.5001784413        1.4137775110
        1.6747637785        0.3061956550        1.2006196708
       -0.1020827619        0.9382911138       -0.9958454978
        0.5912249774       -1.4492535305        0.4243324547
       -1.0148576920       -1.4842750273       -0.7266684509
        1.0049490810        0.2443609961        0.6683195517
       -1.0763560474       -1.1805215583        0.5231233569
       -1.5390029409        1.3152265168        0.1264239657
       -0.9450753444        1.0621774142        0.0349746742
       -0.6770176423        0.8580406972        0.3061810258
       -1.0779247368        1.4699116622       -1.5348996083
        1.3909976602       -0.7241254390        1.0608123333
       -0.6903404576       -0.8488726821       -0.7802717045
       -0.5586003685       -0.0791113105        0.6114132621
       -1.2146532687       -1.6306279181       -0.8296593894
       -0.6810155848        0.3254154727        1.3056406979
       -1.3642968682       -1.4555428012        1.3482207833
        0.3879398988        1.6934281436        0.1070111893
       -1.2757617770        0.9930121379        1.6313851193
       -1.1491231490       -1.1674128237       -0.3522024978
        0.8309350499       -0.6581277596       -0.9104960735
       -0.1494712924       -0.8034519408        0.7879068233
       -0.2559856563       -0.0152027479       -0.6113499480
       -0.4371970534        1.3133020473        0.0254117694
       -0.9462610488        0.0656283372        0.8793648126
