       -0.8075172188       -0.4848993621        1.2330174330
        0.4082322379        1.7016487282        1.0945623411
       -1.2260769965        1.2793432256       -0.7337303150
        1.1750079377        0.0289207464        0.5879308603
        1.3538548072       -0.3045775128       -0.4544726072
        0.1918453545        0.3355831118        0.3963463929
        0.8242388106       -1.4736497813        1.1547728974
       -0.0914847918       -1.7279387933       -0.8805086878
       -0.0674163031       -1.6212077112       -1.0932632519
        1.6747251125       -0.0735797796       -0.9728923938
        1.5653524647       -1.5344115800       -0.8428386679
        0.9079288070       -1.0298164645       -0.6260644958
        1.0681352756        1.2644275357        0.7393706235
        0.6946734276       -0.5841364795        0.1996795393
        0.6468242463       -1.6748153008        0.9853020213
       -0.7004487637        0.8695753692       -0.8155531988
       -1.0149373419        0.4474780916       -1.4457649302
        1.4257667959        1.3810993875        0.6689634601
       -0.3178341653       -1.2049696025        1.0967587353
        1.6716669836        0.7314999424        1.6777405186
        1.0423828771        1.7196867436        0.2787927459
       -0.0127588931        0.2228997868        1.6922756964
       -0.9428555134        1.5828708995       -0.9891956028
       -0.9674060184        0.4674304365        1.3000310205
        1.0092175432       -1.2598043629        0.2683576826
       -1.6665059958       -0.7328271349       -1.6887777401
       -0.4836306718       -0.7860675157        1.2473240655
       -1.4250837570        1.5324754994       -0.4791170090
       -0.7616844616        1.6888238328       -1.7047133354
        1.2778406812       -0.7864768587       -0.5242770769
        0.3241808510        0.1345614758        0.5176490475
       -0.1138643604        1.5606427653       -0.1879536200
       -0.7516903805       -1.5983120238       -1.1868454833
       -0.8779878253       -1.4042386011        0.2428670480
        0.6252371588       -1.6957158812       -0.1332719475
       -0.2580641348       -0.0022512501       -1.6607326245
       -1.0469584797        1.5166846878       -0.0816351701
        1.5363394386       -0.1397494475        1.4050368491
