       -0.1607804452        1.6413339835        0.4476878589
        0.4248673516        1.2321487459       -1.0581803380
       -1.3062355795        0.3823511078       -0.4278896407
       -0.5004028617        0.5678252615       -0.1364199680
       -0.9588920789        1.2347311561       -0.0662383511
       -1.1932829784        1.2748456599       -0.0712605415
        0.9032381987       -0.5843075470        0.8625159973
        0.2711371247        0.3245166739       -1.1942510759
        1.0311278309        1.3736926850       -1.7157279720
       -1.2862606851        0.7724682041        0.3521720360
       -0.7029655370       -0.2376819428        1.2591001585
       -0.7349260900        0.8436896981        0.3159788187
       -0.7730750693       -0.6112507086       -1.4429596737
        0.2665719299       -0.1356753539       -0.1282327309
       -1.5694685182        1.1910368878       -0.5632151644
       -0.4974916488        0.4413185285       -1.5730619038
       -1.7186101055       -0.8258825462       -0.9168097504
       -0.5363041389        0.2707119185       -1.1357630373
        1.5746528088        0.2611363686       -0.8533739982
        0.0537497334       -1.6409178462       -1.4475118637
        0.9991568315       -0.5797470866        1.6383896264
       -1.0984572243       -1.2761014083        0.0472181382
        0.2975850668        0.1900838789        1.6557952911
        1.1427275993       -0.1392490628        1.0764136447
       -1.5574742101        0.4358378892        1.4897936760
       -0.0977985300        1.0835649356        0.1030638384
       -0.8177555212        0.8380635897       -0.3934732944
        1.3088288555        0.7085592593        1.7080308005
       -0.8953385109       -0.7587525817        0.8236020353
       -0.2706465784        1.3248457171       -0.1945752422
        0.1431242905       -0.6791878479        1.4324455734
        0.3810872358        0.1882292178       -0.3698874704
       -0.3916218031       -1.6220398537        0.3656656590
       -1.6746558784       -0.6505137757        1.3636836990
       -0.2709086229        1.6024941482       -1.1832699047
        0.8434068914       -0.5695944767       -1.7172459053
       -0.8738590816        1.6930852796        0.2311507703
        1.5381633347        0.7998731102        1.2884026534
