       -0.3199785936       -0.3337784745       -1.4343066836
        1.0215644600        0.4477100035       -0.7328741632
        0.4601082620       -0.6141677415        1.5506486617
        1.3922885919        1.1647539059       -0.7380555824
        0.7055818771        1.5746943041       -1.5749452892
        1.3462739240       -0.9050351350        0.1530135750
       -1.6173761776       -0.5952868325       -1.3336295826
       -0.1829654709       -0.5571369337        0.2107522989
        0.0345600113       -0.4360425914        0.2907082719
       -1.1784307913       -0.7823545721        0.0434984503
       -1.7254035581       -0.6859088515       -1.4256572633
        0.9987118213       -1.6868460633       -0.4914062462
       -0.8629805792       -1.4283192299        0.6535956704
        0.1692471160       -0.8552557271       -0.2502172178
        0.3806690740        0.9292827841        0.6333208221
        0.1508293870        0.1569465774        1.5626140018
        0.5088517642        1.0947803981       -0.0553224781
        1.4711846369        0.1879538701        1.4991834873
        0.5055477959        1.4416375914        1.3915762236
       -0.6603286690       -0.6465302059       -0.5417096627
        0.4354132218       -1.3925149886       -1.6620638594
        0.6287838920       -0.7210881738        0.0309425035
        0.4628952711        0.3960648202        0.5634165129
        1.3343599692       -0.3625467840       -0.2905565875
       -0.4556771140       -1.0031553982        1.3357565427
        0.9986613959        0.3162111419        0.0788671842
       -1.3902633409       -1.3418707262       -0.7523968255
       -0.0058538174        0.0896882103       -1.1328288733
       -1.2301533146        0.6964369841        0.5173470578
       -0.7905762246        1.6197964489       -1.0982778526
       -1.6709803748       -1.5197805052       -1.1189621536
        1.2307158374       -1.5945158654       -0.0452740534
       -0.4421418247       -0.0647366924       -0.7132848138
       -0.4435764156        1.0778249877       -0.4115773935
        0.9297551137       -1.5124828191        0.0185807397
       -0.5796825562       -1.6566938013        0.4903345313
       -0.2387019111       -0.1681901383        0.2081395205
       -0.6994567326       -1.1311412614        1.1813392280
