        0.3070497436       -1.2664478297        1.5972920845
       -0.9263651914       -1.1810212300        0.8105220945
        1.7109372386        0.7834789579        0.2896695142
        0.8806066964        0.5823643720       -1.6148302895
       -0.5344099215       -0.4574240523       -0.9479739605
       -0.6717951133       -0.1613556856       -0.1184696294
       -0.4427419084       -1.1950262712        1.7146470011
        1.4127561570        1.7169877047        0.6558006673
        0.2146620404        1.7157519620       -1.6458841298
        0.5879375902       -0.4935178835       -1.5946100107
       -1.4958013563       -0.9769962555       -0.1215570554
       -0.2729853721        0.7393675441       -1.5231723954
       -1.5852532469        0.5408529947        1.3145688470
        1.4458992512       -0.7295235021        0.1001434309
        1.4613801626       -1.2066421368        1.1437469901
        0.0823211481       -0.8409557454        0.4865569639
       -0.9528638042        0.0546252794        1.5764291136
        0.2108112190       -0.2475134300        1.4013857550
       -0.2401906958       -1.2079615929        1.5819495738
        0.4299404125       -0.0814890573        0.9359413914
        1.2970249269        0.5558853083       -0.4029356725
        0.8178198242        1.2402613513        1.6160142083
        0.5548135418       -1.6699658378       -1.0849904110
       -1.3533052618       -1.0994523122        0.8360106160
        0.7995187787       -1.6494799979       -0.3843466116
       -0.9645502493       -1.6515931482       -0.1077622654
       -0.9588972183        0.1069041973       -0.4798000012
        0.1788097191       -0.1074555187        0.0734047181
       -1.5763921382        0.3136437076        1.5731136164
       -0.3016398710       -1.4483538751       -0.9457987414
        0.4929228697        1.2670699790        0.2619486829
        0.0467263966        1.0975322820        0.8465902161
        0.3949015846       -0.6103506741       -1.0845638159
       -0.0532746889        1.6003083520       -1.0205196806
        0.7228653933        0.6635023474        0.9743550914
        1.3949914973        0.8890751481       -1.1848339484
       -1.4620984526        0.8671281543       -0.3283009583
        0.5647495287       -1.6806490698       -1.1298941899
