        0.8940344631       -1.2355854399       -0.9947302002
       -0.9549082930       -0.4908062625       -1.6491106549
        0.0524523687        1.6851497068       -0.1476395970
        1.3740747215       -0.9420377905       -0.1072361761
       -0.6621517472       -1.6677781656        0.8276931906
        0.8046941182       -0.6926572051        1.6440042850
        1.1799253283       -1.4655996044       -0.6216910597
       -0.3257540507       -1.0434302068        1.6806198211
       -0.3802712292       -0.3674311496        0.6473059867
       -1.3025267429       -0.6760799065        1.4532635341
       -1.2758809446       -1.5634553598       -1.0311684374
        1.0778481840       -0.1836823494       -0.9767546118
       -1.2210333310        0.5552269885       -0.5160879332
       -0.9855718588       -0.1473124785        0.8563809662
        1.3558822924        0.0627940659       -0.7926313373
        1.1626409475        0.0489311902       -1.6303302612
        1.1055362888        0.2136237392       -0.2808651526
       -1.0916240604        0.0391018371        1.5649121664
       -1.0819506907       -1.1863909655        0.6282477353
        0.1669858445       -0.8222288792        0.0830753004
        0.3779641264       -1.1907789486        1.3664041823
       -0.7829052338        1.1086989740        0.8810740867
       -0.6347077009        1.5587929484       -0.7192900438
        0.2180008904       -1.3067582022        0.2205513613
        0.3396410680        0.2144315723        1.6285461748
        1.6070832153       -0.4685869649        0.6087802570
        1.6254854455       -0.9723403900       -1.1711275481
        1.2857555273        1.5793386730        1.5064852109
       -1.0785439713        0.6068710394        0.3742141042
        0.3865484630       -1.3865555673       -0.4920323541
        0.3782352995       -0.8278553263        1.3069298988
        0.6272724546       -0.5124735628       -1.6169627825
       -0.5897552064        0.2287549358       -0.7772202441
        0.4843265252        1.5552400791       -0.3741580248
       -1.4714546033        1.3944312619       -0.5628866151
       -0.8327372497        0.0681260372        0.5010677371
       -1.6233280592       -1.2802027649        0.9518288954
        1.5303851519       -0.0103703563       -0.1153241447
