       -1.1023389640       -1.3536302220       -0.0385611847
       -1.1962201314       -1.7078351011       -0.4098900784
        1.0755643324       -0.2717773294        1.3362876197
       -0.8914941289        1.0288090622       -0.1612959397
        0.7740249808        1.5711799410        1.1097088104
       -0.9955305872       -1.6013541428       -0.2549832563
        1.4907067153        0.1528810558        0.6737855795
       -0.0253436532        0.6830819859       -1.5841832983
       -1.0762322679       -0.1731969768        0.3257564236
        0.7589928575        1.7076589443       -0.0867065551
       -0.2836813976        1.3029073792       -1.5392188750
        0.3966667897        0.5435591037        0.1337200323
       -0.7293137203       -0.8295374972        0.9722851269
        1.3884547902       -0.0543299760        0.2947862950
        1.5708093172        0.5419962021       -0.9605363323
        0.2592289786       -1.5202581419        1.3989192281
       -1.6510461225       -0.2611171954        0.8079504969
        0.7618973276       -0.1213271309        1.0631510496
       -0.9783878509       -1.6168747557        1.6118612229
        0.2349230129       -0.2550690747        0.3623352955
        0.7778044243        1.2107622085        1.3275071933
        1.2769429357       -0.3014701925       -0.3898692688
        0.4200438981        1.5474543195       -0.9134648078
       -1.3220088552       -0.9880537907       -0.4393543800
        0.4294060125       -1.0226380154       -0.0229798532
       -1.6782433277        1.4704149020        1.3780123809
        1.1711383930       -1.2570791306        0.5261849412
       -0.7693658795       -0.7167538278        0.8206899433
       -0.4101781213       -1.3321539464        1.3535272402
       -0.5288132634       -1.7071134075        0.4021716319
        1.6986383212       -1.5752861223        1.2355789682
        0.2975936727        0.2953333578        1.0891882889
        1.1202265354       -0.2005291806        1.1475504543
        0.2769337343        1.6746370616        0.4206937072
        0.8028259942       -0.2478428101       -0.5058747854
       -0.6147729404        1.3031882534        0.2679072605
       -1.2257207664        0.2551014915       -0.8143023591
        0.0511608014        0.1660540062       -1.0206110852
