       -1.0077921227        1.3569064693        1.2102913565
        0.1621437872       -0.8099977667       -0.9492927004
        0.8896236724       -1.4073834486        0.0889193320
        0.2868825615       -1.3873789474        0.1706649049
        1.0218816983       -0.1078796054       -0.3942364091
       -1.3018286537        0.9377547378        1.7247969042
       -1.0570182783       -0.2012348803        0.8950618081
       -1.6829288112       -1.0185180743       -0.1280880231
       -1.5683018096        1.4394161458       -0.3334150129
        1.2768794410        1.1561354103       -1.0973394942
       -1.5037386777        1.0592532821       -0.1002424541
       -1.2215418215        0.7494284606        1.4946924062
        1.6581971328       -0.5948429434        1.1918654798
        1.4675254289       -1.5236434248       -1.0271567949
       -0.4028904187        0.6217170225       -0.3696413230
       -1.5314691311        1.4548944600       -1.1458886229
       -0.0651254200       -1.3875991208        0.4032584002
        0.0547428840        0.8517121621        1.3460966510
       -1.1914568514       -1.0463498401       -0.6821112461
       -1.2165215104        1.2532192532       -1.1573794525
        0.0597136713       -1.3644473718       -1.5070866352
        0.0931768332        0.8753679154       -0.0993241045
       -0.9817946736        1.1181682626        0.2963832330
        1.0584339590        0.2491052094        0.3417403973
       -0.0940676375        1.7303335825       -1.2359023443
       -0.8218633576       -0.2501050527       -1.2895056544
       -0.5824186124       -1.0574164732        0.5834613319
       -1.1266867010        0.4087694931        0.9672992635
       -1.4164955118        0.3468162473       -0.8589891634
        0.8415456231        0.0857139497       -1.1423494762
       -1.2835020971        0.9758328763        0.1503792843
       -0.8184713367        1.3454742742       -0.4719188124
       -0.5683822448       -1.6979961420        0.3567535554
       -1.6308734817       -0.6420546235       -1.5602957864
        0.9521146057        1.3446628763       -0.1085478635
        0.9393912063        1.6624803791        1.3398906516
       -0.1358969532       -1.1771282469        1.3825264260
       -1.3500973406        0.2689950273       -1.3695476845
