        0.9045214520        0.0329993793        0.3773334631
       -0.4828730690       -1.1780953202       -0.4466805953
        1.0828580664        0.5793187607        0.4998305071
       -1.6499444459       -0.6210422394       -0.5187507547
       -0.2235649510       -0.2935470970        0.0026750013
        0.7033433036       -1.5960670189        1.0047524443
       -0.9792297123       -0.3197041879       -0.0745749853
       -0.9265425015       -0.2384890387       -1.3489530718
       -0.3249096439       -0.7653589214        1.3743315928
       -1.3121662569        0.6472759524        1.4394719638
        0.9449392360        0.2049158296        0.0410384694
        0.6230072670        0.3306755079        1.5761925334
       -1.0962462993       -0.7943637288       -0.8696945497
       -1.4914791456       -1.3322394293        1.5800638815
        0.9053006994       -0.3254764607        1.4878610023
        1.2442706000       -1.1073980282        1.0545605025
       -1.1217307702        1.4785259024       -0.3799792746
        1.6917335680        0.7101920580       -1.0960463074
       -0.0647489487        0.6907941414        1.0403862522
        1.5839564564        1.5292819090       -1.4609048262
        1.4699073633       -0.5076737978       -1.3426045842
       -1.2396645406       -0.6525656347        1.3624731366
        1.5525193925        0.1248347964       -0.4664251135
       -1.4748757971       -1.1471554453       -1.0132129515
       -1.2880656837       -1.1313774480        1.2776282717
        1.4917107107        0.9480212146       -0.9929404324
       -0.8675496633        0.8845082369       -0.0490321395
        0.4534648420       -0.0803844320       -0.3292762680
       -0.3912408861        1.1280674983        1.0941209523
       -0.3881226386        0.4023048867       -1.6201819180
        0.8421013547        0.3643086564        0.8443380135
       -0.7093335495       -0.6070036296       -1.3872045264
        0.8736357095       -1.4916423315       -1.6644735536
       -0.0215180444        0.4444416701        1.4881453027
        0.7671409043       -1.4376541265       -1.2030338978
       -0.5034921654        1.6409539231       -0.7207070246
       -0.5441393093       -0.1211071205       -1.2630635000
       -1.2274380867       -1.6830032299        0.5704071281
