        0.0773169309        0.0459075106       -1.1619674339
        1.0461237676        1.2856490693       -0.4234094303
        0.9634130797        0.4275518467        1.5009567224
        0.9950751531        1.2736729828       -1.5261598207
        1.4083687385        0.0428263450        1.4182443133
        1.1442879409       -0.9775781903        1.0069127455
       -0.7507562774       -1.5271792663        0.1338338928
        1.2302771731       -1.7026720776        0.2470522050
       -1.2514273433       -1.5776364416        0.1794167650
        1.6891637206        1.2961334983        1.4619160821
       -0.5018765219        0.8726817991       -0.7946096746
        1.6910387599        1.7229997194        0.5625376923
        0.9585494521       -0.0494399291       -0.9271299322
       -1.6653141035       -0.4491635000        1.0530163451
       -0.3850419585        1.5043543214        1.2655820154
       -1.4332181264       -0.7548994971       -0.4583794000
        1.5098617897        1.0541156698        1.7027678747
        1.0376867665       -0.4459566853       -0.3262835033
        1.4762271603       -0.1739839186       -0.7437049775
        1.5029394118       -0.7833926991        0.4474996813
       -1.1959707691       -0.1052051776        1.6106503412
       -1.6193521339       -1.4915965146        0.0009138660
       -0.6447439596        0.1567593354        0.4407670764
       -1.4344188101        1.3631194631       -0.4544991653
       -1.3307101494       -1.1019124254       -0.0510396577
        0.8867403145        1.4020604413        0.5515871199
       -1.3501474160       -0.9297179560        1.7102637944
        1.1218848501        0.0487293771       -1.6192664687
        0.8379208773        1.3171375427       -1.0578809987
        1.4666604422        0.6171058011        1.4276461648
        0.8307728287       -0.2651058770       -0.9709299278
       -0.0008520714       -0.0289676795       -0.6841907989
        1.2356700356        1.1064019982        0.1516518654
        1.0897181142       -1.1769962310        0.7926998182
       -0.5512173140       -1.0292517253       -1.4919855310
       -0.7215605502        1.7286781713       -0.4643582607
        0.5888027962       -0.9946794295        1.2801124104
        0.4737783434        0.1871055338        1.7086695906
