       -0.4643937037       -0.5129031486       -1.3923648995
       -0.6672630031       -0.6889385980       -1.5570075151
       -1.2795476954        1.1733602726       -0.5075091730
       -1.4704557327       -0.4440384618       -0.5196379183
       -1.5099323804       -0.5543213646       -1.6783999756
       -0.2152902421        1.6030888975        0.5723073672
       -1.0693053879        0.3604668957       -0.0133730867
       -1.4611983164        1.2079426002        0.3590145478
        1.5197733978       -1.0628353598        0.8707017907
       -0.4125095383       -0.2420044148        1.4569817524
       -1.0402644617        1.0430091383       -1.0884948616
       -0.3466082916       -1.1997559294       -0.1632742769
       -1.4803498920        1.5456658342        1.0947156951
       -0.5822934908       -1.2082840463       -0.7792305320
        1.5006829393       -0.8251893334        0.9705173118
        1.5004141133       -0.9700462081       -0.1456987788
        1.2406555925        0.7076635333        0.8546772233
       -1.3804782496       -1.0485774929        1.3057398535
       -0.4039555037       -1.5545328501        1.0967050288
       -0.6987850741       -0.8017051572       -1.5044193712
        1.2709214892        0.4153568966        1.4401602130
       -0.4677789479        0.5749144611        1.2981366498
        1.2456910618       -1.0177039518       -0.5611238216
       -1.1762653798       -0.3966493747        1.6344834966
        1.3570665402       -1.5234726397        0.4383197986
       -0.0564751125       -1.4538125262       -0.3880322277
        1.0206396209        0.4859853013       -0.0088345418
        0.4742249102        0.4678280797       -1.0861810467
        0.2923256221        0.4051374190       -0.7004854053
       -0.7161070159        0.1624772968       -1.2791737099
        0.1356785494       -1.6000885303        0.6160641931
        1.1547773931       -1.3032802177        0.9960993623
        1.1295141714        0.3788261885       -0.7920735426
       -1.3216045450       -0.0870177088       -0.7241313236
        1.0438552146       -0.6557498596       -0.4479030429
       -0.1714153487       -1.0686589824       -0.5107071415
        0.8886038299       -0.2986821574        0.2375964760
        1.6490441452       -0.3410903672        0.5246187972
