        1.1884961487       -0.2590103668        0.9405244319
        0.4190778573       -0.2140650925       -0.1840008460
        1.2098164168       -0.4726271205       -0.8732387825
        0.3255673169       -0.6796809252        0.0729758131
       -1.3999427952        1.6549284381        1.5586376974
        0.4873668133        0.1933190486       -0.3844796487
        0.6984570200        1.6813635013       -0.6480584034
        0.8743256992       -0.3658868357        0.8737639508
        1.1646880124        0.0018404747       -1.0805379604
       -1.4706574781        1.1103907589       -1.5016987039
       -0.2082561524       -0.8919630113       -1.3463869425
        1.6832670811        0.2734233669        1.4095678269
       -1.4262886960       -1.1424782176       -0.9752096365
       -0.6449326001       -1.4363157891       -0.0906709209
       -0.6603894553       -0.2247248943       -0.2440567739
        0.2825234335       -0.1890218571       -0.1161498138
        1.4916716382       -0.3091713627       -0.9119669027
        1.6233908555       -0.7821074536        0.2125194462
       -0.4204137283       -0.7268019880       -1.2622047818
       -1.6836193946        0.9122706507       -0.9387172282
        1.4893965458        1.2087789964        1.4094589282
        0.9116945650        0.9523122699       -1.1368634621
        0.2985431519        1.2219126582        1.1291104227
       -1.4185214371       -1.6244358478       -1.1413840919
       -0.9322570852        1.3628578315       -0.0509374502
       -1.3084654762        1.0657876486        0.9229635790
        0.7203012369        1.0239739541       -0.0593197383
       -0.1723636971        0.8218350639        1.4103090744
        0.6102259784       -1.4646107430        0.9750036729
       -1.2218478246       -0.0948788081       -0.4020127256
        0.8533420476       -0.2072737466       -1.6297292048
        1.6860911012       -0.1764419590       -0.9965688206
        1.5956151998        0.6894736094        0.5084022631
        1.3856568540        0.9736564328        0.6744242808
       -0.9225442607        1.6652258348        0.4463257702
        0.1174402648       -0.7425658819        0.7391071288
        1.6052645344       -1.1781833389       -1.6821760074
       -0.4008586491       -0.1263988192        1.6172233156
