       -0.7345410419        1.3919330941       -0.6224529855
        0.6268652909       -1.4817200978       -0.2220037254
       -0.8535110890        1.1413061228        1.0345339277
        0.4690088158        0.1568273323       -1.5574195068
       -0.3791728853       -0.1160839978        1.1471610685
        0.6095973057        1.5333500793        0.2047870318
       -1.1477902671       -1.5464852864        0.6708757265
        0.0813255440       -0.7978461977        0.1533825905
       -1.3219902965       -1.6647688909        1.1882894238
       -1.4438997517        1.5628669630        1.1298199003
       -0.1802406806       -0.6149139655       -0.6815166711
       -1.2439337658       -0.6237898647       -1.2485105297
        0.2851513235        0.6947063203       -1.3584352281
       -1.3931699016       -0.7220004695       -1.6529904089
       -1.1437186948        0.0568468735        0.6728670943
       -0.4367914157        1.0857168665       -1.3105871937
        0.0860674779        1.0702425656       -1.3106605283
       -0.2670457629       -1.1775009903       -1.5906982819
       -0.6666426524       -1.4583740093       -1.6803071253
        1.0910551111        1.6043493739       -1.5654883295
        0.0926511649        1.2375563069        0.0195497809
        0.1054516235       -0.1629567386        1.1832069294
       -0.8769932375        1.2013628041       -1.2945906587
       -0.3266270497       -0.2424227056        1.3946880220
       -0.9415539772       -0.5452870140        1.6857595337
       -1.0664042940       -0.9436665484       -0.0355007668
        0.1363073915        0.3132052886        0.9802362403
        1.1427534798       -0.8741476907        0.3473725032
       -0.3843550191        1.3298695173        0.2430023385
        0.5958048611       -1.5913130690        1.1029043371
       -1.1364265787       -1.0540443273       -0.1139585185
        0.2202802689       -0.6896271150       -1.6575989589
       -0.6457968319       -0.8359097135       -1.4145187231
       -0.9605140313        1.1347973400       -0.5542886623
        1.4850270229       -1.4613615103       -1.2907745528
        1.6091849336        0.1270297792       -1.0830759911
       -0.9603042172        1.6205074234       -0.3009947947
        0.7333561343       -1.5128875841        1.0258423088
