        1.4560320345        1.1165947371       -1.4745758028
       -0.3996563233       -0.9175097898        0.8562553204
       -0.8003354902        0.8032641310       -1.4465128286
       -1.4164209722        1.6963243934        0.8929911839
        0.9769168394       -1.0125634746        1.2050598779
        1.2398739062       -1.0702585094        1.6989063697
       -0.8089854348       -0.4759744699        1.5933530670
       -1.4494710261        0.5677866939       -1.7149414528
        1.5692975201        1.6541702465        0.4637034397
       -1.6955590913        0.4801282908        1.2673588881
        1.2449191154       -1.5639418315       -0.1307936273
        0.4008888931       -1.5617608810        1.1398505777
       -1.0345536043        0.1818171790       -0.5591109495
       -1.4845903993       -1.2402298895        0.6722212777
       -0.1320128503        0.9867272499        0.1936389792
       -0.9967162400        0.6611436464       -0.6674697797
        0.4130935266        1.2704575251        0.4326940644
        1.7032734970       -0.1940808212       -1.4035573075
        1.5876465214        1.6235220052        0.7788901990
       -1.0922854903       -1.1607751577        1.4676599532
       -0.4862765671       -0.7919847883       -0.7649237269
        0.6916502738        1.6193730719       -0.0324296475
        0.9353539608       -0.0193628793        1.6739414131
        1.0268363950        0.9443316755       -1.4999890168
        0.0759418923        1.1299542100       -1.7145951206
       -0.2599998346        0.0619847133       -0.0313242060
        1.4161494829       -1.4720973132       -0.1931275384
       -0.1149563793       -1.1085954566       -0.9067683169
        1.3790002614       -1.1605352723        0.3899797209
       -1.5210354664       -0.1427305833        1.2387481815
       -0.4180828887       -0.4809801969       -0.9258078661
        0.3089132429       -1.0171893010        0.0856322689
        1.3253585661       -0.7834482768       -0.9588680906
       -1.2163076588        1.5659889690       -1.2320298396
       -0.6078473412        0.5855648617       -1.0443340724
        1.6782254207       -0.6178377734        1.7261820134
        1.3645818235       -0.9311595543       -0.3238359900
        0.9183017822       -0.7793158407        0.8124688958
