        1.5226619305        0.2754319772       -1.7246545144
       -0.6127660771        0.0146445063       -0.9483703471
        0.9824139323       -0.2171447548        0.4610231950
        0.1659502614        1.3338916691       -1.3455995055
        0.0311808451       -0.2574464811       -0.9625121725
       -0.2400910918        1.1088507326        1.2799341873
        1.6285563631       -0.4101437962       -0.7784741471
       -0.8229413539        1.2201708430       -1.6390771384
       -1.4686346160        0.9771202995        0.4674016750
        0.4124586757        0.5242428663        0.5696117433
        1.1206334522       -0.1237639106        0.8143705899
        0.7115225865        0.4813350333        0.2033042012
        0.5256306388       -1.3810120253        1.0990477085
        1.7243931474       -1.4334221639       -1.4203021021
       -0.6338640651       -1.6179838832       -0.8448839940
       -0.0702030799       -0.9288922240       -0.4124262734
        1.3004246600        0.8150268837        1.6247803168
       -0.3279597509        0.8711998476        1.6112092490
        1.6655860057       -1.2669411715       -0.8887472472
        1.5761799400       -0.9821785006        0.1790031408
       -1.1882885317       -1.4036663739        1.4790930338
        1.1454829046        0.7234288516        0.1697530028
        1.1678927107       -0.1823873769        1.2015156241
        1.3554866720       -0.5016888283        0.0968099267
        1.1050251448       -0.4872715663       -1.6265363353
       -1.7318261482       -0.8289443724       -1.3626574137
        1.0433854192        0.1067992056        1.4937585596
        0.8963643444       -1.5157961240       -0.8587380250
       -0.6203259609       -1.5085749068       -1.2408758433
        1.1964420663       -0.7103380192        0.1961683701
        0.8433757683       -0.2608053480        0.0189548155
        1.0074170935        0.1808189762       -1.3133416053
        1.1274359882        1.2557062874       -0.4995874245
        1.3485326307       -1.3569231552       -0.8825170400
       -0.5080673259        1.6593553630       -1.0298637073
        0.3333504019       -1.3122943821       -1.1773459329
        1.1730377627        0.8192244325       -0.0768686074
       -1.0073750529        0.9389136696       -0.3937268314
