       -0.9706186305        0.0268549631        1.6422819658
        0.3773688013       -1.1567209633       -0.5394633559
       -1.6768502030        1.3828892601        1.5620584928
       -0.3326144114       -1.5733423263       -1.4037373244
        1.3735002053       -1.4634029004       -0.3552121628
       -0.8628790799        1.6697039352        1.0509254652
       -0.3477087164       -1.2531190685       -1.2066961062
        1.5824444658       -0.2910795716       -0.7328169563
        1.5325319934       -0.9618872890        1.6929081163
        1.1432168084       -0.0284639574       -0.1286707935
       -0.9090533299       -1.1638606061        1.0222790011
       -1.3267610258        0.9200337640       -0.0009715875
        0.2473942689       -0.4709655779       -0.5008398596
        1.0068730810        0.0155426035       -1.4239559192
        1.0989074013       -0.1778587672        1.0335387930
        0.5608482205        0.7793560972        0.9910371817
       -0.4895608863        0.3794830679       -0.5498423770
        1.1093786770        0.6684341123        0.9613464205
       -1.5970362811       -1.6793347966        0.1514042532
       -0.0462771810       -1.5294619872        0.4162389177
        1.5190256737        1.3184205493       -0.7421390497
        1.3566987119       -1.6936058715        1.7063284143
        0.7766143290        1.5423766193       -1.7027808085
       -1.5831691678       -0.8047054970        0.5656356309
       -0.8084802915       -1.6871260068       -0.0296639474
        1.5756680039       -0.5317672298        0.1824983016
       -1.0356122418        1.0181544901        0.8514539341
        1.6608079400       -0.5596976961       -0.1644060846
        0.2905868814        1.4304677862        0.8095945874
       -0.6825676335        0.0890886750        0.3555478679
       -0.8325822101       -1.3517671858        1.4169156642
       -0.9318735324        1.6809962859        1.1903331883
        1.1800251758        1.3885274006        0.8214628351
       -0.7950570786       -1.0952068447       -0.7081952524
       -1.4843911300        0.1177289496       -1.1322296638
       -1.1405208183       -0.6103853880        0.7430684039
        0.7013830120       -0.5543619760       -0.1220504860
        0.6643415261        1.2716141793        1.4809032927
