        0.3235508605       -0.7202241066        0.9580827812
       -0.3955240549        0.1619872877       -1.2355158847
       -0.2816252993       -0.0554341255       -0.1280833629
       -1.4899771530       -0.9325520950        1.4536800279
        0.7594586702        0.0382082954       -1.4903936968
       -0.1336408469       -0.4142903485       -0.7406572934
        1.3252446862       -0.9925814520       -0.3084624433
       -1.4239667350       -0.1282352796       -0.5791400536
        1.5094052603       -0.5564047130       -0.6466019743
       -0.5419586411       -1.5757349701        1.6567479965
       -0.2085726390       -0.0789788493        0.8691439413
       -0.7859439588        1.3529967681       -1.2801500004
        1.2353424832        0.7969146949        1.5803496257
        0.1904914233       -1.7100265222        0.5147948157
       -1.1693665339        1.4318338963       -0.5526148860
       -0.3207946050        1.2376675801        1.0829678474
        1.5284329935       -0.4462724896       -0.2635257072
        0.6823165532        1.3080213112       -0.7908033505
        1.5478438940        0.2917332715       -0.4043102353
        0.5186577209       -0.0557570161       -1.1251804368
        1.6633681346        1.0122273776       -1.4042553596
       -1.3135986283        0.0834065163        1.6690763756
        0.8390412658        1.0507255168       -0.5911203680
        1.4881594561        0.9282047797       -0.3768842750
        0.7003340838        0.0457332621       -0.0891906454
       -0.8568343983       -0.2012717428        0.3025034801
        1.4972293965       -0.6742451043        1.4006517776
       -0.3916222015        0.1526729193       -0.7217358085
       -0.6822588107        1.4529605652       -0.4402929320
        1.4573085612       -0.5201980956        0.4230832200
       -1.6948718922        1.0701231528        1.1318382908
       -0.7024077213        1.4559346469       -1.0409377123
        0.0540746291        1.7061248704        0.9288226350
       -0.9610848550       -1.3638672453       -1.1478354903
       -0.5453188453        1.4241844419        1.6297825725
       -0.3615649864       -0.9372749895        1.4431662631
        0.3443423470       -0.5726499441       -1.3967913550
       -0.3441245433       -0.3517809081        0.9433466711
