        1.2367030926       -0.5710625008       -1.1546431882
       -1.5537748295        0.8495154081        1.5966521379
        0.1975925985       -0.1498916770        0.9354074172
       -1.1846289898       -0.9955811917        0.5024053051
       -0.4922029312       -0.9009783306        0.8432285424
       -0.2464343384        1.2993315361        0.7561859799
       -1.4627305224        1.3768696558       -0.7304604540
       -0.1908156431       -1.3939656057        0.2404069348
       -1.2187411639        0.2959866432       -1.1891017315
        1.3248356191        0.4614365708       -0.0451800518
       -0.1269085017        0.5702318730        0.6172720970
        1.5049508095        0.6591868359       -0.0727258458
        0.9696045467       -0.6607119023       -0.7590715783
        0.7195824339        0.8216625108       -1.3425693170
       -1.2820789640       -0.8305841414        1.3663180106
       -0.6066662808       -0.1045573333       -1.6913208714
       -1.2213940730        0.1891345643       -1.1106070963
        0.6477696621       -1.1617380320       -1.2396816781
        0.5102032113       -1.3891280586       -0.4027289475
        0.1685449005        1.3338743364       -1.4846030895
        0.5245790472        0.6627099259        0.1771977486
       -1.1942622628       -0.2167889682        0.5954101925
        1.2412510499       -1.1346453233        0.8864689866
        0.3879679699       -0.1800071072        1.0096194837
       -0.0532470307        1.4691360911       -1.6544012615
       -0.3460294168        0.7081251197        1.6138506389
        1.2436055536        1.1188277810        1.1781252802
       -0.1997377156        0.4909974485       -1.0055178158
       -0.7329321428        1.1384303884       -0.2773216554
       -0.5653352156        0.1998086274        0.0720421988
       -0.8275417917       -1.2606610389       -1.6223305259
       -1.1222871261        0.9949477168        0.7040696155
       -1.5262988326       -1.6833506654       -0.4591557324
       -0.7028762536       -0.6733454408        0.8910906140
        0.8677796055        0.8356060929       -0.9648278925
       -0.6546872909        1.2486680068        0.8266979140
       -0.9445319658        1.2289524099       -0.7007984463
       -1.4347778986        0.0292078843       -0.7336411735
