        0.4844710781       -1.4183961430        1.2880433568
       -1.6929512457        0.6445280400        0.3370170479
        0.9633407694       -1.5961669406        0.9737050371
       -1.4252856265       -0.1510571468        0.5622713295
        1.3936831184        0.4871448365       -0.7558167240
        1.0518153807       -0.7940331760        0.5505614380
       -0.3902993547        1.4998828120       -1.1906722131
       -1.3609197652       -1.5974869742       -0.5128561962
        0.2629687238       -0.3426381670       -1.6183570605
       -1.0969866387       -0.9848196486       -0.1552822893
       -0.5635297266       -0.4783202257       -1.1056402304
       -1.6285634430        1.3346493509        1.2472053963
        0.3690174654       -0.6229511731        0.6343630512
       -0.9119297854        0.6706748006       -1.5693997196
        1.3715694464        1.6394682599       -0.4007577805
       -0.5553865820        0.8584679763       -0.7748632933
        0.5275889930        0.5022228766        0.7430618063
       -1.1846972109       -1.5739300102        0.4500594146
        0.5534561521        0.2880498686       -1.0542889955
       -1.3989258515       -0.3863166189       -1.2937243606
        0.4393829254       -1.5467484778       -0.3760378470
       -1.4779912491        1.6333933343        0.4084343236
        0.2284216730       -0.1889772549       -0.8891235797
       -1.5599158518       -0.8571305099        1.1979592818
        1.0787967082       -1.4505753304        0.8488929055
        1.4766479402        0.3987655028       -0.0162445737
       -1.4594360246        0.0602313806        0.1363584122
       -1.3827882060       -0.0219356674        0.8248289738
        0.7911421510        0.1228530813       -0.3188853454
        0.0250286296       -0.5404410853       -0.7649702519
       -0.2653385390        0.3527965776       -1.0373058012
        0.4404571438       -1.5211475606        0.9276882270
       -0.8892702491        1.4863190596        1.5041337705
        1.7261261099       -1.2914902698        0.4737578667
        0.7989806573        0.1871748212        0.4429527677
       -1.2172421700        0.4706842891       -0.7361599874
       -1.1557486959        1.0573252364        1.6610492740
        1.5089640393       -0.8494982979        0.6234734830
