        1.3444316548       -0.2188912705        1.0579432707
        1.5801880336       -1.1525956361       -0.1037170753
        0.4030478683        1.3647247811       -0.0801258572
       -0.1097167079        1.7068652001       -0.8039000949
       -0.3372131909       -0.3810400575        0.2965564346
        1.1126026325        0.2020824520        0.2919252866
       -1.7241306834       -1.6105937457       -0.7590624869
       -0.5434961268        0.7230313762        0.2413293397
       -0.0631843872        0.7642277993        0.5717652889
       -0.4407786778        0.9836399916       -0.9963638491
        0.0428648432        1.2204051116       -0.0296679092
        0.6744381873       -1.6921572111        1.5392002276
       -0.4200038288       -0.6182284093        0.3756390246
       -1.1066504218        0.8347415853        0.7421291114
       -0.4538283278       -0.1474613820       -0.5121653095
       -0.8650286088       -1.0198131227       -0.2545458115
        0.8602465507       -1.1285700316       -0.7723637367
        0.6252283739       -1.2659403571       -0.7297728177
       -0.4720134415       -0.0671548699       -1.0347024416
        1.5930816003        0.7143490036        1.5439233754
        0.8286184846       -0.8437823932        1.6458929002
        0.3301569162       -0.8366490641       -1.0522205506
        1.4877559396       -0.4186237444       -0.5124951219
       -0.0208642122       -0.7905519153       -0.4225379574
        1.3424391739       -0.7120668086        0.3555396217
       -0.6843124829       -0.6549530989        0.8438970635
       -0.8531545669       -1.5962414996       -0.5726360505
        1.7152030102       -0.4320486284        1.4361251500
        0.1707394881       -0.7572542701        1.3459337636
       -0.9046585912       -0.2718573907        0.8810728043
       -1.0468019479       -0.1871383071        0.2986503294
        0.1880130369       -0.3311675786        1.6934105544
        0.5462939662        1.6705767422        1.4460623548
        0.0923178649        0.0140407705        0.6936972855
        0.9023783513       -0.8579098395        0.8081226419
        0.5252180067        1.5461171500        0.4360793635
        1.0478989529       -1.5507916403       -0.6251908920
       -0.9631225414       -0.0071855717       -0.4376678747
