        0.8221043141       -1.1941351861        0.9613943666
       -1.3926339836        1.5851864082        1.3216436465
        0.4031679264        0.0206848986       -0.2855184420
       -1.6483127585        1.1151466493        1.4799976834
        1.0452110703        1.1338635741        1.4459619862
        1.6102723697        1.2061457026        0.2605791675
        1.2409300434       -1.3728820855        1.4644878992
       -1.6267603108       -1.4799945104       -0.1775595649
       -0.2243464551        0.1660371219       -1.0445857383
       -1.1305719362       -0.9251734846        0.3719624468
        0.7807613136        0.9352509177       -1.6782718489
        0.9512096948        0.3675452553        1.2868934309
        0.3713068838        0.2314538359        0.3516468532
       -1.7145412351        0.8399265598       -1.0325924642
       -0.6709852397       -0.9527300542        0.2669898545
        1.5667979054        1.1935050617       -0.1414939162
        1.1897757097       -1.2149129339       -1.3309562921
        1.7077866017       -1.5820266766       -1.6521165824
        0.5709738062        1.0125774521       -1.1782007345
       -1.5981660578       -0.2377049359       -1.6982713575
       -0.9976957260       -1.5878477747       -0.7689851867
       -1.4563556881        0.1523865573        1.3506031355
       -0.2318280214        0.2290925991       -0.8713183442
        0.4164977715       -0.9280822633       -1.2667428556
       -0.3842395729       -0.7719165343        0.8850000270
        0.4316094625        0.2213524532       -0.5738874064
       -0.2432672479       -0.8485916723        0.9779774223
        0.7782440306        0.7952865047       -1.1848415719
       -0.5002762899       -0.5406426967       -0.9325166407
       -0.1744540318        1.2275781520        1.5273529212
       -1.4898829787       -0.6568824125        0.4812931379
       -0.7419970923       -0.8080456955        1.4899381886
       -0.7765683154       -0.0977827862       -0.9277173628
        0.7539757855        1.1746848148       -0.2832188885
        1.4478098223       -1.4511213093       -0.3931010785
       -1.3559437466       -0.8290910288       -1.7204740370
       -1.7216821748       -0.8726561218       -0.6171695620
       -0.9818249708       -0.6715213189       -0.8242422884
