       -0.2971463445       -0.1761282582        0.6278025460
       -1.5357480979       -0.7827891795        0.8245989557
       -0.4742351292        0.6787834539        0.4280004347
        1.0959168046        1.0404115794       -0.5875378274
        1.0268918742       -0.8323227158       -1.1694385603
        0.4248119658       -1.4338713052       -0.7993436576
       -0.0447449912        0.1368948221        0.7174434047
       -0.5219574678       -1.4219883977        0.5052608128
        0.2998983042       -1.6968910989        0.3201949794
        0.1998962783        1.2690891260       -0.6644388169
        0.8174838820        0.5586813524        0.9457155200
        1.4054402736       -1.4801200772        1.4480328347
       -1.5114974275       -0.9721091508       -0.8359137462
        1.4054225069        0.4160795533        0.7280128616
        1.1072968079        0.6799094964        0.9175691454
        1.4186843278       -1.5352805495        1.3425351629
       -1.1965165511        0.3012809422        0.9315116355
        0.4648327583       -1.6900953976       -0.5218167298
        1.1835734817       -0.5957642595       -0.8055627505
       -1.5477560269        1.5799358645        0.7278928665
        1.7078604638       -1.6523457343        1.3170520743
        1.6431941969       -0.8168279173        1.0901494937
       -0.4207414178        1.6192456162        0.0749008778
       -0.4664202451        0.0848925522       -0.4010682922
       -0.7259470670       -1.3318986091       -0.8877661094
       -0.3929389799       -1.2133501210        1.3467912768
       -0.1686388973       -1.6564549869       -0.1921051552
       -0.4495805681        0.3869565139       -0.7437987243
        0.3907250238       -1.1189756440       -0.3190159628
        0.1229494978        1.6408586520       -0.6788264688
       -0.0159798240       -0.7728394102        1.7142587913
        1.1994231311        0.1984053047        0.7645357478
       -0.1952858764       -0.8903860838        1.5282553769
       -0.4264667882       -0.9253561034       -0.0290000157
       -1.1184204527       -0.2328735831        0.5285131836
        0.2603961083        1.0810363674       -1.3840356453
       -1.0211873176        1.1938181333       -0.3264835856
       -0.3875812087       -1.0098019379        0.2995506397
