        0.0546582447       -0.5568711467        1.6619714353
        0.0445455445       -0.2832012122       -1.1720868156
       -0.6322461165       -0.0871535268        0.1787661251
       -0.1335928314       -0.6781737610        1.7025908501
        0.5256583969       -0.0747209706       -0.9021761495
        0.2921989648       -1.6843441418       -0.0772808556
       -1.1917118274        1.7032750375       -0.2814295031
       -0.6251798842       -0.7913124458       -1.4990253375
        0.6218151037        0.6541907423        1.1461644482
       -0.6362466754       -0.4322954324        1.0827758839
        0.0007092655        1.2815587947        0.6051029985
        1.1489800963        0.8228069861        1.6177657069
        0.4310174765        1.6335327576        1.0497403882
        0.2838122795       -1.2367840459        0.3871382503
       -1.6577265453        1.4443322620        0.6742499388
       -1.4580266625       -1.3979801437       -0.3921915606
        0.1641130298       -0.5017747112        1.2884965293
       -0.9499653913        0.3348562111       -1.2938240097
       -1.5133413389        0.3554303214        0.3623797719
       -0.4114907814        0.1189514118        0.4297455519
       -1.5787392297       -0.3481254780        1.1481392189
       -1.3237362089        1.6062273361       -0.5001230585
        0.0816235300        0.2233674175       -0.3482109222
        1.5517656692        0.9047669091       -0.0349425542
       -1.5317912813       -0.8894812165       -0.3833442390
       -1.7002818180       -1.1342929582       -0.7781147682
       -1.3682456418       -0.6897984970        1.4926365483
       -1.1105598051        1.3356461649        1.0423375362
       -0.1255421012       -1.7042401154       -0.8509513847
        0.8266266022       -1.5738906442        1.2640594090
        0.0624287169        1.0674260432        0.2006155539
        1.7298558248        0.3592433851       -0.5180089748
       -0.9886492546       -1.1080884470        0.8925210739
       -1.1877786702        0.5319792586       -1.4869531007
        0.3790129934       -0.0601050153        0.6214988058
       -0.0239875959       -0.3901670548        0.7081455464
       -0.5991424981        1.5283201993       -1.2622922633
        0.6261866912        0.0066673108       -1.4810801399
