108 14890 0.26
3206 404753 6.64
37 5072 0.09
2335 323248 5.30
90 14677 0.24
265 39777 0.66
2698 351707 6.63
4471 622675 10.19
710 102757 1.81
3583 481999 8.57
5330 733507 11.98
7538 1047964 17.15
2991 411957 6.71
726 85315 1.42
3837 527671 8.68
2711 372004 6.14
7944 1088400 17.72
248 36051 0.59
363 52763 0.88
1645 232987 3.86
1377 201298 3.27
3725 494551 8.16
4098 537559 8.85
1337 189706 3.09
1812 253365 4.15
1910 256397 4.22
1289 175124 2.94
798 99339 1.63
500 72888 1.20
1778 260442 4.30
1477 210926 3.56
9499 1300629 22.27
17 3285 0.06
669 85829 1.46
432 60532 1.00
1250 182063 3.06
8364 1101427 18.78
9265 1302454 21.90
9303 1313581 22.78
1646 217748 3.70
644 89932 1.53
5223 727899 12.42
5128 698728 12.67
287 40778 0.75
619 73336 1.28
802 108135 1.79
2187 319366 5.37
516 62437 1.08
6314 812916 16.04
113 15263 0.27
1526 195241 3.76
47 6702 0.12
4233 595883 10.62
437 60751 1.13
1356 205828 3.64
644 80451 2.20
141 20790 0.44
3459 479183 11.20
4676 644064 11.69
567 80983 1.35
695 81756 1.40
1890 274446 4.59
164 27345 0.46
1029 143223 2.36
2016 239808 4.06
659 96488 1.58
2623 360526 6.02
953 134245 2.17
538 76848 1.28
2938 391009 7.40
1512 199661 3.34
201 24723 0.42
1030 151394 2.56
17242 2392705 40.32
3898 531618 9.14
983 134357 2.24
659 91208 1.48
3884 537142 8.82
2541 374479 6.37
174 24147 0.40
6446 900318 14.72
2348 302923 5.16
1510 206518 3.38
10135 1438688 23.91
483 71021 1.20
3473 482303 7.83
9078 1245950 21.03
2684 333341 5.48
1526 195675 3.26
1567 234619 3.85
749 97796 1.63
4349 592628 9.82
3721 512589 8.82
7020 973940 16.22
2197 274563 4.60
8647 1185992 19.60
4028 514127 8.76
1899 287955 4.87
2416 359742 5.90
12264 1692665 28.00
