         1    -38.74734683    
         2    -38.74734683    
         3    -38.74734683    
         4    -38.74734683    
         5    -40.10271486    
         6    -40.10271740    
         7    -40.10271740    
         8    -40.10271740    
         9    -40.10271740    
        10    -40.10271740    
        11    -40.10271888    
        12    -40.10271888    
        13    -40.10271888    
        14    -40.10271966    
        15    -41.25224589    
        16    -41.25224589    
        17    -41.25224589    
        18    -41.25224589    
        19    -41.25224589    
        20    -41.25224589    
        21    -41.25224589    
        22    -41.25224589    
        23    -41.25224589    
        24    -41.25224589    
        25    -41.25224589    
        26    -41.25224589    
        27    -41.25224589    
        28    -41.25224589    
        29    -41.25224589    
        30    -41.25224589    
        31    -41.25224589    
        32    -41.25224589    
        33    -41.25224589    
        34    -41.25224934    
        35    -41.25224934    
        36    -41.82554167    
        37    -42.02609652    
        38    -42.02609652    
        39    -42.02609652    
        40    -42.02609652    
        41    -42.02609652    
        42    -42.02609652    
        43    -42.02609652    
        44    -42.02609652    
        45    -42.02609652    
        46    -42.02609652    
        47    -42.02609652    
        48    -42.02609652    
        49    -42.02609652    
        50    -42.02609652    
        51    -42.02609652    
        52    -42.02609652    
        53    -42.02609652    
        54    -42.02609652    
        55    -42.02609652    
        56    -42.02609652    
        57    -42.02609652    
        58    -42.02609652    
        59    -42.02609652    
        60    -42.02609652    
        61    -42.02609652    
        62    -42.02609652    
        63    -42.02609652    
        64    -42.02609652    
        65    -42.02609652    
        66    -42.02609652    
        67    -42.02609652    
        68    -42.02609652    
        69    -42.02609652    
        70    -42.02609652    
        71    -42.02609652    
        72    -42.02609652    
        73    -42.02609652    
        74    -42.02609652    
        75    -42.02609652    
        76    -42.02609652    
        77    -42.02609652    
        78    -42.02609652    
        79    -42.02609652    
        80    -42.02609652    
        81    -42.02609652    
        82    -42.02609652    
        83    -42.02609652    
        84    -42.02609652    
        85    -42.02609652    
        86    -42.02609652    
        87    -42.02609652    
        88    -42.02609652    
        89    -42.02609652    
        90    -42.02609652    
        91    -42.02609652    
        92    -42.02609652    
        93    -42.02609652    
        94    -42.02609652    
        95    -42.02609652    
        96    -42.02609652    
        97    -42.02609652    
        98    -42.02609652    
        99    -42.02609652    
       100    -42.02609652    
       101    -42.02609652    
       102    -42.02609652    
       103    -42.02609652    
       104    -42.02609652    
       105    -42.02609652    
       106    -42.02609652    
       107    -42.02609652    
       108    -42.02609652    
       109    -42.02609652    
       110    -42.02609652    
       111    -42.02609652    
       112    -42.02609652    
       113    -42.02609652    
       114    -42.02609652    
       115    -42.02609652    
       116    -42.02609652    
       117    -42.02609652    
       118    -42.02609652    
       119    -42.02609652    
       120    -42.02609652    
       121    -42.02609652    
       122    -42.02609652    
       123    -42.02609652    
       124    -42.02609652    
       125    -42.02609652    
       126    -42.02609652    
       127    -42.02609652    
       128    -42.02609652    
       129    -42.02609652    
       130    -42.02609652    
       131    -42.02609652    
       132    -42.02609652    
       133    -42.02609750    
       134    -42.02609750    
       135    -42.02609750    
       136    -42.02609750    
       137    -42.02609750    
       138    -42.02609750    
       139    -42.02609750    
       140    -42.02609750    
       141    -42.02609750    
       142    -42.02609750    
       143    -42.02609750    
       144    -42.02609750    
       145    -42.02609750    
       146    -42.02609750    
       147    -42.02609750    
       148    -42.02609750    
       149    -42.02609750    
       150    -42.02609750    
       151    -42.02609750    
       152    -42.02609750    
       153    -42.02609750    
       154    -42.02609750    
       155    -42.02609750    
       156    -42.02609750    
       157    -42.02609750    
       158    -42.02609750    
       159    -42.02609750    
       160    -42.02609750    
       161    -42.02609750    
       162    -42.02609750    
       163    -42.02609750    
       164    -42.02609750    
       165    -42.02609750    
       166    -42.02609750    
       167    -42.02609750    
       168    -42.02609750    
       169    -42.02609750    
       170    -42.02609750    
       171    -42.02609750    
       172    -42.02609750    
       173    -42.02609750    
       174    -42.02609750    
       175    -42.02609750    
       176    -42.02609750    
       177    -42.02609750    
       178    -42.02609750    
       179    -42.02609750    
       180    -42.02609750    
       181    -42.02609750    
       182    -42.02609750    
       183    -42.02609750    
       184    -42.02609750    
       185    -42.02609750    
       186    -42.02609750    
       187    -42.02609750    
       188    -42.02609750    
       189    -42.02609750    
       190    -42.02609750    
       191    -42.02609750    
       192    -42.02609750    
       193    -42.02609750    
       194    -42.02609750    
       195    -42.02609750    
       196    -42.02609750    
       197    -42.02609750    
       198    -42.02609750    
       199    -42.02609750    
       200    -42.02609750    
       201    -42.02609750    
       202    -42.02609750    
       203    -42.02609750    
       204    -42.02609750    
       205    -42.02609750    
       206    -42.02609750    
       207    -42.02609750    
       208    -42.02609750    
       209    -42.02609750    
       210    -42.02609750    
       211    -42.02609750    
       212    -42.02609750    
       213    -42.02609750    
       214    -42.02609750    
       215    -42.02609750    
       216    -42.02609750    
       217    -42.02609750    
       218    -42.02609750    
       219    -42.02609750    
       220    -42.02609750    
       221    -42.02609750    
       222    -42.02609750    
       223    -42.02609750    
       224    -42.02609750    
       225    -42.02609750    
       226    -42.02609750    
       227    -42.02609750    
       228    -42.02609750    
       229    -42.02609750    
       230    -42.02609750    
       231    -42.02609750    
       232    -42.02609750    
       233    -42.02609750    
       234    -42.02609750    
       235    -42.02609750    
       236    -42.02609750    
       237    -42.02609750    
       238    -42.02609750    
       239    -42.02609750    
       240    -42.02609750    
       241    -42.02609750    
       242    -42.02609750    
       243    -42.02609750    
       244    -42.02609750    
       245    -42.02609750    
       246    -42.02609750    
       247    -42.02609750    
       248    -42.02609750    
       249    -42.02609750    
       250    -42.02609750    
       251    -42.02609750    
       252    -42.02609750    
       253    -42.02609750    
       254    -42.02609750    
       255    -42.02609750    
       256    -42.02609750    
       257    -42.02609750    
       258    -42.02609750    
       259    -42.02609750    
       260    -42.02609750    
       261    -42.02609750    
       262    -42.02609750    
       263    -42.02609750    
       264    -42.02609750    
       265    -42.02609750    
       266    -42.02609750    
       267    -42.02609750    
       268    -42.02609750    
       269    -42.02609750    
       270    -42.02609750    
       271    -42.02609750    
       272    -42.18920055    
       273    -42.18920055    
       274    -42.18920055    
       275    -42.18920055    
       276    -42.18920156    
       277    -42.18920156    
       278    -42.18920156    
       279    -42.18920156    
       280    -42.18920156    
       281    -42.18920156    
       282    -42.18920156    
       283    -42.18920156    
       284    -42.18920156    
       285    -42.18920200    
       286    -42.18920200    
       287    -42.18920200    
       288    -42.18920200    
       289    -42.18920200    
       290    -42.18920200    
       291    -42.18920200    
       292    -42.18920200    
       293    -42.18920200    
       294    -42.18920200    
       295    -42.18920200    
       296    -42.18920200    
       297    -42.18920200    
       298    -42.18920200    
       299    -42.18920200    
       300    -42.18920200    
       301    -42.18920200    
       302    -42.18920200    
       303    -42.18920200    
       304    -42.18920200    
       305    -42.18920200    
       306    -42.18920200    
       307    -42.18920200    
       308    -42.18920200    
       309    -42.18920200    
       310    -42.18920200    
       311    -42.18920200    
       312    -42.18920200    
       313    -42.18920200    
       314    -42.18920200    
       315    -42.18920200    
       316    -42.18920200    
       317    -42.18920200    
       318    -42.18920200    
       319    -42.18920200    
       320    -42.18920200    
       321    -43.37766304    
       322    -43.37766888    
