     -2.24066951429098848436      2.35131106443937598627      1.05162816187445762317
     -1.80654735963545354238      2.22127653172077632604      2.04192486193100330993
     -0.98774691855889729108      2.92729113523147566056      2.17414002361044866873
     -2.56854926396844884806      2.39782953454474867527      2.79977195562342906499
     -1.28481029572868687971      0.80912232993824606542      2.17628753153918630403
     -0.09376905469058158249      0.60623048132465917615      2.41346819213148755523
     -2.17595053722239040184     -0.17025109722786069266      2.02510127633668135516
     -3.13198515755794026916      0.08392777580051420661      1.82568531927479971166
     -1.84741554327373447286     -1.59620002832174878726      2.11241106934943534412
     -1.36195697722467179425     -1.77280290701549159138      3.07440657783108495238
     -3.14976530776589003224     -2.40731057984552609952      2.08879201744517706274
     -2.92471416606973955155     -3.46887294446628979827      2.20158150828630905238
     -3.66983257710893262526     -2.25309736667804694221      1.14185774024706088170
     -3.79638688060858831008     -2.09618189651647757188      2.91065794911588415772
     -0.87173491134793845703     -2.04424926367231707403      1.00230836715455406960
     -0.91118698266632425220     -1.53367702054708043846     -0.12111543764564154657
      0.00957760642781236779     -3.00140367868428770137      1.31979986011528360734
     -0.03541221398071165566     -3.38634605521007081563      2.25369285498682803137
      1.04634393247011092676     -3.54268835238842871860      0.42565417873976124641
      1.72220614896475843203     -4.11916176555396429393      1.05962326065864531621
      0.39920933253587698175     -4.54489798553835555595     -0.54537612916580979761
     -0.18021494722439099223     -5.28145253544388104672      0.01283007718168854144
      1.17305021157357236561     -5.06585641860333080189     -1.11050406437113857727
     -0.25860059967137732917     -4.02242504746626572398     -1.24095988316834171528
      1.94974288993919753210     -2.47695774085082076610     -0.25336326695999433767
      2.46867916348445382013     -2.69340040143920678162     -1.35373767407772538363
      2.13221623377693214607     -1.31470353819730401135      0.38803965918687188807
      1.68687571920530476888     -1.19586440884235312154      1.28702588166735365505
      2.95895183957677287978     -0.20815565382417752782     -0.10687449438131227386
      3.83026549943934790932     -0.62745500573829204871     -0.61323863282242585537
      3.46586890280860648872      0.57807286453128448045      1.10953058970562379315
      4.14948743820164711593      1.36221129042900579442      0.78154022067775374971
      3.99860888776000633626     -0.08899381868092885728      1.78878025054755296352
      2.62735306051642059089      1.03642594183059610913      1.63564164185583504896
      2.25006890312594709513      0.71536367175570481081     -1.12738613551092492493
      2.91539122270058781439      1.52606956847183750092     -1.78152065083706712123
      0.92366544362469116258      0.61206991416799094718     -1.28278493643252922141
      0.42809870624387857951     -0.08289081750678689575     -0.73866691995106059654
      0.13204556550499690903      1.46346883019722340258     -2.17750113919732646295
      0.59893350426651104090      1.44377494743410839106     -3.16435111334477658929
     -1.27204700377391999311      0.86013221760564861906     -2.31643593193306696065
     -1.78104571947464851434      0.87248640589221626573     -1.35148546725758533782
     -1.85551910467028879914      1.44014331378564386377     -3.03256301692201368780
     -1.20095507774423237990     -0.16809289054550383136     -2.67397885097909515650
      0.07375460911042137913      2.94169904851661234702     -1.72140949188976244422
      0.23258990933546078161      3.25741688330341405688     -0.53589930439192179357
     -0.18472330482342452784      3.85314251000281382531     -2.66958823643095444211
     -0.31441206825663919888      3.51905846243588271705     -3.61560330582267219768
     -0.29545087068888425952      5.29411677167553929024     -2.43666693774035181264
     -0.50914095886532928503      5.81060621465396121010     -3.37453659266379446535
      0.63987150960452332527      5.68099640362622082534     -2.02672140891124152873
     -1.10231292330478591879      5.49914510548929680311     -1.72991200426566393844
