      0.50483144445392769128      2.01467811185096534743      4.74566159306015045161
      1.03546395225945753182      1.42513350958817097691      3.99899454059231818093
      1.89260912037324824375      1.98824552722988823206      3.63146148658658685093
      1.37564222752960185758      0.49250033886273475447      4.44745007114106893908
      0.10162064017793055737      1.11788767539847588850      2.85236293118574035788
      0.37678117810354166961      1.49065564920862581033      1.71294909575039921990
     -0.99394317257777498043      0.41689016047806948251      3.14468538060823421532
     -1.14378470752117733511      0.15309694463764259020      4.10822860002257161938
     -2.04123095959685052492      0.08811110979126635101      2.17014040649448158860
     -2.39972781057872364130      1.01790091329115717222      1.72469368585377247349
     -3.20901258957251789283     -0.55744551431429534283      2.92719634497357361624
     -4.02352065133321712409     -0.76876686453210985039      2.23279332101359129226
     -3.57371253299422031446      0.12314348060773459836      3.69801183584274717475
     -2.88689178124997392061     -1.49074343323684299634      3.39204564304072864189
     -1.54790529802161147543     -0.81496714501885114679      1.01783056363949309109
     -2.02201522922045873187     -0.68550075385739728251     -0.11408307556154093088
     -0.56469038507373903180     -1.68720564560218777572      1.27782656835598662504
     -0.24434851458334383434     -1.76898619932921064013      2.23258861013773968196
      0.09569112560202173989     -2.49877469952866348990      0.25072750042140462545
     -0.66746622828117385673     -2.94694448052327384602     -0.38852741227888076825
      0.85737705111047723960     -3.63637366975078446529      0.94329405097691876314
      1.62861487083568068357     -3.23272378019510409075      1.60128436405752272442
      0.16471774863450899806     -4.24210930141562858608      1.52956138739053648656
      1.32855611345590318706     -4.27115715276864182925      0.19141135312972043514
      1.01639164841436890896     -1.64668574108619036878     -0.64832109383585001527
      0.95526234051190528351     -1.75490292110638335110     -1.87553502325240195603
      1.81698122747604728922     -0.75629517079989316830     -0.04375938745443655464
      1.80725075964249870530     -0.73865531164794995256      0.96606666963686671501
      2.63576986274996105664      0.26280404545491359292     -0.71744807413939293284
      2.98835368762833297751      0.93830625669737588446      0.06401427282908636607
      3.88736058166585918272     -0.39552837468217649786     -1.32182849774067023851
      4.56028996040958567448      0.37361392659901909719     -1.70283286552781354395
      4.41011184786487309140     -0.97012762624716175619     -0.55614064235166194017
      3.60698212048474831093     -1.05921912727218781036     -2.14039924758713739905
      1.82641563561280140249      1.15853360725847509549     -1.68877396719752770338
      2.27335351797916329630      1.48363416484362242720     -2.79385184082319604215
      0.60394909465573931584      1.52479613528609325712     -1.28621370301566328997
      0.33377471823804183426      1.28124463371558006131     -0.34031371876235411156
     -0.33553780409698713560      2.33828216515697517863     -2.06526805153787718083
      0.22615421004255117921      3.14152301506427367173     -2.54547021564781061898
     -1.31958916171875362267      2.98256345617211326982     -1.07883581742112166779
     -1.91904490937143545892      2.21243851367966959387     -0.59180379558577400623
     -1.98279144494890102735      3.66487514630790034431     -1.61197171967118646485
     -0.77263458795591666295      3.54664820212100995178     -0.32190418849035490334
     -1.07150818050122609293      1.57149343880093295134     -3.19419134245349400913
     -1.79736047669707033059      2.18793764211978203349     -3.98282527481237558220
     -0.90080191747072380082      0.24460739728143110483     -3.29139043112617946107
     -0.28544293227487699260     -0.19757147443857686619     -2.61978430396129757796
     -1.53120782864310789328     -0.61451416845075024220     -4.29314203310281339299
     -1.20550920069520861588     -1.64730118538211955936     -4.15496301633594722347
     -1.25285191506621718105     -0.28811961437384003837     -5.29729068682808801327
     -2.61777646586757084535     -0.57092581194367886255     -4.19441085023839121959
