     -3.57214227320153288048      2.26056532392742548510      2.85844069311798243405
     -2.62833829339336366715      2.02904475624701818859      3.35062785708869181889
     -1.82910294289916874888      2.61344803697424499234      2.89669426352566627969
     -2.70095685400690710409      2.27178703979243978850      4.41010436391104132525
     -2.32647515666463222672      0.55637480294381891355      3.18516717599519560977
     -2.17596767110182165439     -0.15812025857476835755      4.17643395635834302482
     -2.23617252112685527266      0.11075235875391359341      1.93289745421551595328
     -2.37078304481995516539      0.77918328900462086040      1.18789209522104100003
     -1.93719153269725641309     -1.27128949104646848944      1.53994028009159067416
     -1.42631450011276483814     -1.77654976325178370899      2.36185710578413354810
     -3.26344307222962681792     -2.00139049002817070999      1.27903725916040822419
     -3.79666708780298201020     -1.52548606513221374215      0.45437636839818285051
     -3.07087658137699692773     -3.04450063455517083710      1.02427695518814565467
     -3.88622525167814947267     -1.96948046048832647870      2.17420903380368990554
     -1.00295918405985551303     -1.33055241565198656417      0.31368887546782586728
     -0.86998384130704553563     -0.35492982360234609507     -0.43175701380665448825
     -0.33358565307379250964     -2.46932120199358218215      0.10327927012704508913
     -0.48230923773982614655     -3.23498557293749211539      0.74663278611401528995
      0.51570173458114831888     -2.72202682226283076972     -1.07013157515916446094
     -0.09224791217951215649     -2.58631922104047795585     -1.96661306551727754766
      0.96372869561400886784     -4.18836477196637790854     -1.01805930270200684085
      1.57447867324907120334     -4.36364874243518219288     -0.13081208467662963635
      0.09146602157064398497     -4.84326340897686336007     -0.99205564333335283234
      1.55155436876681784852     -4.42424911867100156826     -1.90638342455705411815
      1.72763847472168463604     -1.76815656746179161729     -1.19255083290570729204
      2.22029455706255607339     -1.53240028267622729885     -2.29939435086450050250
      2.18115241175871155122     -1.17986043246077798585     -0.07792687244764116838
      1.76437775653056050373     -1.45239891320567826583      0.80097931172482939033
      3.24090774405010906278     -0.16525579413285193531     -0.04712438492495837905
      4.04411966681143919544     -0.48131824998173916574     -0.71530653921712650245
      3.80526378205537474386     -0.12194728807746693655      1.37906783418293144017
      4.16397290670269715207     -1.11125974794688930913      1.66721553430706448395
      4.64012930340534612839      0.57896565401592969824      1.42231917059564194616
      3.03341523287723857649      0.20166055251965131490      2.07935354476605382956
      2.78009821099253562338      1.23630793393896198928     -0.51794483270502156280
      3.62117990583261084581      2.07408598027678126030     -0.85862538797995657802
      1.46493348404458756384      1.49584526102982762197     -0.55033798568799419115
      0.83430776370130887987      0.76132510017435617300     -0.25651149564606778863
      0.86079959528714855566      2.76943742515965185547     -0.96465720435719093384
      1.64060489078926940998      3.52525230101357189838     -1.07051946958357380169
     -0.07678205237900408153      3.23036346761212200818      0.15921391972835075013
      0.47885279307726391629      3.31842564738177792094      1.09402443322722930930
     -0.49839627423531823736      4.20452818636637015715     -0.09236351334622812381
     -0.88951956858940428585      2.51441210157675021364      0.28794083128136910288
      0.12606876864321073239      2.68947895561327188219     -2.32286642424380085359
      0.08786351959377609877      3.67889469181089001637     -3.06236131167668368391
     -0.43787038627137386815      1.52342803590704578554     -2.67059057046121894885
     -0.41380064437150410050      0.77373054908545935149     -1.98805890202560231472
     -1.13887553010746023219      1.26932787211974362762     -3.92912688452193581412
     -1.98330300781641555297      1.95377778878435703902     -4.03353566155608778132
     -0.46025002972651080091      1.41302553964741406389     -4.77246033419266968423
     -1.51237015675008357185      0.24364688688104982339     -3.94759530528587987419
