     -3.55470975566002156398      1.31842428927532329119     -0.92193992244595013297
     -3.41497693250519196440      1.54652028790268247782      0.13394779940353729319
     -3.04549661225390400077      2.56435391188147043806      0.24722055997125241822
     -4.36798152816671070298      1.45341226442890136816      0.65371438379383484119
     -2.42212733622540099532      0.57251506064428647758      0.72658080218664766736
     -1.29738412730445085153      0.95560816598680120570      1.04949901330063810612
     -2.83969423056598824218     -0.68564887223041903752      0.86130396198166914168
     -3.77470116783419440409     -0.90497999480723989585      0.55107891332491187875
     -2.04482717830732108055     -1.77210851318502449203      1.44314628733520544657
     -1.70568321688460322605     -1.45007448282870776701      2.42989094972057761979
     -2.95803423444601421011     -2.99079615368322926372      1.63768592364686282892
     -2.40573952170312344023     -3.79423384981834788121      2.12728839047857709588
     -3.80988628838705745139     -2.72072780982951378803      2.26377137982742082656
     -3.31929114794538948630     -3.34602941181653168456      0.67107664711678272074
     -0.78846145156220126538     -2.12287068550527546762      0.61419082927381385417
     -0.70918330847014365848     -1.84578864022448341231     -0.58764737191683746875
      0.21405522102345961311     -2.72619696143445144898      1.26406155094158467733
      0.08512367117321339993     -2.94911076174466924016      2.24183221069328730835
      1.48046811945896306106     -3.12511239681518571132      0.63404028511271204316
      1.25288669982061007246     -3.73543337682433307378     -0.24194418429408259819
      2.25086092120772729430     -3.99691391316862798533      1.63407997394352899612
      3.17358403417336765173     -4.35405042495589089668      1.17442460121190705991
      1.64572052678098046385     -4.85879523899797671760      1.91935154133748020477
      2.49888421287905959645     -3.41776845343467083893      2.52514862087818237057
      2.33444331253534897996     -1.92873268890302340672      0.15133413314120242044
      3.15929544736760226087     -2.07896524340786914564     -0.75465302905873965500
      2.11334487438218054933     -0.73541748980731980190      0.71809284615640123217
      1.45008183823565639514     -0.69359538499481609986      1.47879395018709880461
      2.74577235216607995483      0.52195607403552590764      0.30580287464606248360
      3.77358645319963770248      0.31286574005076034366      0.00380092598212605727
      2.79653569379435573694      1.44148797533820860473      1.53364991526769389729
      3.32430993291457976824      0.94428109758497513759      2.34887174355450500940
      1.78466424993308581115      1.69156201361836067143      1.85690044720127223066
      3.32713228365588875590      2.36129094982775544764      1.28392356945124208600
      2.05202718026629593595      1.20825246760795090850     -0.89674240173103791918
      2.56767415553798272754      2.20566723887945137506     -1.41103088592485148567
      0.89381702282233421730      0.69640164848296404188     -1.34194474244288874942
      0.54428327197535608661     -0.13445193516025447100     -0.88249455262170861669
      0.05134289035761090136      1.25610314405874312627     -2.40834539247929368955
     -0.89817560396336948436      0.72105532405658989692     -2.35268099760369597817
      0.66255372164841508376      0.91108019758377567499     -3.77693510380962038653
      0.84971063425516746292     -0.16171409243319964655     -3.83974831013657658119
      1.60095347904574514253      1.44884296226590625345     -3.91632772207840051948
     -0.02965951565278363011      1.19178324735240503962     -4.57161447101345608246
     -0.32097041639763379539      2.75047476654635847382     -2.21484255874683633181
     -0.43343165777729175669      3.51124774935776873264     -3.18361382371755752274
     -0.50262015091782852316      3.18048009230175932061     -0.95743002328990045591
     -0.42654011657143103831      2.49098344288387840706     -0.21826284461340705878
     -0.82847534060721705895      4.55442089967547403262     -0.57533212762613428204
     -0.03545062594351016533      5.23140359620884876080     -0.89960970177466803577
     -0.93192483553670268925      4.62614112286442580313      0.50909093507740921236
     -1.76768589902121942004      4.86090104530970901209     -1.04045579881978311754
