     -1.81317920252762565525      2.15171587143772979900      4.19191414538091233766
     -1.38613641856023916965      2.25970878169047351136      3.19573233966464842482
     -0.57445645275744761094      2.98577331650101962524      3.22203183281050220543
     -2.15830010167576213931      2.60089188087530231996      2.50763343397828597503
     -0.85540186714222943287      0.92064795376168340191      2.73641243147629831256
      0.35270668870414750851      0.75837443446967822691      2.56635146572944838894
     -1.75698593552357795744     -0.03966145565485327401      2.53480693118466904323
     -2.72931956938621977926      0.18487516462433592479      2.68557952079926787192
     -1.42392522410990030046     -1.41255271525357462004      2.14226978996046568682
     -0.73834456448891971903     -1.81754469945815877452      2.88940443576538763537
     -2.70390081007407445668     -2.25846113485298127799      2.17605867619258264156
     -2.46657786185743699292     -3.29646779752226271043      1.93816556031324349618
     -3.14906610550816790095     -2.21981157357560121568      3.17143625786816141243
     -3.42111948276370059219     -1.88135011457578738003      1.44500276838329022588
     -0.72136735733955548167     -1.49376629874066213510      0.76952727850130187015
     -0.99266626285477410629     -0.70221416379032886024     -0.13930203970237334254
      0.19989077041405095558     -2.45108649719520066412      0.61513770896368236141
      0.37314988214730021587     -3.07651199842606315471      1.39022469317788655019
      0.93022194331917851251     -2.69977042256233223938     -0.63480757826286515755
      0.20047153665310427084     -2.88079155323586233450     -1.42626719889130115781
      1.75650702408786307807     -3.97902672065324747308     -0.44913982845601335692
      1.10166439242260527642     -4.80953243185608769750     -0.18104763628171735568
      2.26796812241599177185     -4.22407485699107354549     -1.38114593034598853727
      2.49977146198467581328     -3.83563217046235171992      0.33695989974834250624
      1.81809907625490385641     -1.51863567370880758745     -1.09438098640676173545
      2.12357823521307143011     -1.40571624392146410365     -2.28501743641711207999
      2.19799553873165365303     -0.61494238751949525934     -0.18070397914958566399
      1.93995563862655795440     -0.77484455652074168963      0.78305346470552827931
      2.93315793781910727489      0.61490095481348550077     -0.49556934910852290521
      3.71691311603829666055      0.37626008617650119614     -1.21692335959532171863
      3.61400851575995707421      1.10476845096377096489      0.78883226314314536243
      2.86417760964914691613      1.37327779276075889747      1.53391021902211055483
      4.22381046485389166634      1.98194436399916495972      0.56831348020794936193
      4.25869501504716119200      0.32146655673467450232      1.19007298573351860682
      2.04908059385033203270      1.71546330436921135032     -1.12956119232532392616
      2.57210114409782963918      2.60657019924015065371     -1.80615523456779469846
      0.72338265039010840596      1.65094095085496950226     -0.94168149420925306714
      0.36638457661260731557      0.90062212732806901094     -0.36448774626176638769
     -0.25787034373839312629      2.57085498404433288044     -1.53087575753328164474
      0.25135113625867583353      3.47148502721956653261     -1.87777297716612134870
     -1.23396462606440593390      2.99195192890648797857     -0.42576627076623074775
     -1.78173723902843517131      2.12322428122037631937     -0.05770156189296630350
     -1.94502059631502355330      3.71775863788077520766     -0.82264183388894940308
     -0.68492709434428988846      3.45161332421129207759      0.39714662909986236938
     -0.99902942550314155490      1.97231792595832988724     -2.74821049036126829890
     -1.34594399285929400278      2.70389135626844412386     -3.68183799167551439879
     -1.22544985771460535062      0.65067763694994629198     -2.76042738596947501151
     -0.96292949888451861984      0.12832067857447446158     -1.93150899071378390204
     -1.87678562165707285558     -0.08302197449415874009     -3.84522405781588316742
     -2.88308354865080440632      0.30712285722378246389     -4.01128698177844977835
     -1.30042702754607475413      0.02004194132891338326     -4.76694647950643890510
     -1.94712698247652982175     -1.14204532941660596990     -3.58958644276042759813
