     -0.82291538836992927930      2.90770213058251325577      2.89873402097570931346
     -0.20127333206715347647      2.25097071543387805548      3.50606440633784766092
      0.83781185459899654155      2.57260140889268251740      3.44684269554496314214
     -0.53604577862813196365      2.29005888137950330830      4.54191376500282562034
     -0.32456451828959020922      0.83382708151893591975      2.99479468528410475159
      0.66707598412553481548      0.23854779449548338399      2.57379027311022623437
     -1.54269216159693067780      0.29407644966790508212      3.02418256294873488699
     -2.30221903763955415556      0.85756469657684997188      3.37660805069090486086
     -1.85080058475910846916     -1.06411424977848634299      2.56518867995379196145
     -1.20754140978612900525     -1.75823094920408506958      3.10996029765515080712
     -3.30554640530426935285     -1.39035490704186392996      2.92896006092800309517
     -3.98325199031362853219     -0.71299662526258866801      2.40658439881103003444
     -3.53679314309316250586     -2.41676595427446594400      2.64027460827590720882
     -3.45146990945090603731     -1.28749933309724440278      4.00533372788173380741
     -1.57840573518042659451     -1.25743378363014990384      1.05691477003269618251
     -1.70729312843571734426     -0.32328873277980535450      0.25790937246077022538
     -1.18380599315993029208     -2.47333964460488608950      0.66114950147469941921
     -1.11627141731613788167     -3.20558761689470994583      1.35495660784126936704
     -0.87455986046656175592     -2.82035822470549346619     -0.73234204301908567558
     -1.74019561532423794326     -2.57319268933853617654     -1.34982497235251241996
     -0.65577997229077433783     -4.33706757888419502933     -0.80482634878901548880
     -0.47357906589584741752     -4.63191898732364393254     -1.83932268024630984904
      0.20439747882016817693     -4.62309723234970615380     -0.19715406566386564635
     -1.54346832223588448230     -4.85851894234441150644     -0.44352464007651914990
      0.33651596372556086267     -2.04767955426038517075     -1.30588423236459227894
      0.39998926187547639843     -1.80256032261273335671     -2.51413641228210238410
      1.26957585046154219910     -1.61169017906940958973     -0.44864268491318470833
      1.17047123532600361173     -1.85725001278400947413      0.52644834629743553212
      2.41691290878562403677     -0.77970402144303085912     -0.82912639730714798869
      2.86694418095833558624     -1.20193713417439540514     -1.72958925929931850440
      3.45543232380679832261     -0.85923500472883629353      0.29706412066861997978
      3.73453906272110458531     -1.89912531586885524604      0.47287487679062711887
      3.04822594313770434127     -0.43364909085475783490      1.21515977951571385596
      4.34790456577813699823     -0.30013341804388232736      0.01279102087888699633
      2.03606567664087201308      0.68485718040320953115     -1.15244443912534699770
      2.80192060531847930704      1.38337373049097456246     -1.82326704077219248212
      0.85542113617439075046      1.14118125669442216363     -0.70727168809640172942
      0.29732034448872957100      0.50801837276889427741     -0.14991253161055881349
      0.25833987946842329464      2.45126908385343167396     -1.00218911156636036885
     -0.76426959086266432752      2.40268932626815345799     -0.62417937782479548936
      0.96999538124315898280      3.53836319195873594268     -0.17870493608631343729
      0.42420136428074561863      4.47913660868294716266     -0.25906666481996820650
      1.00800255362601198783      3.24507743412682447826      0.87060779750560535195
      1.98576223906262683272      3.68488635159324351420     -0.54712464865918553070
      0.10492307746915649491      2.77223281209292515825     -2.51354554431287757765
      0.11230025942126130312      3.94140072993831847015     -2.91714925350727360964
     -0.03459093997912324886      1.73917145919620841354     -3.35902013679237532173
     -0.03240372290767144087      0.81023751803856347564     -2.95928920663862315976
     -0.18193018421047343902      1.85329009505001818248     -4.81041363812663291810
     -0.27323701834121782994      0.86098647238564163242     -5.25648254238672674177
     -1.07529854850187978066      2.43254535781936986893     -5.05297081459067243259
      0.69015364309219984218      2.35266336544493537275     -5.23770311563729862314
