     -5.26059354254203004331      2.81576325291241236215      0.49909002681936731616
     -4.37368612197207351500      2.90736432482613027517      1.12489129444689761606
     -4.62744623495547546810      3.43651831493919734939      2.04256796533105422498
     -3.60379424124862612899      3.46021134427102694531      0.58801458845915000051
     -3.84956896222910094352      1.53148419988103023925      1.47032538107835719643
     -4.42171053569319116860      0.52675326825142121390      1.04652327464569827598
     -2.76317640112169549127      1.48691985138129623145      2.24023352341069958982
     -2.35836672635317423641      2.36277036691102182431      2.53538135011603094071
     -2.08804098092336776205      0.25007537929446177483      2.64544729346276108473
     -2.84672742882802776165     -0.45940273084387744928      2.98207637641152567554
     -1.17688221617478894210      0.56189518585163011899      3.84117565111809033951
     -0.71044421002387825315     -0.35602887496211266249      4.20181933656090933482
     -0.39641302822448132304      1.26474350144831904075      3.54451094580245884558
     -1.76408814041190287192      0.99681403807104684844      4.65151514237328012058
     -1.30981154758397466686     -0.41524144414141223036      1.48805126565068124300
     -0.89430746857552978479      0.25071972220556087985      0.53410450953140564678
     -1.07276108335448183695     -1.73004926327641861405      1.59780709929362974009
     -1.43769533167644336658     -2.19994054128605531773      2.41542143135046716296
     -0.37663402642348864369     -2.56824848951932649399      0.60650833568521278494
     -0.13554742766015240307     -3.50535102714222102094      1.11128293284925727669
     -1.35880085385611826254     -2.91744121169541781313     -0.52467809896788186741
     -1.61030398896748039306     -2.02066862615273867831     -1.09258082701341763254
     -2.27080915014968143240     -3.34488817333598742465     -0.10590751105583416647
     -0.90684033338864600271     -3.64915726313841526363     -1.19556156868966212414
      0.98677288002606200479     -2.00832935372962495535      0.12223726683249304392
      1.36107429684403169468     -2.17145931079437426447     -1.04317148554898109225
      1.71022820433893030234     -1.30294751039825218442      1.00435541590353061281
      1.34637524033564104364     -1.23546690058340402629      1.94458782407671537662
      2.96225545706103954302     -0.58343527850704857141      0.72278874657524561087
      3.14478829608639953719      0.05546006770219424203      1.58852591453778413388
      4.12311787600513657281     -1.59130091740158019498      0.67394869836044968281
      5.07371579044110010415     -1.05925203025416014846      0.62025907915717726215
      4.11869351574579667385     -2.20665635568603102357      1.57458720509780158991
      4.02559421683347729015     -2.23448779200545866175     -0.20138673690417485673
      2.90178000357788379304      0.39198664467901284114     -0.48431754520444914025
      3.91918228834904569524      0.65595870366823294528     -1.13404681939872209462
      1.71282603078996009671      0.91948678873476685780     -0.80712204518575525469
      0.90916450334617038287      0.67145142333465324125     -0.24052176326848589971
      1.48136769590900119198      1.83099372595690734755     -1.93432577680673123410
      2.34236640051578026700      2.49604948807596693783     -2.02160449668458852557
      0.26044215228516892635      2.69819561207022307059     -1.59748558506932303303
      0.12092352462215723297      3.45368636673318007979     -2.37169001961644587695
     -0.63544764789882901557      2.07839497851313259602     -1.54226585493704537733
      0.41224023661084896464      3.20053714298644065295     -0.64108537402260412641
      1.32375355819480300390      1.12214869003869188724     -3.30325112200447312816
      1.27980476631418427225      1.79224925132597001642     -4.34131699135057402827
      1.23825336892648585341     -0.21654535610852071459     -3.32831950664581066590
      1.28958623733507904419     -0.70564580367674412109     -2.44126770159040029640
      1.08149590885470359147     -1.02765612380456627939     -4.53535827895077492400
      1.03504957710143186134     -2.08537965423819526833     -4.26895248091474144303
      1.92804345243860786319     -0.86970188396601821879     -5.20673005303517122400
      0.16100215134771103664     -0.75394971741596805703     -5.05509023207208230133
