     -0.67884515440663029118      2.35055530028920012242      5.72270535663527013526
      0.00623458291035573330      1.67203733279468624850      5.21579178285832512074
     -0.02035702148962181823      0.69827189698204095158      5.70337970768012514355
      1.01750272135672914509      2.07490212844755683719      5.25944403826784245837
     -0.41857021446937131559      1.52122609131611885580      3.77364011491295636702
      0.35248708841389109203      1.82973957908040518738      2.86495442431374103265
     -1.63808532479472135357      1.02439963112564469405      3.56029861416743553804
     -2.20091305583789553779      0.79686691242724849715      4.36771131734100137578
     -2.25419417271839961359      0.88136836653269956532      2.23415189820549020538
     -2.28316058839694768778      1.86534366484689839716      1.76255283854810618216
     -3.69941323005115441092      0.40594717268521135489      2.43260803071427966771
     -3.71052257078064373630     -0.57710623609402211809      2.90632526008400038364
     -4.19952392637081217686      0.33993643466607903481      1.46520916908075715668
     -4.24176146138915566297      1.11553236310206926873      3.05926607626212510027
     -1.47984861918637733424     -0.05907394032164475783      1.28318694570694513679
     -1.52468543381535481807      0.12675896802849845324      0.06388970762350230925
     -0.72446205435568777897     -1.02285427410817431060      1.83146648137436574011
     -0.76641511159767505834     -1.12068020390230360661      2.83648139367504015240
      0.20818878190587616905     -1.90324328228922179385      1.11163520430930296001
      0.82899020113422561273     -2.38104419002866007915      1.87144110684145870138
     -0.58669512739434215298     -3.02519064645067681241      0.42217776818286473217
     -1.19741960123975821340     -2.61357683880136892896     -0.38231191832778649298
      0.09990906226213265573     -3.76313825490726161505      0.00540528517111301537
     -1.23373634655231367852     -3.52079190329823354944      1.14710282901386673160
      1.20391863160424650303     -1.15519191835198897778      0.18645997737837641250
      1.62321263066871446235     -1.68454421714999025284     -0.84726443059294742621
      1.54662990377541142983      0.09687119442246740209      0.52753297351112560243
      1.17032316694827809300      0.46182996425551897657      1.39458082053088716634
      2.35694929810412556748      1.02433285380986194291     -0.27518326960380545820
      2.24076269728675070425      2.00450178503603204661      0.19040387901465788412
      3.84243581787912580339      0.65019792254475294868     -0.13661753414639168924
      4.03662596120529038046     -0.30535196283896787195     -0.62509154897493335312
      4.46253682234257897932      1.41874497978211233651     -0.59961679481777208078
      4.10956656830838706895      0.57583008574259730850      0.91835407352470577180
      1.87120811243495999143      1.21789423505725835639     -1.73723487461341874472
      2.66695617324007105964      1.52330634074050363935     -2.63185332653958736771
      0.57102220351145638322      1.02224987655257515407     -1.99792684687736366023
     -0.04075600396819906851      0.78097077646296231279     -1.22677248239963643250
     -0.03786655427475140584      1.12797961919374745143     -3.32938525971460919095
      0.42769352693155948675      1.96347118044886781441     -3.85522725254660869609
     -1.52265456950257282998      1.46850967406588539532     -3.14263386426828317255
     -2.03757125594017374226      0.64124987653569098800     -2.65226814883927364264
     -1.62512962664225435461      2.36917896717860232414     -2.53565734145936749755
     -1.98438928989564833394      1.64687926617026048071     -4.11457337749635509994
      0.15646057879402411328     -0.12531604393966175315     -4.22004321215441535742
     -0.17059502707737056459     -0.08923035908253169890     -5.41178114494266715440
      0.68069537090235066046     -1.23101461769326503415     -3.66975549776307063965
      0.93511117024244261309     -1.19082104633916485703     -2.68879033520085197750
      0.91936536706350835413     -2.49007861507785444033     -4.37496726152031456536
      1.34865222930187189654     -3.22408945660301204938     -3.69023509703449281716
     -0.01952851003546457812     -2.88320483477389855054     -4.77029358926753133119
      1.61366118365493460551     -2.33134159827215192706     -5.20267266582818432852
