     -2.09250799736673132045      2.51618034077695984507      2.64601546514056273907
     -1.36335229470889429670      2.07811030579935396290      3.32612529841118931273
     -0.51412094322467227769      2.75187041595605075273      3.43354578679031074984
     -1.82815887181107572523      1.91707733053478035501      4.29794288644379207653
     -0.89258131144892416398      0.75086017132452798073      2.77610746276651321196
      0.30965214988517381078      0.53305910915883436552      2.62786063589243212846
     -1.83871376143592968333     -0.13709285274135105115      2.47268436472756070188
     -2.80158837063966359437      0.13059747772279764466      2.61338309196211726615
     -1.56926765810177371030     -1.49185801185371968991      1.98089637846666533072
     -0.93197579985880696363     -1.99307477809789213019      2.71225837541593595148
     -2.89441638460704675495     -2.26261209337604007885      1.91047451098741083442
     -2.70709297076754751288     -3.29069995285124905493      1.59691680028790994328
     -3.36918413980017783516     -2.27659112894147330763      2.89273854292966792201
     -3.56534785479127025454     -1.78858179150732721219      1.19200090650369405765
     -0.82760864224776431453     -1.50546676989348671150      0.62651018700707872267
     -1.02482284757418384835     -0.63071892531068474153     -0.22322588551842492688
      0.04395094647331181104     -2.49923261074113423064      0.42199129894508602412
      0.15688867590385696671     -3.19249650116306060710      1.14901665216430903804
      0.80005008561685964086     -2.69075290677513656590     -0.82268720365649750104
      0.08777686741759259392     -2.76673656837480619330     -1.64646265393248980580
      1.54789876314784469180     -4.02613511125400513890     -0.71689061838178325115
      0.83975332290021109660     -4.83598039600202778132     -0.53492173166474921153
      2.07534955243623020493     -4.22636824741421524010     -1.65068865273122100668
      2.27175634547064086988     -3.98795768092984115327      0.09890929375552337532
      1.76639220170270694332     -1.53035325780243192106     -1.16072318819355091435
      2.11653793688832170261     -1.34214962914744062594     -2.32933810322164225326
      2.16542935426562044299     -0.72455335417959632061     -0.16712144679488666332
      1.86747408807848414014     -0.94444776319465773007      0.77301194707340936674
      2.97731406987775937267      0.48177194246656002141     -0.36139202451680513262
      3.76994031523290784591      0.25568743537853433345     -1.07707539677214869656
      3.64166863823831787883      0.82927249657986590314      0.97692464958742997183
      2.88376748242651448351      1.08126593190789432875      1.71960221720004624579
      4.30588237161284492771      1.68442991042652390199      0.84482449990614050250
      4.22860726909893003267     -0.01895883601967748508      1.33214755425005160205
      2.17663381671385325333      1.67782113113064434984     -0.92985773718652686703
      2.76997743751401204193      2.58763307011389898094     -1.51772427326763748034
      0.84394672833771100517      1.67528966259712519538     -0.78537371924216214936
      0.42731794058578975726      0.90382551616521200621     -0.28055487256626904236
     -0.06515360107980133764      2.69363469990958126488     -1.32644583914303582084
      0.50412826431910351399      3.58785101093706737529     -1.58543238567545619055
     -1.05224046859017672517      3.08228098013846762981     -0.21921360376551171645
     -1.65892665979655640207      2.22037676638289926956      0.06233067058284233464
     -0.50595616146453115114      3.44353222776672707184      0.65313233205773846279
     -1.70872987033822965053      3.87677304565434344141     -0.57657925222286354749
     -0.79788959516143820316      2.23619398461309737414     -2.60836361049006937307
     -1.07305908128119065204      3.05755285908779717019     -3.48976083519023605461
     -1.09641866775787533150      0.93484530776247976025     -2.73294507859787705328
     -0.89048126143724037895      0.33479070743281968969     -1.94148838741060347779
     -1.75132831237059272134      0.32730541277122454646     -3.89110130215983129887
     -2.72855678952871816279      0.78663913747295610701     -4.05377405292357018141
     -1.14022563137310850578      0.46898142410785814693     -4.78489380993911428419
     -1.88838867558067891039     -0.74269064450562860547     -3.72331614409045341674
