     -0.47581418162440020092      2.66398770759383429763      3.38359642279654071473
      0.08512028770323519511      1.85996911882991877718      3.85826127448866884606
      1.14740579130154851661      2.10105594237581838613      3.84870805156748518883
     -0.25374834760696440839      1.74104478129715700696      4.88659210385306952418
     -0.15031761089978581958      0.57021092544007678793      3.10533931957483133601
      0.80186576952923149797     -0.07017225257806487815      2.65993481425616229430
     -1.41909125533879820757      0.18890685998432701909      2.96215202839257729650
     -2.13785885014548782124      0.78167572167117349569      3.35008197242537208993
     -1.83746755680281448342     -1.04428365471777850892      2.28838019470381626164
     -1.32655120452957153709     -1.88029455040602933025      2.77044210071644680937
     -3.34554123328572750040     -1.23375293073023550861      2.50074956738922571375
     -3.89507725499487067466     -0.41336613432355145958      2.03603078034660400775
     -3.57032951942231369102     -1.25966195392524626939      3.56811306587672039115
     -3.66618686970304574757     -2.17517060337735967934      2.05214299814879286288
     -1.46220155238964921729     -1.06907508285461694264      0.78989439108552639279
     -1.40460814712680170935     -0.02992204317716542356      0.12358591566457068078
     -1.19609629827198316043     -2.26515151641124612425      0.25211264887548839875
     -1.27660682014568394038     -3.08376084347310408518      0.83987030008158070071
     -0.84604926915473366300     -2.46923778007273764246     -1.15939072308899748798
     -1.64196459653945292523     -2.04733942756213282976     -1.77607299598907975025
     -0.79258568465205192499     -3.98015726902030486656     -1.41969817302971246242
     -0.58387843861025301440     -4.16304049563812750279     -2.47484837404817348272
     -0.00641080742817952062     -4.43858427419585321871     -0.81738354454834294405
     -1.75212874160029397075     -4.43498770900000849338     -1.16897658132849380230
      0.47355506693776527882     -1.77898516175249299387     -1.57543183975812306485
      0.63058139736391294328     -1.39451240703033740864     -2.73753117478902119331
      1.39882597396795937961     -1.56057433208571816330     -0.63129575016580330438
      1.21642450806068413982     -1.90453710651176932878      0.30110365682500112028
      2.66257611031742857932     -0.85100443452063090355     -0.86204860093535840004
      3.13236924854250009531     -1.26598883224547309467     -1.75576784332559765467
      3.58782378894144038384     -1.13011589993992211944      0.32928024068899885979
      3.72844193558911785047     -2.20552839627025765168      0.44727042128353483585
      3.15820987291221788595     -0.71881844761676971789      1.24368855925241805771
      4.55987958517200375752     -0.66680604802476806103      0.15486252537929429129
      2.48557737568821801588      0.66726428422175276811     -1.10251672652406673691
      3.36910586803210598816      1.30512167205692741767     -1.68316854354296485674
      1.34461479960880825324      1.24241633113600347116     -0.69893111267466079273
      0.67092177983344902792      0.66526543478543109789     -0.21216039545272952216
      0.97334908613724824278      2.64281990673944688908     -0.93567917954934054503
      1.88428608747172732230      3.22670688421902518428     -1.07728998191622449276
      0.28787614681668644012      3.17166987022512403271      0.33154456617849970002
      0.06743188748453785020      4.23361721925554590484      0.21658744173885846607
     -0.64361722480402938640      2.63256328077963175360      0.50811197464472457330
      0.95005058627923977266      3.04414606503773699231      1.18860279227512188882
      0.11529460001012420411      2.85605192164871724003     -2.20897674216255834878
     -0.24589263222129231767      3.99457499425859863251     -2.52799546172054023785
     -0.21575133085513731324      1.78306152658360406171     -2.94427926349083035618
      0.12155290237169134870      0.88263236674941802917     -2.63071411883778161211
     -1.02197926996823462709      1.81457463301955579382     -4.16471320460525884499
     -1.12788028408106444367      0.80560417550929175334     -4.56816723009652037035
     -2.01499464822360607741      2.21397124044408766252     -3.94829566174125146105
     -0.54251082564665387142      2.44591672359949807714     -4.91570690518849939821
