     -2.83849385363226414114      2.16214152634091139049      1.77589113243322715974
     -2.19859465002123366517      1.97186908624360723863      2.63663609642637597474
     -2.81448857407396557662      1.86857871926595664469      3.52921174407750992685
     -1.50470368692610634298      2.80174061084610848127      2.76618482693601919209
     -1.42484239162889503305      0.69247283096453637885      2.41646747647486392907
     -0.19442480090074026888      0.70160965297818100872      2.44555261989400651856
     -2.14090454941545393908     -0.40488738518524486354      2.17604921281462537763
     -3.14639916340044001331     -0.31925827577280785352      2.15404529820928747341
     -1.56167498725378228741     -1.73545332686387476784      1.96396462107577884915
     -0.97414424603676352810     -1.98915612576962086422      2.84868514451350174355
     -2.70175947083861434095     -2.75642722143627505460      1.85125478589028280574
     -3.32003930161963545231     -2.72426328988932597852      2.74964610653782637328
     -2.28860567827941041585     -3.76065252233337465881      1.74559644626933518907
     -3.31937285505907375693     -2.53291166371947840119      0.97971596588332632294
     -0.61819405785855496838     -1.79553528061304978891      0.74171145061357657280
     -0.82894898756802315454     -1.10503271547067671854     -0.26091267676429175104
      0.42551927802730860062     -2.63044062399275313524      0.83043554149299658729
      0.51090945925905884017     -3.18283419811626755447      1.67301433386659370584
      1.47202457901506522653     -2.80492024725006894315     -0.18828823213109421864
      2.27531994893683187087     -3.36760871368902403589      0.29050768887678801722
      0.93029560648706965953     -3.69438467221144595243     -1.32057229165012479655
      0.14542580332763849205     -3.17065835121693417875     -1.86767276324546505073
      1.73667687588845853774     -3.94727246364650907751     -2.01010086897119633065
      0.52387442446880461144     -4.61742076950084534559     -0.90509337680182633257
      2.13223021223779518607     -1.48205927700232842348     -0.65869757918207483272
      2.44936044196055036082     -1.31439046825025096510     -1.84100319138765300409
      2.31309259494423580250     -0.52100311160769752217      0.25811635179128139539
      2.04802794421044742634     -0.71731765680959114206      1.21311617324878917579
      2.85587581687281133469      0.80796415415625966183     -0.04583369392106061146
      3.70731137104640762203      0.69492488417611808504     -0.71963267504738392955
      3.37027936627423896354      1.43108072749262094092      1.25813619405143550800
      2.55011523305829124197      1.56038545070130751924      1.96594066851650839389
      3.81368391562211384027      2.40518758838016655233      1.04710359225493099267
      4.13124357980956258274      0.78734275989323487810      1.70166632045712318266
      1.82438232400781097375      1.71604376371884148611     -0.74920097654050665792
      2.16163525923111077276      2.40013814456444585232     -1.72019095168421976005
      0.56825924783978531973      1.69125404543985191630     -0.28331875859519639604
      0.39841585092894810094      1.13234216353074756967      0.54390625152822680288
     -0.60037886207407387129      2.32540406143008038242     -0.90740304712644004326
     -1.47464734084972226569      1.92927656910946176971     -0.38913709944972274535
     -0.58110646708744684297      3.83793876472191808347     -0.63006521313409380447
     -1.51392148591138275826      4.28644584063582456679     -0.97382000167953142178
     -0.47998106249692840120      4.01735466416076292262      0.44104552709698424673
      0.25253772437319643718      4.30711557772348552220     -1.15346013655251677932
     -0.80323563152876120697      1.92379776966705295926     -2.39075840388394578184
     -1.07901203010838386831      2.76456327200353246809     -3.25525384101543613369
     -0.64511933624428929868      0.62631499113784505628     -2.68853417747282552597
     -0.46458265673792414896     -0.00349458781108543358     -1.91313880912381328869
     -0.75005486860289938278      0.04564280919255327140     -4.02635248266309186960
     -1.75269809537515364184      0.20605180972490741431     -4.42787246087652608395
     -0.55423500428203398283     -1.02745829735860705334     -3.98263881125476126854
     -0.02193276201558594721      0.50985900731681599307     -4.69464905107640184667
