     -2.45960756453050555237      0.71220663868794076290      5.12718842601752111676
     -2.18122893031613340753      0.89470183815555959228      4.08992089365817967916
     -1.67309269239968672061      1.85527390716736895193      4.01236004794379752525
     -3.07705235480486072319      0.90424605331868856961      3.47014408272556806878
     -1.25955493872597412697     -0.20669543127470038635      3.62085915258651214188
     -0.12767298672886678856      0.06126833941898364444      3.21961844506995031878
     -1.75062707904771186485     -1.44623973943237715822      3.64417992129372692034
     -2.69310648069355362821     -1.57147397756271911540      3.98561973997599938713
     -0.98035036332607661258     -2.65212159813214487514      3.30845127532135530046
     -0.08664915175243445566     -2.66978292350085455453      3.93486082799132841359
     -1.83751652032918677548     -3.87219690931012072710      3.67087330063902017585
     -2.74295224323989916826     -3.88918064324429080258      3.06196203267796818182
     -2.11186266115938714449     -3.83408087543556908017      4.72616807525004567481
     -1.27033964012066746818     -4.78640570122743103099      3.48997004776638641843
     -0.50455881694072779453     -2.71543515992214201660      1.83736490177193956264
      0.45006446942869993144     -3.43370215002123879700      1.52570864195945365971
     -1.12932866648193908077     -1.94393886318241859712      0.93825009219938337868
     -1.92740542512116963536     -1.41085740283412985896      1.25345828280714655101
     -0.72533544180339271090     -1.80283970012117333859     -0.46520984263502968004
     -0.46251276639280064495     -2.78959929741806833547     -0.85079516336726135339
     -1.94171982673663889862     -1.29854040253951796835     -1.25417375349836213161
     -1.69656888820929507844     -1.24670691858585014344     -2.31605319815278898332
     -2.77993653718411026787     -1.98459233943051471805     -1.12285206529245407125
     -2.23013533080432502231     -0.30492767227324601986     -0.90714792760848717013
      0.50842592822053167545     -0.89126115940260797199     -0.67573984886553006834
      1.04988439931632426827     -0.84336237069055097759     -1.78360895098119254243
      0.94814372972273153195     -0.15826667989851114782      0.35946400102966274970
      0.45556876687635311507     -0.25261156884156932279      1.23998617246452869090
      2.10881245479378698349      0.74678553477640519098      0.35725870447859581214
      2.03870404721289544270      1.32617157092979920385      1.27944703836483997250
      3.39555869860367609547     -0.08865442502107015454      0.46624019457814458445
      4.25226147366352069668      0.56844509972951273724      0.62066830072800827089
      3.32338631984911847539     -0.77220831887852825481      1.31330284781161732433
      3.54789339496610978131     -0.66383914543465405433     -0.44782660206374286238
      2.11993513012499024128      1.80586442294182525359     -0.77731860176298239740
      3.18334140219949324191      2.24617510189713298629     -1.22670803530920724533
      0.93740656576496039776      2.20531184860708151518     -1.26339881771363549134
      0.10356711069203999864      1.82842095507638879859     -0.83687241992881988839
      0.76361569294964692922      3.17318038006088842806     -2.35335766084511055496
      1.46141453582048441717      3.99740811755039970876     -2.19500185408377879170
     -0.65949840944371918017      3.73895208289028957438     -2.25068458770801749225
     -0.81656583488260414683      4.17487498232129183862     -1.26290816177035924994
     -0.80114201652115102359      4.51702694227333534371     -3.00202304071831971299
     -1.39108232786052821162      2.94669430653174524437     -2.41766328884844394764
      1.05177289794355854902      2.60538675086451743113     -3.76652820774274932347
      1.13144542464870001552      3.37330414269569534014     -4.73214698853882165253
      1.20921752397950932334      1.28055679147026335585     -3.90893176680909659737
      1.13748660487235575545      0.70770998946702645682     -3.07486503259591437143
      1.48237821860062668478      0.59694861622790584832     -5.17309641908835882163
      2.42064342782191577186      0.95726498487730404818     -5.59993187617605059359
      1.56171677081923432340     -0.47881195993710173875     -5.00469976350153444855
      0.67475890666608095980      0.78415393561575141845     -5.88378157150463021452
