     -0.10085635768648999744      3.59628832297337641677      2.86966250217428475722
     -1.04830027468675823776      3.05883309977629069820      2.88328904793700857567
     -1.56193158023270672885      3.24622997508460686689      3.82538046568537870584
     -1.67190708293800871509      3.39866213020640994813      2.05746867601643623757
     -0.79345541705264988064      1.57543149442797658644      2.74265367465946319214
      0.36038340209841152051      1.14715335839326071365      2.70408884843278540799
     -1.86969491340388493938      0.79274126000398958958      2.66045419428531415562
     -2.77731761477688188222      1.23287160871968182185      2.69203988825829387821
     -1.82096381574449983631     -0.66624890120519808523      2.51603479668944229886
     -1.26263027726533394457     -1.07021784178728673886      3.36296818748224479734
     -3.25099510517096579321     -1.21798089183139768288      2.58964831113269733365
     -3.22950174465208261765     -2.30734037218140297654      2.53367498916434863432
     -3.71471042154182429229     -0.92424437744049925403      3.53256980393651742745
     -3.84457724423786428858     -0.83125745467982137260      1.75953204291313713981
     -1.10130237339066328062     -1.11048810981439549650      1.22361586636762753599
     -1.14328992939725182509     -0.41565840109896107224      0.20312437631096999513
     -0.42532822346511700573     -2.26655987675157355454      1.27187856909119845206
     -0.46666264080220326571     -2.79914436940474908866      2.13056205189267444666
      0.42304420516216956205     -2.79861214081704767764      0.19304624783738938421
      1.02190022942689351382     -3.59770007372996891704      0.63357493408643783539
     -0.46772263187813367669     -3.45316673097239235091     -0.87689514113199396039
      0.15408152327995183750     -3.96233071654271373774     -1.61434144754231412300
     -1.12865078911942373630     -4.18546994424707641258     -0.41143500659819737253
     -1.06950632778022103331     -2.69609437502274129628     -1.38121175510104121642
      1.44955632280687596314     -1.77212344373416108567     -0.35412561103362988346
      1.69556095886951774254     -1.69855594958018785157     -1.56176582664804208811
      2.00296363775446328859     -0.93300076265490372585      0.53435211180432939937
      1.75267296254301507830     -1.06084399830605180526      1.50531695088308348218
      2.88710184390091040285      0.20193774349745247099      0.22690093167388217243
      2.97110620654101520444      0.77570258547110226832      1.15146058360925929165
      4.29845083514426917759     -0.32203109855467521028     -0.08792163322430926464
      4.63499599122777095062     -0.98480807188980101774      0.71035807893344771191
      4.29489027538246936899     -0.86844419980881759624     -1.03169034885708099658
      4.99491493475011250069      0.51386677018755166912     -0.16380333005508462829
      2.31969549461500257337      1.20689586582286323413     -0.81100692844643118562
      3.07532609083607555434      1.85987445820764940585     -1.53873668186689704918
      0.98804809769563595179      1.32028465617509316310     -0.89556287317821137162
      0.42766212537537379168      0.75124159173847016024     -0.27200258668752358426
      0.25473416337688886690      2.18909658881511726136     -1.82372514064362944985
      0.95041539627190196882      2.90886853108114173949     -2.25764302519893211851
     -0.77347571045443408444      2.98501531774546657871     -1.00690086126880196105
     -1.28277794988248117214      3.70263599333078508025     -1.65119683688625462636
     -1.51181545958507457250      2.30894650936657708229     -0.57360770410509365203
     -0.26929128503517474336      3.53033224596084771463     -0.20799182929235698891
     -0.38495410783323663617      1.43244722812164559933     -3.01625825927556512340
     -1.09221020270056401458      2.04011462915280850083     -3.82829472276754723126
     -0.15146894326964077671      0.11694421433198816385     -3.13801049800822973168
      0.45255561431060015165     -0.31531020140255988649     -2.44852997900828928124
     -0.69475191811957204280     -0.74286691149097994202     -4.18901634851328719122
     -0.33596282673386107520     -1.76525343420934577310     -4.05525126394580048839
     -1.78584072330922682958     -0.74346311409508059054     -4.14650644630455111894
     -0.37820641922309394811     -0.38320041533836152192     -5.17022404566855442454
