      0.05954107906318176907      3.46830111355216352820      2.90922795026942004881
     -0.78433502085704476237      2.80344438849831600891      3.08964777753819275219
     -1.61104702847907632624      3.07840739547701947032      2.43606667079894023686
     -1.10155454144020104046      2.88802439226111218318      4.12824040835580241549
     -0.37503671948919908852      1.37522035523805752355      2.81061413954672945081
      0.79360742386006266624      1.11137157662741636877      2.52653259214437664326
     -1.33750825127161410144      0.45573049161489725956      2.88653169212935978294
     -2.27004060160634990595      0.76665954808557701394      3.11506055470444787048
     -1.13005521463114066982     -0.98002718591821957883      2.66817684535006005575
     -0.38625053883474774752     -1.32571909465941839557      3.38886376285349788517
     -2.44402736082157945319     -1.71767792162308308157      2.95847924836811193572
     -3.21715666290221369294     -1.39378711523882836687      2.25961534083631221392
     -2.29531415948215711254     -2.79307414447924839962      2.85016521650106247066
     -2.76968574369235120969     -1.50962995134690824983      3.97880748856680277470
     -0.59683143242571234932     -1.29744193424114695468      1.25432982110393420605
     -0.90868687755724530941     -0.59700310963510250239      0.28591609726221783871
      0.22355167594735184111     -2.34983266419667735647      1.13651112548101207445
      0.40735384325663070992     -2.89695011882228126154      1.96684578055336078961
      0.92015359142617236810     -2.74947053390495055325     -0.09695230004395893886
      1.69556961278011253391     -3.45763704119168657769      0.20041506748971993357
     -0.05618718640984798202     -3.52027587778713257904     -1.00107060482286081005
     -0.50188575287853598450     -4.34618133414384999469     -0.44520819451548154788
      0.47744206819043588652     -3.92567119254813290397     -1.86161610193724946782
     -0.84684064856205620853     -2.85701135765971780955     -1.35166529527009804390
      1.67640159092191787238     -1.58640124413517802360     -0.79275395812687443620
      1.69869464533474778811     -1.48515686324396289919     -2.02335180433481953699
      2.25903611309734220214     -0.68084378427315095372      0.00762698911941670638
      2.20369691045131554930     -0.84514832867380040859      1.00338469720581424660
      2.90520677855327491557      0.56905789896982439391     -0.41752940049846204440
      3.08806917981861683842      1.13697164692807084485      0.49634816343674686978
      4.28828851318997017472      0.25580519672275642273     -1.01352976492116453322
      4.17936405028625923563     -0.27315792039915803846     -1.96086499184344908997
      4.86006803615965132792     -0.36209621742118353049     -0.31996842906728228950
      4.83478362846175357959      1.18381941732007223145     -1.18581728565720889712
      2.01177443485586726624      1.49570213512357197416     -1.28360488495521574137
      2.50325063048408669175      2.19708746024861234503     -2.17494032988102636850
      0.69621223087685324415      1.49473613264053661887     -1.03122408404554155581
      0.35980762226845242058      0.88629519658207567279     -0.29514480649099389398
     -0.30289408104051662729      2.30292489758093532615     -1.74077836575986766299
      0.19929933026324370138      3.10337479011557482167     -2.28650429605401539490
     -1.20599970970283876248      2.95998877077453537154     -0.68933029545921331582
     -1.93210364568499426419      3.60700846247596595973     -1.18332690297719578254
     -0.60367597166854980451      3.56331154497087787547     -0.00874205174261296139
     -1.73933701712414179319      2.19589650136568215189     -0.12163579483891757971
     -1.12488870592449274888      1.49887610288856643059     -2.77381434312726815605
     -1.54066493621605915543      2.05338277142117098251     -3.79717474200624582892
     -1.35002416088593713006      0.20004055462321090886     -2.52983011671908197826
     -1.01279457373806702769     -0.16938070904984633969     -1.64739053461302220605
     -2.08314516513444303314     -0.70797717009894700624     -3.41168548903183177501
     -2.28131694823096564662     -1.64992250749784763464     -2.89749176099480543201
     -3.03586020058304706382     -0.26212438455428310746     -3.70510132216160492646
     -1.49602413227217523328     -0.91183903536285815239     -4.30935917771796983544
