     -2.32232114091637420472      2.34729512629900538556      3.04676995095878844211
     -1.60249702317249376193      2.17965763369724241372      2.24683183154544519056
     -0.74326172836770809660      2.83488426219555078589      2.38381505544010430242
     -2.06977402014618139248      2.39106617612415695007      1.28609397910781142471
     -1.14994683641421313602      0.73783361918095047294      2.27483645238982790104
      0.03768112572161046864      0.46212730960020143023      2.44666446231506951037
     -2.09638869128623062110     -0.18517042464691216286      2.10610038078035710640
     -3.04529827628890181757      0.12772394719954829889      1.96452521428705617623
     -1.83927472241790335161     -1.62831156066786864045      2.09493474792542544449
     -1.32436808885159273963     -1.88696606878019301767      3.02243836490586437193
     -3.18198151523080197123     -2.37096345002291153392      2.08152737461023962240
     -3.77702341610673331118     -2.07877748603363343705      2.94809337175850405544
     -3.00808391969067034921     -3.44726568323407667194      2.12174266613841933093
     -3.73196485798892485519     -2.13383189902131942262      1.16926472125622527010
     -0.93493834035720346787     -2.05575575054253256724      0.91828864803797471961
     -0.99408704324442231925     -1.47643094085651838121     -0.17038289868332301413
     -0.09234100756400631660     -3.07294444947703704329      1.13967987960828187610
     -0.11872721168846919748     -3.51130832291711136861      2.05044973646343331453
      0.87700481710264732715     -3.60950642995567694271      0.17022644436280709446
      1.54751065644017105072     -4.25627097531299103395      0.73868548191949134907
      0.13898277813917844781     -4.51746541410535140670     -0.82829304119313562627
     -0.51886866430909717174     -3.92167921531970309346     -1.46216915764572341629
      0.86062987282329816985     -5.04076203811717871162     -1.45676983557204287045
     -0.45449051998410594511     -5.25701438479991178809     -0.28913070072338065142
      1.80589997804746404952     -2.55049473223506018016     -0.48446746118142425264
      2.26697325348068545736     -2.72501012262651087781     -1.61757024659138681777
      2.07501676246317634522     -1.43990172207475186639      0.21530991290842593777
      1.67397497330609956734     -1.35407851118580024874      1.13857963355820523965
      2.93714664894318167043     -0.34760486809372698191     -0.24998528036261488672
      3.76377602367495267544     -0.77796128513511408897     -0.81821174350852154955
      3.53413622242332925438      0.33705467425641333357      0.98678724480261381657
      4.24355828472462359713      1.10486791986457499881      0.67539005403185681242
      4.05898546719944341987     -0.39568724163816193506      1.60143552507591069300
      2.74308234936903039269      0.80351761225040352343      1.57554467123459773781
      2.23581610496044946856      0.67029461548483959543     -1.18211354160924386747
      2.91490006151457325956      1.48534873146176304992     -1.81640178358206849651
      0.90054840995089169287      0.64249090973976397123     -1.28434689051236605728
      0.39233289868351162166     -0.05888945420207953446     -0.76051121617377837048
      0.11810016127095014637      1.58493541720322084210     -2.09158433521651554443
      0.54218166322290417547      1.60223141916073186231     -3.09761653951650739458
     -1.32006025489087330804      1.06147704259436670426     -2.20329743101216424250
     -1.90158809707530584987      1.71218919531972346704     -2.85758301701347594559
     -1.31746561244176652039      0.05466072647608585106     -2.62335939861818046026
     -1.78744630936807014088      1.04028371892794435638     -1.21766928617087355491
      0.15579551665337268429      3.03373688619073522688     -1.54740113979279358958
      0.37968082035213313041      3.26846166524545855836     -0.35361704492656359511
     -0.09376961398212707577      4.01288137551885437659     -2.42806921629456251566
     -0.27964093242210402712      3.74382731328209406030     -3.38537669179151778920
     -0.11955105728552038735      5.44072179640711883764     -2.10631342557688183703
     -0.34458224724292857433      6.02328393547430263055     -3.00186164484352024928
      0.85078801458604225161      5.75512126124569434182     -1.71624395164620779930
     -0.88476171631898947734      5.64207814060138712620     -1.35366888566396270654
