     -4.17169936603252011764      1.99054170143836350881     -0.06259318809343746015
     -3.23454900091243713334      1.83502108179010181566     -0.59574630553871099625
     -2.67676909121939177183      2.76910019391101913655     -0.62186550457987566087
     -3.44578319668242905038      1.50547960382912160426     -1.61219146040244876161
     -2.42483638971010195817      0.77294407332668524369      0.11335393781396949087
     -1.26863694159075413026      1.01378377203658653904      0.46318585021585567674
     -3.04704679969071712264     -0.38950793109326820041      0.32592747016656592463
     -3.99891337530934576350     -0.46340471332427224382     -0.00213908960054967493
     -2.46071515463308143623     -1.58957684135976151651      0.94242373459954664749
     -3.17111847170286242914     -2.40639575512822689873      0.80394254634070372312
     -2.35893672189654468596     -1.34718232819774508258      2.46119706789889480802
     -3.31742727292042260956     -0.99267738240982239528      2.84362824640305111856
     -2.11053912854071112903     -2.27495589621902727373      2.97767460007731621374
     -1.59258251067638867404     -0.60095915718600212418      2.67578098021934529527
     -1.14213726967752737806     -2.05963887889035213163      0.27244574209992522551
     -0.82957118407905727775     -1.68720130983803473512     -0.86325752910867969980
     -0.35337713041837709449     -2.89062490959772544485      0.96542860674158703649
     -0.66415275076970736734     -3.19645146490841369769      1.87700420355880570611
      0.93931178634765744029     -3.39401701278432410547      0.48027723426906382409
      0.78316061417364335462     -3.86054966082148709461     -0.49415370861348972831
      1.41789505770703283538     -4.47769458267899800319      1.45534812486301157186
      2.34965919035614057009     -4.91320641999135165889      1.09154759632521591861
      1.58942706083192786259     -4.04572267672120489124      2.44271501914545252632
      0.66893133402753190975     -5.26748559019564499550      1.53072099665987249040
      2.00836190624956811845     -2.28933091535796373606      0.29297567987732237027
      2.98951115663191568927     -2.49167196410849989263     -0.42869683839827593674
      1.81567193074020738486     -1.11537992544829145380      0.90924769944784611386
      1.00746392978891718961     -1.02584088002869955325      1.50744775540603526132
      2.69385867986963445375      0.05117423103075947888      0.78260252924252504680
      3.73057039737813767033     -0.29002071697302017617      0.79974126462010641792
      2.46901731091913445582      0.93754105138135779285      2.01496727439750999977
      3.15341401465160720008      1.78657297040190976567      1.98692585240559105308
      1.44288132677770009060      1.30896179871869988709      2.02815444782585352357
      2.65857348460003839463      0.36545119878902576627      2.92444856713812040283
      2.49793592552138488116      0.84854742410254102580     -0.52892651561507686431
      3.35438446205195184291      1.66609719715313731037     -0.88089373540469761981
      1.39116293662197976211      0.63685408508393059890     -1.25463034560149688801
      0.71890727510979623993     -0.04234609104900263071     -0.92164042156115366655
      1.08008889556093312656      1.34711888099655285878     -2.50092017350996176361
      1.97037267665362181290      1.34438702027559253693     -3.13245615636070118271
     -0.01832477717762224373      0.56638483466293032542     -3.23331300248815933784
      0.30678243120530285237     -0.46062446007520291280     -3.40533878210620599702
     -0.22199423713695931593      1.03660713834073447970     -4.19617589069411955904
     -0.93388598725382199195      0.56095700550890970071     -2.64064159194411640641
      0.67345731047442325412      2.82488856005029242979     -2.28777045990425698108
      0.84497328167316609893      3.64936480128326978800     -3.19254991892631201367
      0.15508429377899338175      3.17285725013642361247     -1.10107273002773276005
     -0.00369033846390366118      2.42775545821021276893     -0.43137621662523134569
     -0.24011347639153440836      4.52837729112873965676     -0.71902781772590185216
     -0.64361431154863657511      4.52742773207025006599      0.29536965557308103580
      0.62410796015288494409      5.19484833276995416895     -0.75445514914593303502
     -1.00455174542037894980      4.90342277595924080913     -1.40265015135564929949
