     -1.74585381297449537819     -3.76817052231200433354      3.59498206359298855261
     -1.81719100874883254804     -2.75368549504605075740      3.98532789833030420823
     -1.05802406900584888838     -2.60308856557701373546      4.75203833338527470431
     -2.80591018385332713336     -2.59907268350088260789      4.41566151523370020726
     -1.60447374262346809104     -1.76836013514351586551      2.85970761715422616689
     -0.67194667813996467043     -0.96663160809652082239      2.90519122378373317872
     -2.45567830523015251387     -1.83983577184514968117      1.83534944666293675652
     -3.19176174112781740888     -2.53015400981694504878      1.88180472798758646746
     -2.45290960291226012302     -0.91606176134961381230      0.69316246363211686532
     -2.55900608609431357010      0.10093159053359503086      1.07519578943115745595
     -3.68048291691514162238     -1.22896633494164353451     -0.17244882745259565437
     -3.61086414679782974346     -2.24204663652070701474     -0.57216676821132728126
     -3.73347729420382545840     -0.52239683636446532233     -1.00214362125348221966
     -4.58943004778989216419     -1.13718146970898170700      0.42400092309717618555
     -1.15338835602732725505     -0.95565704604088830276     -0.14109030511314482603
     -0.79147985067043424845      0.04744201168395194984     -0.76091444670741537060
     -0.42068774037223288786     -2.07807870202782440927     -0.11769547612291031413
     -0.79867303169041214961     -2.85996696957967744268      0.39915994770814644532
      0.89786370972716245120     -2.26454154873317925478     -0.74242741247212140632
      1.29931393740356071476     -3.19446379188289064643     -0.33615534378797018444
      0.71049481789144597332     -2.49021471271168515216     -2.25225052559471849989
      1.66104767556705756881     -2.77399467935660082318     -2.70563121314723931121
     -0.00938154532160478255     -3.29222461174932590211     -2.42080550946949069058
      0.34844405665024535956     -1.57754769665538696621     -2.72638861777361674044
      1.94731638106374815855     -1.18064909915793347928     -0.37755214109109364040
      2.85724995823488736590     -0.89156346671370001467     -1.16110686800303164468
      1.81029220662767520444     -0.54621844252734941261      0.79529373207184461680
      1.05856706261254962520     -0.83387973642691193277      1.40944340989918770468
      2.67648051530831709854      0.54674848996917413402      1.25252158582631922812
      3.71458828188734857534      0.26584018608924386839      1.06552232245644229458
      2.49349729954509857777      0.68664259285100082142      2.76937820634438525147
      2.70867574115969134141     -0.26384962054333577219      3.25975960463317093740
      1.46976224720417647518      0.98734236491159155236      2.99741825248517290703
      3.17935455553642265514      1.44264812399492492467      3.15403190965487700836
      2.43110171817223363888      1.89248937529012062342      0.52641772287461996438
      3.28579473363328755653      2.78239280792843457490      0.58367260112683283513
      1.28946983589193919784      2.04609181931027572787     -0.15897832148038684719
      0.63021474239170172105      1.27790791814678117433     -0.14406635170475737273
      0.89640416625788177374      3.25146382657448151932     -0.90153664345063455610
      1.66897029912292405029      4.01451998027736145502     -0.79513609286243780438
     -0.38524943543284395631      3.79735017876589475705     -0.25840275661335126989
     -1.19216995364325617501      3.06865592990417601627     -0.35166151745160967312
     -0.21005646709464659283      4.00792141736417839581      0.79761514890260720723
     -0.68072465783425095687      4.72153230066760887240     -0.75693305634312579855
      0.71312564537390321640      3.01402050351524364302     -2.41901406997745516136
      0.93100334359377312499      3.93329906452120070526     -3.21575481757351244738
      0.33870141159835848166      1.79449216624846452639     -2.83276101052419670978
      0.12535977052106841989      1.10587792647769433962     -2.11963342354253381217
      0.15455267432921090953      1.39955320120348836177     -4.22926213791629468375
     -0.22597011385543569473      0.37777380859225651033     -4.28156847591639433404
      1.10665577133171844082      1.44959195015097419557     -4.76153049144860496256
     -0.55951177027777432293      2.06597241935806774649     -4.71764020326935273886
