     -0.63667092979989914348      2.10113492091813824914      3.34336551915852320249
     -1.45327817597886133072      1.76660926188334332920      2.70490337833329741457
     -2.39938254212154866707      1.88192894330893456534      3.23197948772678511631
     -1.47155264910185068494      2.36250647022202286962      1.79402541833108197800
     -1.25575549707535394361      0.31116143401287954529      2.34778735122796167190
     -0.26920571770794937683     -0.29780030086308456605      2.76146324595568248839
     -2.18699397655877492141     -0.25260096939251130976      1.57940037283272416424
     -2.94630093745930610183      0.32590049343362686995      1.25202045968309061408
     -2.16166134395407283364     -1.65691504657754307139      1.16279990862599902357
     -2.11376175028185597782     -2.27937344509143224869      2.05857286650831339259
     -3.47641898728631382198     -1.98108998581606776668      0.44018766146307197751
     -3.57743162802836556224     -1.36267055699391503865     -0.45325520553533094059
     -4.32110554600772545086     -1.79402689993601871521      1.10481371744071377172
     -3.48443989137669696277     -3.03218570672389198251      0.14825589340220543533
     -0.92455849393933153824     -1.96586953118494434101      0.29240718563922984963
     -0.74369886308046950774     -1.39421219048197086998     -0.78726708679278434300
     -0.04513127903519898593     -2.84924398877340534497      0.77816120846967207214
     -0.24483323578803820042     -3.28350656913330185560      1.66855546829696654854
      1.20991318362245037221     -3.21296746037896241432      0.10991867887119756431
      0.97255566021277828348     -3.57000375758901622447     -0.89394894701767024792
      1.83884871242407510472     -4.37389691159785343189      0.89139301107184276685
      1.14002176312179792639     -5.21023173304684039664      0.94243141129378971144
      2.74654020805445098219     -4.70712802920893214065      0.38616393587420561051
      2.09302045778156964317     -4.05200759226536444402      1.90269246448778450720
      2.20402017321426058061     -2.03586433579097647595     -0.04627512279397207745
      3.08309772043436058908     -2.08733996877535332715     -0.91191632508602527007
      2.06079407130340053200     -0.96518840810490957871      0.74834353577901113752
      1.33966825786399756915     -0.98865503074599181410      1.45926368289269503542
      2.87064158808530445199      0.25460023268642317795      0.64291532956206665084
      3.89801654540633002455     -0.03247707359783306297      0.41155871324892828733
      2.88207401429320420050      0.94236835023527287802      2.01454555617627173447
      1.88270198802586641307      1.29944195838422960065      2.26459991635269153321
      3.21975199243239762481      0.24243446493304041112      2.78019694517427939928
      3.56449288332684188774      1.79302631178565152759      1.99216197845098230701
      2.41034879814189295644      1.21982242047245170724     -0.47717463027820233856
      3.15248948339967283161      2.14160182155581768626     -0.83187574286746412966
      1.20900599023798038800      1.02196870103414294562     -1.03662110078986025030
      0.65117540162576326157      0.24827713719311439444     -0.69915445833715506030
      0.63457127975726335123      1.81085882814881982128     -2.13296848160791840954
      1.26959523340980351414      2.67699459801355477140     -2.32726433327550852326
      0.63704420266856465194      0.94093639811478324564     -3.39842441751499935165
      0.26911873976435068956      1.51772030493322751532     -4.24787827273435425468
     -0.00498540431569220645      0.07058625825797526510     -3.25421773223686550125
      1.65221912480971422355      0.60588505967065031665     -3.61608505618940911930
     -0.77559677620205758064      2.35557423494706563716     -1.80579230590197425954
     -1.45595563185342480317      1.87418311416669447489     -0.89274893532987731337
     -1.22166453172490752088      3.36635036451351599140     -2.56460242099559332374
     -0.61176801568915095686      3.70447816507222604798     -3.29749004903128950517
     -2.52649568869421470296      4.01290312174228791520     -2.41388786257260257173
     -2.64001910488335500560      4.80647410627855631304     -3.15508051071184691949
     -2.61727064220206839806      4.44724012096758691825     -1.41605217051657517047
     -3.32579023327160561152      3.28228789518408614612     -2.55490313421378667513
