     -1.84919546842509885387      2.18977696538477806243      3.56160679351774378532
     -2.53512052208615612514      1.48131401706935328377      3.09873718116529772715
     -3.29781283633159416624      1.18649587535358769230      3.81831856635251654097
     -3.01201409548513998615      1.94600989891453379776      2.23686509624024676413
     -1.77343122805545716503      0.25415561313893492157      2.65174615550848802314
     -0.57625354920915838886      0.13885886599652005891      2.91366184188885801731
     -2.46567774002990569571     -0.66230592394651455201      1.97586282727120621239
     -3.44240618479359872239     -0.48151291463060663656      1.79774763435201401229
     -1.89721843521642696828     -1.91623631728125864981      1.47095222532242364544
     -1.44252144517784275379     -2.44302404093819847120      2.31239277480037275225
     -3.03682831431977007242     -2.79110914125441134104      0.93139378021355689885
     -3.52132927327419098518     -2.29629915714223908907      0.08794612566244967844
     -2.63967347578262812036     -3.75143190326933506640      0.59921915875116715799
     -3.77290379596127634088     -2.96889898384095696215      1.71689839954249645615
     -0.79701177223414820805     -1.69065596055191091907      0.41018050920162940631
     -0.82147417945715106580     -0.70451294547746112773     -0.33306392682030039332
      0.17277175448374387789     -2.61227774455040018253      0.33951403435314708723
      0.11108645146626323907     -3.40424737646315156425      0.96526446316812453130
      1.32351034056570426856     -2.57452668177139454286     -0.57732257125925201535
      2.03208941738912463038     -3.32046681809530586094     -0.21309712651949500040
      0.87046534777403772321     -3.04224668049980806472     -1.97115370204800410825
      0.36843620502793844596     -4.00753554436821524121     -1.89352855644242890065
      0.18451923842848350077     -2.31493183330693996780     -2.40744477652699506720
      1.73685425656757974622     -3.15097359741970484137     -2.62483764153527010521
      2.10574272041042842574     -1.23483903972427766504     -0.56773455730320065982
      2.57996507359755211652     -0.76499522268891484433     -1.60678295824041894591
      2.19538561104223317599     -0.57790223510306903965      0.59668285656462782818
      1.78461183693895275582     -1.00436664836839439907      1.41564698921413745225
      2.86963218861661983894      0.71560716431046011987      0.76830386694919916568
      3.85971850652663750481      0.64851440983595909362      0.31350479918573742610
      3.05800694262608718788      0.95562558819883824945      2.27175558561487056508
      3.61465855789560119860      0.12821762773423311943      2.71416396549984284547
      3.61868708311768028096      1.87814648711748555243      2.42844933377929228513
      2.08792469175049388852      1.04296658367405514767      2.76277828235233524623
      2.13846558851249790578      1.89997694049309862052      0.09106487209006478012
      2.75220098292377768345      2.94361838223585481344     -0.15194442324002033207
      0.85223546250974868688      1.73793923834677244145     -0.24455669760823914305
      0.40975803278259642637      0.85913637903086048642     -0.00263083752759641666
      0.03278966289468627365      2.70095358794952788983     -0.98911506731406051429
      0.52958245851821961203      3.67227201274474257531     -0.97710135555181309996
     -1.30025966795561509493      2.86061275298960815405     -0.24475423089768097440
     -1.90223837550136454233      3.63225677231299481917     -0.72608477653014347197
     -1.85172175137401762157      1.91966559287645854859     -0.25812259045838925609
     -1.11375602700365994302      3.15684286507937006405      0.78834605773194910139
     -0.15841815091925109948      2.32711828963338840381     -2.48162658433950067405
     -0.84786661275693242512      3.04371709885814611951     -3.21627716353896397905
      0.44084732960475392360      1.21869060089635827815     -2.94424919584536581851
      0.99949110483167236119      0.68496982578463494473     -2.29080593811600863319
      0.34875803197115318177      0.71952631160775615271     -4.31603601135451864224
      0.93794193229837885539     -0.19370214984681496939     -4.42028524991798477117
     -0.69105952630103117951      0.49881275316008355514     -4.56585738544505126413
      0.73005561657877082737      1.46720035981088670063     -5.01459085191309394958
