     -3.42998599546435967156     -0.35656174255985523258     -2.35357020808626282715
     -2.38806205638731716689     -0.67073824700766337958     -2.30627502177813425988
     -2.31094250579230742204     -1.71977543935796917118     -2.58935197803692407348
     -1.79205652123490222216     -0.06303799027917499076     -2.98619584662052162116
     -1.87977451101095449637     -0.49473510248642554865     -0.89713275615898024906
     -0.91754658256776289171      0.23728659641986105111     -0.67422115075474864376
     -2.49706680928281032905     -1.18423204395929060340      0.06038738931842752011
     -3.27555158449672534360     -1.77015428712247668841     -0.20661241641759650611
     -2.19351256700222752016     -1.05554895914463831019      1.49181359493200571542
     -2.35825231741459617751     -0.01727467337457348762      1.78168371809025427588
     -3.19283926101147352838     -1.92653435664996819376      2.26391895960678768418
     -3.06303912297886515859     -2.97617912445436116897      1.99498416808233947073
     -3.02815333995011526369     -1.81117826974334295009      3.33622772186940919070
     -4.21297201310231717031     -1.61731085099335802902      2.03137965781397022980
     -0.73476074160241222621     -1.41410177893224631163      1.86207703948802683058
     -0.19570523205533540967     -0.88324654712070405083      2.83696724090853935607
     -0.08214514388230625963     -2.27427542913652969148      1.07007651595651376297
     -0.60187242182814759683     -2.69353801768907130665      0.31155767953631158251
      1.31610617625897741156     -2.68508741309989629187      1.24446550760765650701
      1.56834361134064348420     -2.62431649532155963911      2.30458111098769302671
      1.42011996910020821261     -4.15986180166798202862      0.83149412144211709563
      1.19769479002123757638     -4.26865189188632321304     -0.23121720962349734396
      0.71601669389228417284     -4.75857428399890114434      1.41132294393518087361
      2.42968168614665591676     -4.52631223136396609874      1.02255041584070816008
      2.34232539176744314346     -1.80097011182170385624      0.49217291677714108955
      3.54992712081578298822     -1.97445941676950420529      0.68560760763362882386
      1.88903996286818576245     -0.87025663137592712548     -0.36186436507871810875
      0.88672765711166212643     -0.77825490937964125759     -0.46247654393610004853
      2.74066368522819736597     -0.06087689652791024308     -1.24923969412580349037
      3.79021033775157745183     -0.29090840375062743117     -1.05946830390000767963
      2.43418633672423689873     -0.47843139514774690735     -2.69392562882806130276
      2.61624511618192778784     -1.54701780393850918394     -2.81766858964992028547
      1.39284620745150289345     -0.26039868495930573733     -2.93706146399890544174
      3.08206608450467944849      0.06971230567914243892     -3.37948317132249975714
      2.58466483004737890283      1.46476439211592612821     -1.06021235952842030059
      3.57646506730483171310      2.19678546017275655444     -1.13352047401207456367
      1.36187270763206980106      1.94399641924524169134     -0.80272596414694330491
      0.59318134282753487430      1.28549656373495890804     -0.82278832878432794917
      1.02253127717880243353      3.36259511673593003422     -0.62342714930663745143
      1.93790110258987047231      3.93813350713163856653     -0.47663503696680664667
      0.36116731632495657767      3.84728913761919288916     -1.92105854967069400452
     -0.56662243129253775376      3.29994317648960633349     -2.09566503267365211727
      0.13798334527527289506      4.91232295115427053389     -1.84493739112655252832
      1.03616059060291099136      3.68982602445770480060     -2.76351245774034026681
      0.12295423711546618617      3.64679266345379415881      0.60388116930362478740
      0.06991443604145260171      4.79030309450403457561      1.06969326906880390915
     -0.56712884898917392817      2.62994526096086200795      1.14451084645035061627
     -0.51357927887777810039      1.73265394594552057939      0.67853147325381057975
     -1.42768877369423097257      2.72466887298839699483      2.32615313682667945727
     -1.38126933113385153007      1.79564672682187720376      2.89698299933830760722
     -2.46085928406214771158      2.90316444192127232071      2.02160862904897209447
     -1.10561040499109175528      3.54147457346916461063      2.97561725915587205193
