     -0.63353933870462986189      2.73269973702988311359      3.30195953849823453652
     -0.04388455163321079017      1.96756104330378400746      3.80521901288566066768
      1.00688076633890055689      2.25485269317127734467      3.80070613427049064370
     -0.38988846955641748293      1.86221657351168845551      4.83265420565756986804
     -0.21339862705268528020      0.64841964557347364639      3.08624082080329431577
      0.77129585917245868654      0.03856776513264217887      2.66960376563358225965
     -1.46242393232845224738      0.20779395220921512144      2.93972550925676756606
     -2.21115277504746243764      0.77879355360188551316      3.30284532566652577756
     -1.81813726754559468191     -1.06073294129604045466      2.29623999135443890296
     -1.27714107092285278355     -1.85982001063685009612      2.80723547957637897809
     -3.31898911849057798307     -1.31052330520063198271      2.49707339730904376296
     -3.89809587634338461370     -0.52826236292989825483      2.00342264627056687587
     -3.55557851762981602661     -1.31687685472801918607      3.56217948434267839275
     -3.59260764264604448570     -2.27715969750352309475      2.07154349150282213188
     -1.42369076734400223927     -1.11026687747114682914      0.80330420962947646224
     -1.40337310448788166184     -0.08834786686033140046      0.10875993778929729516
     -1.09893024053489440917     -2.30782968419844181085      0.30231121424538992537
     -1.15081533836922922376     -3.11267772527287478468      0.91189286724693041641
     -0.72291054697375900506     -2.53512946824110185773     -1.09892749152089219677
     -1.52884424524862772010     -2.16586016317091045735     -1.73602050481495573386
     -0.60022877547257569297     -4.04882809483365058156     -1.31609492914984849143
     -0.37072577525004890564     -4.25135643159494680532     -2.36330912952791383219
     -1.54198695932930029961     -4.53840051283090506473     -1.06337909372070171798
      0.19774901681810666543     -4.45540179809532155275     -0.69244563739849007700
      0.57028294128891765524     -1.79914940820493418627     -1.51949667781837138847
      0.72467105445759283366     -1.44031291304252762053     -2.69011707465363070213
      1.47340299857218659518     -1.51425002740683112279     -0.57164173485690039644
      1.29472806812485985439     -1.84008093615268997212      0.36796394206282240225
      2.70766964734606485621     -0.75633127395348320743     -0.80817019652171340205
      3.20614631126455362775     -1.17469624084778634376     -1.68460815617475079264
      3.62947084255684471188     -0.96146899392864015876      0.40073506947584169868
      3.81550954511560647120     -2.02598186652785949846      0.55043186076137584628
      3.17103781167897480486     -0.54444592473211661510      1.29840271772045201537
      4.58241674241634466824     -0.46077364818832244886      0.22418957484626897414
      2.46743557122762569023      0.74546081418186027623     -1.09312890954378993946
      3.32932460556770992710      1.40537003585788178306     -1.68160855419225474527
      1.29752519158833012902      1.28070134809473112902     -0.71855702424632961201
      0.64375862736052269497      0.68807198722605122931     -0.22328850881475073575
      0.86833248128251760978      2.65633272647141227552     -0.99864624260928513966
      1.75454610303060931642      3.27565401746424900153     -1.14646503375312325268
      0.14481334516697744186      3.18920436291497955139      0.24553191884128278133
      0.80130844722372085442      3.11464670873288440589      1.11313865344645424038
     -0.12041760681216889806      4.23683756414884093999      0.09835787744396100318
     -0.76432444225854279107      2.61466088531374296622      0.42680557435044380599
      0.01754626808850206360      2.79638086524727036419     -2.28688587943809373826
     -0.38911287622246648610      3.90866178902930538896     -2.64174279824768643010
     -0.25717377086164810995      1.68998881181355442571     -2.99540200879936113765
      0.11528408454646152381      0.81427777727809136366     -2.65294729108798410522
     -1.04889367266411448476      1.65230374444451766358     -4.22512351708100641901
     -1.10559272556731391646      0.62891036412897993735     -4.60123887560542499386
     -2.06101637454154484885      2.01338354715177292320     -4.03105457180512605220
     -0.58826192039514202392      2.28321271481581034024     -4.98817437950566588967
