     -0.97469556949929991863      3.55396159061613436947      3.74573094171023202037
     -0.60943201557497506116      3.28770832888697261964      2.75468972908285048007
      0.32296766411304911326      3.81425832043426948914      2.55451551387833841744
     -1.35248142338439247823      3.56596166552814208828      2.00849862162777359487
     -0.37345472234550936008      1.79569526347035934855      2.69624085636389176912
      0.76270530136246905695      1.35586861366998046030      2.51750544485286820162
     -1.44680838116961418827      1.01816278762255030266      2.84118007546921624851
     -2.34071430327930007920      1.46714485788650228493      2.97474146044986342829
     -1.41521650787173980390     -0.44805882586323220185      2.80831508003873953072
     -0.73324001876807409772     -0.78800588734223397935      3.59034288390492406506
     -2.81543722393368911483     -0.97993838624580875685      3.14193567799710882227
     -3.13162906803029938985     -0.60804753644692821624      4.11770915795148617633
     -3.52963534843427373389     -0.65554026874062643060      2.38320338592236868891
     -2.79869139757187124218     -2.07043764645074412911      3.17074531922687752328
     -0.89858172398617564003     -1.00000450487592518201      1.46144751683385365482
     -1.09763716411517098237     -0.38837195551953412886      0.40682117507585935368
     -0.21887578864426848746     -2.15428405082636720280      1.49900876732093957244
     -0.12734816067044496535     -2.61637585743740208599      2.39387521103649847376
      0.45774003862600837200     -2.77783916242177708611      0.35006811749804073175
      1.11949221472238180652     -3.54436577908319749852      0.75720027034181147663
     -0.58279250185879472035     -3.50794286635478647085     -0.51648970659639359404
     -1.25697263596754571502     -2.78835480014550363137     -0.98265659853744247165
     -0.07834587680307475432     -4.07954426721029683733     -1.29656718252908009781
     -1.16265792979549487107     -4.19515510243820521907      0.10095874119404057989
      1.38545288183428993989     -1.80702102414892817883     -0.42689019754435986176
      1.44490346341062347868     -1.83202483682440986357     -1.65984023016285386909
      2.06430189774918737555     -0.90452271755912883044      0.29729210186663240778
      1.96486607238835819800     -0.95244356473836511157      1.30206975926587009695
      2.88730630719535685813      0.19471481890659667058     -0.23058341435108714590
      3.10865761067055057509      0.83959259655686291346      0.62159592593360313284
      4.23637786280911310399     -0.36470844084062947754     -0.71288425182739278974
      4.69270180508611289838     -0.96461456407849133221      0.07557472858760848344
      4.09151827632786257993     -0.98454006181893649607     -1.59838061215498394851
      4.91015895701696081233      0.45650621112232686594     -0.96021205487393601619
      2.16514675953850632695      1.11857736935117579868     -1.24749396910895549162
      2.79907091855601830588      1.70501187162126410790     -2.13134009233377996750
      0.83569901444985694727      1.23623498029909795193     -1.13787237363330295814
      0.37862212159771346798      0.72349775475271149716     -0.39298907458747073251
     -0.03327244076753589630      2.03455146689274712912     -2.01059689666459329160
      0.58577972345258466635      2.71148967693537734647     -2.60123878109045048035
     -0.92840400223257413259      2.90178084169366456990     -1.11362602677543076624
     -1.53229254164119033099      3.57010003856225921481     -1.72856796596364925556
     -0.31073138533354721647      3.50470120065181145463     -0.44669596778847420193
     -1.58987494709783350189      2.26871969038170639976     -0.52062742238653259008
     -0.84388631394066604408      1.19076874201638549522     -3.02784338615599324385
     -1.66850399259576898103      1.73781208563690348079     -3.76920924578572424934
     -0.62677030904225983221     -0.13219876039367431386     -3.07789073631103349271
      0.07655482127757141930     -0.51327796078773924027     -2.45564855263926684614
     -1.32022244720787806926     -1.06835669159690516139     -3.96207245673721164536
     -0.94152652600203534661     -2.07985960124058832932     -3.80286134942948450544
     -2.39218601902959315808     -1.05624330727453008549     -3.75463669089402696244
     -1.15770502558968435558     -0.79074234479090621530     -5.00555122656838591411
