     -1.79086422030027336838      2.60887739932869067161      2.80166145901009588925
     -1.17046799241774679423      2.09180511147912007175      3.53237207126575158966
     -0.25963294648656043417      2.66337630426145555163      3.70657626113098626064
     -1.72204638123490738622      1.98828128454427743854      4.46589163530619437381
     -0.81644127215508155437      0.71791831208401390985      3.00988816191352004381
      0.36178266615178128474      0.37125002387689354233      2.92780887322868776934
     -1.83528609168802603335     -0.06441237520592854593      2.65514998486085351814
     -2.76998690702453220780      0.30468474471056766761      2.74740662338522456665
     -1.68443806651384497819     -1.42736486617551072698      2.13550829647784912169
     -1.10232335123756741702     -2.00146122680065907673      2.85927115816805077486
     -3.07344418360833149251     -2.07215001540525722845      2.03475819408947122824
     -3.55887553890016716807     -2.06398064212595189204      3.01185773411291801693
     -2.97728902608129830654     -3.10596332331503877100      1.69968211556365877968
     -3.68991217402741478182     -1.52332549689548701899      1.32079677278117135764
     -0.93215783311265631994     -1.47427679614250606299      0.78700856757082737758
     -0.99797467795012217984     -0.53478162312850130444     -0.01205695112183390906
     -0.21431615073872034571     -2.57660748833486552556      0.53317611449517698929
     -0.22891532700992839322     -3.31333921179394952361      1.22570611810011209641
      0.59415100326982128731     -2.81173576775967370978     -0.67401457021168487138
      1.23036420802854906675     -3.67131547235258359763     -0.45600847098945251901
     -0.33445969553338805724     -3.23302249351595261118     -1.82595929340655449558
     -0.95770659227947851910     -4.07150434052660159523     -1.51234645368415487887
      0.26013442817663723350     -3.54271557693842575887     -2.68636733682230532949
     -0.97455729379209243834     -2.39919464281961225538     -2.11727530934312069277
      1.57441233828630600122     -1.66075469659820873503     -1.02196959646935003896
      1.79198168847526306813     -1.34004107030379526755     -2.19460252347542761342
      2.12854026285241504368     -0.98945665117566250490     -0.00325918305333284782
      1.91214909987651426881     -1.28959309147894085612      0.93716743703087446171
      3.04797427179069257974      0.14495870318516959618     -0.16128351301454371680
      3.82575197743341721690     -0.14123532155712187341     -0.87175474172667122286
      3.72012066831304544223      0.40201191896066490461      1.19356106048400856245
      4.22271394607733885351     -0.50306532946749071833      1.53769083930267136395
      2.97566095992704271467      0.70538946712316441534      1.93080804152732365964
      4.46086953344800107857      1.19615523457181649469      1.09066563970468455302
      2.37677456136892084615      1.42532509230423154456     -0.71458440477723006445
      3.06921265427996692310      2.31094684729820531999     -1.22557922476767089393
      1.04228390625955613658      1.51594041509791832567     -0.64970349100030255762
      0.53999160930491785226      0.75652863024422001281     -0.20517559689546593926
      0.22770611863504594541      2.59510812220162767616     -1.21989231344408644020
      0.87409815720019645724      3.44417923347376042642     -1.44718610487024679223
     -0.76712176876770277190      3.05358180716210014793     -0.14439057727131424103
     -0.22781279880182242481      3.34698825277372780107      0.75721387727430355952
     -1.45953490320916956513      2.24532605530534690175      0.09426690831984139984
     -1.33404748953988971927      3.91180014686017285541     -0.50708666882819475319
     -0.46829484927827380591      2.20819019342833744446     -2.55022349323291530609
     -1.20331069603298845827      3.02019369994998587714     -3.12377952266435610085
     -0.24926992255937371890      0.98297075796603650133     -3.05283282508847220171
      0.37236866330367218714      0.37326889885676728387     -2.53731566948188813626
     -0.83914295131434157859      0.45810724384538975551     -4.28409744396503278097
     -0.55536826278957651670      1.08330381394171348930     -5.13320543304316423416
     -0.48611143012661844898     -0.55964587069778148898     -4.46169005998325829410
     -1.92793192794720624761      0.44447567568013096606     -4.20225317247222740491
