     -0.10906412963300732288      1.64957549710426709666      3.21166835562516173042
     -0.82833070023384203218      0.87660046503570276943      3.48001734104504567568
     -0.43814706367293093647      0.28565968783255946128      4.30770794299028114693
     -1.76872363390911790937      1.34017526049601154448      3.77545608939956567340
     -1.06913502959248618573     -0.02403026943488003817      2.29215596535863719296
     -0.47408474717337406590      0.18063333372332146531      1.23613939516097226523
     -1.92757092854294853623     -1.02977800810910902207      2.47094011183144735000
     -2.35966329573505539940     -1.10699255152015085812      3.38099956675579171872
     -2.35000561771712312975     -1.99783835029341316769      1.44551542168972435576
     -2.82424819294528628433     -2.82151572526522542717      1.98172790087751682364
     -3.44371903544375745909     -1.35699337101292716312      0.57550209859310619276
     -3.85839830107963743799     -2.09969054282930578381     -0.10716139270211626211
     -3.02574551527474078227     -0.53377078358035290329     -0.00260354203413068301
     -4.24673876608873968053     -0.97803332948664600810      1.20898177646313897959
     -1.19015868404908786715     -2.65442586405238056813      0.65063192677245562656
     -1.30670062191956515285     -2.92231365029408340916     -0.54980201877711565306
     -0.05047594143219794049     -2.88987898737488624334      1.31308005224049662019
     -0.02534505781739461103     -2.66010248751434952297      2.29670922677834177250
      1.14617253231334448316     -3.50602151419591079318      0.72719526369064069193
      0.82814877133521613839     -4.29139704742225180922      0.03910081722613143601
      1.92873158946154354965     -4.17485473361936421099      1.86560636104730992457
      1.28965070378870172441     -4.88916511111640073040      2.38690318795115441475
      2.78830206298910310281     -4.70850238190505532287      1.45766829556329158279
      2.28100266284262875871     -3.42146514764590348179      2.57206070557588928338
      2.03805531755715207964     -2.53364625212880012484     -0.08359636867876428512
      2.94257130245660381007     -2.98536086614771711822     -0.79343606961270041200
      1.80234253929720900089     -1.21761212017453512857      0.01106516753010438302
      1.04016499827118980015     -0.92044818174351206164      0.60825346125148460619
      2.60999160091080328883     -0.16480113991057893097     -0.62149169948617677406
      3.43253336886527504745     -0.61808622020308723322     -1.17679541883071903108
      3.22300304864138142946      0.68612199208076907198      0.49846276630692343268
      3.87005067970186011905      1.45049795343492560207      0.06602144597403747373
      3.81771560657016095774      0.05555938811765219476      1.16094017568587215550
      2.43434612499826563692      1.17219488751702671792      1.07520423347089910671
      1.82597300436588216854      0.70835766646439679572     -1.62686661385993325268
      2.41101287255237117790      1.20948121712593237298     -2.59284972033016503090
      0.51443110504119515802      0.88251523687359823001     -1.43040304502831983058
      0.10355581511383396554      0.49642563180757892649     -0.58908167005857203780
     -0.35059846566718555483      1.69713091881733779687     -2.28756533026717256973
     -0.13995898370462112048      1.44155527830770591180     -3.32805888864116461434
     -1.80922343150588371685      1.31745910749146588614     -2.00216673805720501989
     -2.06349028793212774247      1.56697029856037373108     -0.97082847705683894546
     -2.47262966849880294617      1.86407096283445983254     -2.67365364410054917599
     -1.95178361471881989253      0.24774170852145266375     -2.16241315206247541880
     -0.10797748421580082023      3.21657813897333477726     -2.12307018291031512902
      0.36553366071548631933      3.68376317223281324331     -1.07939489827768064778
     -0.46076609829937681395      3.99687423481881731746     -3.15414778914129501075
     -0.85212148447636071324      3.54396100798501834106     -3.96969486030604334914
     -0.32346094005819642225      5.45397657619111608795     -3.18632901567664372777
     -0.68019830153810401097      5.84351499054060230520     -4.14186206939334056187
      0.72422440403484344973      5.73524716959141400707     -3.06051688905639140970
     -0.90904974894847900835      5.90408285450117187310     -2.38192555850959397645
