     -3.57060050549237617545      3.50194680635142407965      0.54160343541398969780
     -4.37724476097795633933      2.94261305952508900319      1.01391766918243431128
     -5.23104491962494666524      2.89353631380144538099      0.33920327216998730213
     -4.67041463038739834701      3.43881986868429967430      1.93823300346456606214
     -3.89571298423000378364      1.54403743830622319777      1.32885097523305151235
     -4.46150944947916805461      0.56850999083861442074      0.83422080324091574255
     -2.85271757710697615451      1.44740633872627766365      2.15214699424431632480
     -2.44934168014148534454      2.30261905869857397278      2.50427811436543201751
     -2.22121787629140499121      0.18240126095588268806      2.54042596565420453203
     -3.00868798931031333765     -0.52548520332233972230      2.80701747076400964787
     -1.36976776371972275292      0.42785695151268782199      3.79421717072642872282
     -0.93884622697159936244     -0.51273658943215805195      4.14034328305235987955
     -0.56278705260546779687      1.12707916149479481227      3.56836702454739906898
     -1.99175637981129094456      0.84067949597080104951      4.59003310656953811275
     -1.39396496260224389552     -0.45015165646832044910      1.39876817549060405987
     -0.91705220163473133432      0.24592113640718127332      0.49643829329883376600
     -1.18548016893340579792     -1.77263708367637873309      1.46603810978352933070
     -1.60131737146170860520     -2.26826945963528192607      2.24314555521394964899
     -0.45197503101328467823     -2.58307079599042888063      0.47861142728131650381
     -0.25404476805495995739     -3.54435676469479954420      0.95593124584038846603
     -1.37839065774645530560     -2.86712140530062287169     -0.71605979737327007939
     -1.58404976020761556477     -1.94336039876177424368     -1.25858937405580317836
     -0.90390037411955137525     -3.57951312026760515295     -1.39216506372606874109
     -2.31851586952244659301     -3.29365756234055284679     -0.36382359957547999452
      0.94458072910620749507     -2.03019251523929611380      0.09019938351489574513
      1.37750141754409693995     -2.15299340086894996915     -1.05975283587572377542
      1.63199130949867154960     -1.37523247657120695209      1.03760512096306012353
      1.21985125121022086603     -1.33903723621923842479      1.95945655745696267758
      2.90927516382310491494     -0.66902069730624935673      0.85223848495897081001
      3.05634763941592613179     -0.06944037930790092350      1.75217152610342941088
      4.05378473540532890951     -1.69614865474934251033      0.82247186853407405760
      5.01480287078296793624     -1.18068711121287095445      0.84087101823247789589
      3.99202636991708770253     -2.30125651682160281553     -0.08275889036811936994
      3.99100620099583025535     -2.34738519176070514760      1.69527278308349238500
      2.92967631987297361107      0.35561321095347048216     -0.31477477264382069944
      3.98453353969069912210      0.62620055836803456550     -0.89872298998795674407
      1.76871437863271352420      0.91849689414815294253     -0.67726616755517565771
      0.93195637746587689509      0.66310783036322118456     -0.16439020802152667922
      1.61306310423122556408      1.87931371400160274199     -1.77617918069048430496
      2.48867027739327362212      2.53073031050969543543     -1.79046228073759428057
      0.39087665500108231820      2.75537293257544346758     -1.46805561586151256392
      0.50011944348535530835      3.21544360911995896757     -0.48495235169124734087
     -0.51709268055884061166      2.15113732226919962542     -1.48570747203379549539
      0.30559588638115103842      3.54422772487717852030     -2.21642687189080156429
      1.51643965974952754650      1.22981771104456205634     -3.17977419148477391531
      1.53915941027432001675      1.94225451559329065354     -4.18995468263912673734
      1.40964022597701621464     -0.10486666505773618863     -3.26493259708463412494
      1.40540215261413359293     -0.63049300080589565365     -2.39751447128595440716
      1.30352369786491006920     -0.86311798847084619801     -4.51121121339304576026
      0.41675967875576375166     -0.55092038635108075972     -5.06666372407611032003
      2.18714034858229888769     -0.69428573715480634831     -5.13012124250700907169
      1.22499479833359092851     -1.92970521730911448444     -4.29181824382558296804
