     -3.55158132557308947597      1.85504730774269410709      3.07221319084432931135
     -2.55293814779449768082      1.85853016985669605710      3.50729111491802836298
     -1.90610609985425960566      2.51459619459363237226      2.92604258396303951173
     -2.60444502557218671157      2.21459306750114226503      4.53551515552880868398
     -1.99247797765066025910      0.45406898545320378835      3.48201968325037292118
     -1.66852440092376519409     -0.10090822001716490131      4.53220239436742033945
     -1.87726528157443994793     -0.11160050241679833616      2.28153471928595941165
     -2.16399200462051055638      0.43124658847998148525      1.47965866357086595073
     -1.34145028075173100568     -1.45213151579930244139      2.01796367877945925784
     -0.70253451689695156634     -1.75459277106741873276      2.84989495749777699274
     -2.51630259916000031950     -2.43816961606747728553      1.93086794640941694645
     -2.14221655120472131983     -3.45091051006882798546      1.77454911753790534057
     -3.08815855775896119795     -2.41616356559015432737      2.85966630340604810456
     -3.17070552002192762586     -2.16784113405816825093      1.10047382297312035249
     -0.47780851675425767278     -1.48146575065151608896      0.74013054289474788927
     -0.58197929791706937142     -0.59341994295254807401     -0.11099305642091852886
      0.37987908064834524646     -2.50032544100966713785      0.60207407118609157504
      0.40131814206519533794     -3.19262081601839398104      1.33895053709724365376
      1.25413164537897903195     -2.73844418422230750920     -0.55959243977231176714
      1.97328443154606025800     -3.49857907922658739608     -0.24969302729604067603
      0.41740276779116836092     -3.36145741463272740290     -1.68997217391084375571
     -0.29973545294059894539     -2.63318349269900142673     -2.07057318943792889598
      1.07059793333125408132     -3.67781948720140938747     -2.50418373914480740794
     -0.12078038502366239548     -4.23343774847295062358     -1.31595753940566018159
      2.11704145432559842632     -1.52311901783277292566     -0.99338679003407226453
      2.40786810864024447554     -1.33858751018622013085     -2.17958038080085581001
      2.50020549027616301174     -0.66419169768296060230     -0.03944348307999086950
      2.25803569110653379326     -0.88380642387344199307      0.91643236218079204836
      3.27447331824144338697      0.55942501608327543927     -0.28352143127514972676
      4.09473895310339308651      0.31924988374598994856     -0.96248442966719882641
      3.88447988385052767057      0.99997958997495284272      1.05376374028236230451
      3.09407858177317329762      1.25921106323458853460      1.76013607815743777785
      4.49174731452650188857      0.19433608123669710022      1.46920502903242500281
      4.52078436808378736345      1.87223179842594755762      0.89741724056457627956
      2.46214471426132330834      1.70383516685028046922     -0.93839930837744967018
      3.05455079946233221122      2.63625680917103100143     -1.49087663810503001649
      1.12448329688132475646      1.63955439899121180325     -0.89239713975863721451
      0.71146847243477717715      0.84644775343784617316     -0.41751922596578955327
      0.20182919789762179819      2.63033688105082363862     -1.46242805652270035921
      0.76853912104821675566      3.48486989923933032642     -1.83533618018923694315
     -0.70089643430381964873      3.13362150076238155094     -0.32808931603822821810
     -0.09111956779818281005      3.55128224192617025778      0.47442721225438649890
     -1.30259134553494626552      2.31315913362507785678      0.06546578547961508232
     -1.36511807674911245236      3.91184880273064461420     -0.70646217298783497984
     -0.62636417143557832077      2.08959090051131868293     -2.65161272480310916677
     -1.00275928141668502214      2.86069421608807061830     -3.54102227720515383425
     -0.89728394994971161225      0.77671685011308833069     -2.69237738163926643153
     -0.60138382181443650332      0.21681615398625342372     -1.90031961235712687497
     -1.63705005877601328379      0.10151984474981042006     -3.75842612790501684472
     -2.63083654803159294744      0.54178014054524503695     -3.86321709105648425364
     -1.74480950637234366596     -0.95916580359002945322     -3.52390960373669726025
     -1.10386806249825197845      0.20109520523046017781     -4.70612139456869105203
