     -2.37474634806579754098      2.04652742575961932303      4.73611260867676886477
     -2.36966078168338700749      1.74585935334463004942      3.68909242319121721820
     -1.72020841852205008671      2.41133169239567290987      3.12162227726143415296
     -3.38170220065379956154      1.79882303279897937109      3.28964262077865932099
     -1.85911849359222514089      0.32735008251150754521      3.56891143108455510813
     -1.51986605295437504637     -0.29462479158271986934      4.57582969218481316886
     -1.80333961834525768886     -0.17513664629835562492      2.33650894709388490256
     -2.09759558727019301827      0.41990955454750600317      1.57543482150897462546
     -1.32310846624512246095     -1.51598183138126541003      1.98280989117562378432
     -0.66777944907276709507     -1.88427414936785053712      2.77446035810980662362
     -2.53351050066482708090     -2.45689185320575953497      1.88406757967718552216
     -2.19996288215890922757     -3.47121355172315304571      1.66064524035024962956
     -3.07316572652116493103     -2.46716700210633099744      2.83213748786430308257
     -3.20536615640426703067     -2.12024565255734476210      1.09276840492492599566
     -0.50382388007637735061     -1.50341522185816978130      0.67582480738702321865
     -0.60545933285543340752     -0.56713260171613188998     -0.12225625449874087669
      0.31316527666654936368     -2.54062915624863849828      0.45338686921218518400
      0.33512818338591054967     -3.27259835032650636677      1.15085240342898353916
      1.13969763908282373244     -2.74313494662000945112     -0.74924473922678669346
      1.84208268738309954848     -3.54217891554198738291     -0.50591899846701071652
      0.24496942802128562899     -3.27561906163964877692     -1.88147313725499687465
     -0.45884583423504660127     -2.50456221404603107672     -2.19713544003032046348
      0.85951619926167999175     -3.56803542982754073876     -2.73383121052209432378
     -0.31027432342583660674     -4.14875456575081891231     -1.53619568491741542715
      2.02915659639502488076     -1.53467681178988812896     -1.14711133183843760897
      2.28669429554107894731     -1.29500515709430352729     -2.33113797462468452792
      2.47312826172190014518     -0.74228577798768302642     -0.16243662842332085017
      2.25534698857758453272     -1.00593490083264969215      0.78816104172034062714
      3.28062178524036518468      0.46694284199537094970     -0.36743164499274921786
      4.06915762007455494853      0.23769309883685951768     -1.08657443571469536359
      3.94945459833998269161      0.81339956486306974615      0.96941477740936221608
      4.54201134567777398132     -0.03319302314646312840      1.31953497692509058581
      3.19231477135768360043      1.05918986065772546823      1.71588879800238180984
      4.60993213155192638197      1.67167445298982331181      0.83794162701458552167
      2.48698579373409867088      1.67142776977576246189     -0.93114726253509016995
      3.09255905131681174680      2.61289182556826160564     -1.45317479703388863221
      1.15016375875353316083      1.64841952056417717642     -0.84190755317864007790
      0.72600898579145933809      0.84438383743284883831     -0.39611862090350957732
      0.24384247626247154694      2.69854059282820646359     -1.32533612664004807336
      0.82701512742591554161      3.55327368707244195534     -1.67144055983632133788
     -0.60289200980316925982      3.16809617369259655106     -0.13475155050872433815
     -1.21915024470639021814      2.34737473604068025423      0.23500914995238031402
     -1.25205457241605944141      3.98715580844362227353     -0.44735901773435304829
      0.04719254482104055098      3.52102037242903476155      0.66720585653968478290
     -0.64147044100651440246      2.25110251867878874421     -2.51213467934050926900
     -1.02032100209875875585      3.08166589211436159346     -3.34517710772802745467
     -0.95871133677450537380      0.95197916852197239646     -2.61379235133823550896
     -0.65620625426009515646      0.34015115007469848285     -1.86375345637501443896
     -1.75625385777314635405      0.36072896768749190821     -3.68801482880957776089
     -1.25166156551690543886      0.49463883663245605815     -4.64706611676919223441
     -1.89269795679548691325     -0.70713234508146349810     -3.50712987091289774000
     -2.73719225248668740491      0.83827213947254708426     -3.73421271131913590224
