     -1.58614518626353429021      2.25306035661448866847      3.31276797153394664264
     -2.37211093491145508239      1.62993216269569329846      3.73741976666550534958
     -3.33699436594692988578      1.93990560920280508128      3.33800475160720822032
     -2.37567397219000620012      1.73598403885030116989      4.82159136106641650343
     -2.11898541937964512982      0.18540807156417066226      3.36791605043826125510
     -1.92883419856340632137     -0.65302293883599837887      4.24918869663063780706
     -2.11444485089691536217     -0.09739292453714962217      2.06602651870697995307
     -2.27538416469466353576      0.66346804972062856098      1.42171137757167831417
     -1.87527499273672004776     -1.42280496217937413306      1.48299534561061796545
     -1.33006308786819249512     -2.03861595496380276771      2.20087510895816240719
     -3.23317706482511946220     -2.08903521140462355987      1.21410834225199915082
     -3.80161551415897802642     -1.50157205633090873320      0.49116766243600396002
     -3.08321372100697255192     -3.09416699929641181299      0.81751721477444305730
     -3.80095000709531172234     -2.16090026794511169683      2.14291279135340495543
     -1.01697114412289169039     -1.34126191918436799000      0.20367524539114029158
     -0.90291285727012127182     -0.28063287623516114389     -0.41863351954993766046
     -0.39106521642800479155     -2.45564698282427551490     -0.19067885730242842279
     -0.52140449497585350525     -3.29469954037399492819      0.35819895413682484309
      0.38055672156902836667     -2.57114411843395229695     -1.43699430204414557721
     -0.27554974927856373812     -2.31042532380819753968     -2.26960970019977592571
      0.79255653246048429761     -4.03997687345450806617     -1.59939241892029127001
     -0.09339772052510293687     -4.67675310851441317084     -1.60280867383293967876
      1.32054062425434226569     -4.17060523681675299201     -2.54515624748727953275
      1.44988186715170086494     -4.33880417929394823773     -0.78111784331100919676
      1.60756331585348721802     -1.63175023346662473323     -1.51209122037624332791
      2.03994474272089698630     -1.26493521568956079904     -2.60839713273881734779
      2.14128814709446446685     -1.19974828332410266007     -0.36201907917326087150
      1.77020765734133433966     -1.57516881420831444949      0.49926665542751641480
      3.22706280628895303408     -0.21701628847487330898     -0.26829633283421255863
      3.98090149178497920701     -0.45933322557953965015     -1.01964312463451056701
      3.87561718643340213930     -0.36741322282687555179      1.11414918217049074833
      4.22484799346295414324     -1.39191059617693735362      1.25156624365374047336
      4.72954102040449164690      0.30678442646553377715      1.19428457293795431404
      3.15516927316351925015     -0.12230756786881719078      1.89629387573646535081
      2.77588462589482265486      1.24156250477519058961     -0.52788128685295276910
      3.61689455336711240818      2.10062872895209373780     -0.81083222858197145921
      1.46830522897581894348      1.52709188935325301806     -0.44556313954011883549
      0.83723235157524988903      0.77258080840350507046     -0.20891419684780335175
      0.87410811431071522293      2.85414591711290732690     -0.65659053405193024133
      1.66570722106727253653      3.60292457198521498540     -0.71369242077759798004
      0.01686954657933342067      3.18407773372056723815      0.57259029260082927593
      0.62885917068726748802      3.14127779361103698363      1.47480567392037076324
     -0.80520475614637965212      2.47249345896392291877      0.65942868221433237341
     -0.39336918422455807720      4.19001102739271402697      0.47334792319067742206
      0.05859583880907223014      2.96258977439611159710     -1.96584020095497202796
      0.00254095723649468185      4.03925857857945924678     -2.56990804870817690642
     -0.55506012837639284729      1.86130420497791937429     -2.42323571330373077615
     -0.51023639078050297968      1.02989967149311545391     -1.84424306370183233028
     -1.33556200829448346035      1.78366798555409622473     -3.65801430994709031452
     -2.16658037101892997356      2.49116691886071128792     -3.62217593987939556754
     -0.70442940178165014409      2.02198694674086931755     -4.51665777552247860172
     -1.73606608472591261716      0.77583369206228625092     -3.78342294991070593468
