     -3.72380653389615101645      1.23119842791919054115      0.25833126180718779530
     -2.92218550780831165525      0.79388676792695589413     -0.33581332001620722849
     -2.42671454514127082902      1.57710326779142895326     -0.90649191409625418103
     -3.33867762109808419169      0.05284211094674021170     -1.01711143632673883808
     -1.92999108263750285275      0.12457833181330148220      0.58454930670332816423
     -0.74678573150179972107      0.46070178145896562016      0.56894247659432750641
     -2.40409168892107238946     -0.84488310088042328783      1.36661805545673664675
     -3.38901282416892390970     -1.05907467880878436439      1.29913069272392966980
     -1.62948398200512589717     -1.53792865206763917918      2.40591338012942035363
     -1.22736182761270895547     -0.78410855762646924916      3.08522870357744194436
     -2.59968201830110867689     -2.42220930227679076552      3.20055358915950982635
     -3.02270594121177005320     -3.19143804544032505532      2.55233998441810117086
     -2.06908028334762006395     -2.90311150642224546914      4.02357777740946875866
     -3.40560554182485741848     -1.81330558500545890865      3.61295784280972354097
     -0.42629275587863424413     -2.35510191881990627039      1.87742033645597761193
      0.48197989295564636070     -2.68536897762975490522      2.64549878581524833265
     -0.38177623542005012514     -2.64335782826993836991      0.57018661124536906826
     -1.17829636773072832234     -2.38332199297513236402      0.00618258186378820105
      0.76185376678562422015     -3.26288647185949720608     -0.10957329076079287689
      1.10019715154016783920     -4.11121982564958887707      0.48810469287317681530
      0.26714929061445213954     -3.80256077949432658158     -1.45844964540642374473
     -0.55818718971518277439     -4.49842819901692614337     -1.30024083953334534947
      1.07731919091163819147     -4.33099172801745790906     -1.96291367636759028770
     -0.06923520839378267955     -2.98008860417232934736     -2.09185713526457650602
      1.97622505047882901508     -2.31517229897858944909     -0.28266187183802959915
      3.06312236754626132651     -2.77186849372227595012     -0.65065474603593598246
      1.80589142367451382931     -1.01087418402887685431     -0.02032501674522729437
      0.89123307864539025314     -0.71586576036566362813      0.30167440879524692887
      2.86420467642684073439      0.00922563763243795451     -0.02374879968417850651
      3.76175028796677812792     -0.40986177692275049811     -0.48100746025797769256
      3.19294487035236151939      0.33750249556674294382      1.44060583683490261997
      4.03232877191687322238      1.03246737847405856137      1.48680300634396500570
      3.46639845853639450013     -0.57456834047445182190      1.97306584051782252232
      2.32647457060869644607      0.79040129063035025059      1.92515922208178302810
      2.51703061097575586658      1.27615005871915299096     -0.84565033216647234049
      3.26628316020760856020      2.25798796263491174940     -0.82150031296355230381
      1.38646138492993098446      1.27901164026125191420     -1.56424442820518416752
      0.82044222789623888481      0.44352907963630339161     -1.56109859571077902451
      0.91409047913125762719      2.41617753288467529416     -2.36323270658247919229
      1.76708922109621835439      2.85017381300164229785     -2.88809445883012516632
     -0.05869735412375976652      1.87492080643405945040     -3.41929379791621990137
     -0.93025295968420895765      1.43056092699539627588     -2.93683886465881416328
     -0.38758942224020442868      2.68925031420161975149     -4.06637730420377163654
      0.43901096473035855494      1.12101119716153041495     -4.03106523040162834093
      0.27316362179090264428      3.54849891184887278328     -1.52406658398700378676
      0.17447960793772598898      4.68598827164734110795     -1.99748457290477454684
     -0.15463957900226066311      3.25900955581070217448     -0.28616718880318681162
     -0.07162414676269271419      2.29541038262095709044      0.02028629478952449425
     -0.77462464295530275571      4.21040462063250142677      0.63575928490480326793
     -0.08049221626902688942      5.02309010019553436877      0.85941699121008696682
     -1.04093828206319982677      3.70702954076833446351      1.56718570542028490244
     -1.67929263794112526575      4.62948440331064503539      0.19047085972611532689
