     -0.36642756350916277919      2.46225989194141448024      5.70423666420862129911
      0.24177545518611642805      1.71475926304762560370      5.19628573171034169320
      0.12649240414410498068      0.75317664459291011614      5.69502104182243940045
      1.28818581675752819038      2.01675533001220541607      5.22260189380766615130
     -0.21552129563044325478      1.59217189516851798103      3.76141409802533610574
      0.56953772158722293373      1.81446830915392220973      2.83962981237217215735
     -1.48069971216763085486      1.21545379026592681448      3.56912454115961574885
     -2.05199943575293053399      1.05228905267879291330      4.38610395601263114429
     -2.12600503228801152034      1.12054479308011201155      2.25258114783752549926
     -2.06478481259732804531      2.09790216033177845389      1.77042269884796277246
     -3.60802786536248687455      0.79136389014812147380      2.47465436566829577458
     -3.70900730932554356656     -0.18111876244655197854      2.95942862007485762987
     -4.06951002964388841576      1.55694321974243621298      3.10017458791241340421
     -4.12542824747325198587      0.76524757359819062241      1.51447549463473807307
     -1.46076011636366542845      0.09924553193719849731      1.30243688408706703719
     -1.50387903484422436051      0.27653526292632801820      0.08180627599757007984
     -0.79609863625126364717     -0.92861172786535528534      1.85182417895442452682
     -0.83365076165013518583     -1.01191516205910359005      2.85832073626140115152
      0.03573493239883401146     -1.90341867955132992840      1.13010140125155489343
      0.61704355731242555017     -2.43236203361151259728      1.88726210619825440773
     -0.87474934872299969779     -2.94861491888412929896      0.46336227293856557807
     -1.45313564364694802755     -2.48696643433810482549     -0.33786424934955661126
     -0.26962267953259527742     -3.75451566999917085710      0.04618487868781405437
     -1.55727442454729492205     -3.37108059293652484456      1.20192951187535190805
      1.08724843912454627315     -1.26596365535213495335      0.18406841213168309568
      1.43837448952168567295     -1.84412322241067672124     -0.84891245659234393361
      1.55576542543485341064     -0.05031195130304666474      0.50675496491188465331
      1.22900351191644552351      0.35838877011322173294      1.37437469078962504199
      2.44205809306996890484      0.78509834196562700015     -0.31648920994936630136
      2.42897273977234418041      1.77648926106893312316      0.13955318345852785189
      3.88544451586898054174      0.26824587079751555097     -0.19260717802096880003
      3.97825071121634721294     -0.70653420173653402880     -0.67279784602927394932
      4.57152797066828409100      0.96755682259342234985     -0.67199411590952684570
      4.15844284670454111819      0.17841934838213979742      0.85965591229978477461
      1.95762980652944640347      1.01098961908906570528     -1.77433274578762500973
      2.76714698880425657990      1.22791290589010682055     -2.68233050231202874158
      0.64106944300491996991      0.94143865768547707606     -2.01630773141154495676
      0.01921408202329324272      0.76904542343478266009     -1.23480679111390712066
      0.02727591413159761308      1.09331300005462006553     -3.34103317465730675906
      0.56528202305455510501      1.87380113875609244367     -3.88204133820472119254
     -1.41424815539413994969      1.57986769756208977888     -3.13927803760050183612
     -1.86955325425563767539      1.79312265107642421214     -4.10721433419585846281
     -1.41954773502309117283      2.49219667565907565532     -2.54115216076188632499
     -2.00104750132028330611      0.81206896609729473102     -2.63320675752009636383
      0.08549582282752414553     -0.18174311361454739688     -4.22002522408720448510
     -0.25276436176658151345     -0.12547618318564196516     -5.40784715063770704546
      0.50625011545194187335     -1.32810000960721907859     -3.66411180855302909265
      0.77681744553327958247     -1.30340648463516606270     -2.68696334481022702789
      0.61057365033019073142     -2.61142071001997200241     -4.35818221849024034498
     -0.36768906668441991847     -2.91430826452185476327     -4.73714663638108213206
      0.97515151033107372314     -3.37725103446533481133     -3.67079283617267115858
      1.30566659104765081523     -2.52982894630745658304     -5.19635221538945302200
