     -1.32873195106709451885      2.11595263970539182452      4.49172994379474843640
     -0.81955343495820964783      2.09624350058975483790      3.52898556380158590073
     -1.38303907320817964788      2.68785851285802124266      2.80852644513697669026
      0.18238633114463526086      2.50991166563353207408      3.63717374661342685016
     -0.73002002423300627054      0.66808621490343500504      3.04164376922464940733
      0.36843927648790075757      0.14778858899724414688      2.84723541585689332578
     -1.88512402427912095781      0.03543279299226489293      2.83724803137337033831
     -2.74004301463211419332      0.54156915863507759656      3.01457735101805379685
     -1.99243889767165227589     -1.34276231781485799743      2.34741205247281925494
     -1.42081426904134477951     -1.98579149412137390129      3.01977215162936429849
     -3.46226308401662352665     -1.77838377053076346357      2.41825742221455142200
     -3.55427403869455948993     -2.81956561265244509684      2.10558545436754895874
     -4.06970746383425829862     -1.15488335552455168020      1.76006170472907053082
     -3.82833362705810298365     -1.68601050822631703952      3.44192457492400638586
     -1.41071678630439056867     -1.51436717390930408733      0.92648067346225415619
     -1.42785353688913296821     -0.58163771954628096239      0.11642294370538383563
     -0.88940037259311677253     -2.71147269439290239390      0.62593071447172754507
     -0.93835105007086860862     -3.43318152562290768159      1.33257924450266074246
     -0.23237144555905522858     -3.06374281501175360631     -0.64354199913824405854
      0.28207487772514766577     -4.01056478122385140495     -0.47018935679679624284
     -1.30664464412807279636     -3.33879466576308070458     -1.70958416352024955565
     -1.83561504885867932124     -2.41767238861690669793     -1.95715975313659518164
     -2.02078793329387051969     -4.07357584160409658125     -1.33552047783338512232
     -0.83911866575798632617     -3.73427469019487334734     -2.61220736896554095452
      0.88085588485021071303     -2.07505628847994927355     -1.08133395037733892607
      1.05057737427195019286     -1.78517395917046273190     -2.27043018991667544526
      1.61846643010666646489     -1.51275975387277217266     -0.11421725431010729124
      1.43671920583901280288     -1.78678686210826720426      0.84132696467389889161
      2.68765344023162633391     -0.53465308050044002552     -0.34911990309916285380
      3.31727748175910042150     -0.90242525608459456254     -1.16149824727662287494
      3.55051049638162030675     -0.46292210489114071770      0.91728059809472406450
      3.93357775784727081714     -1.45430153875506951167      1.16346470439924387641
      2.96045840044765551369     -0.08491677647759938996      1.75320391658666885348
      4.39490615043721799537      0.20667487952297647347      0.74831050149838918006
      2.17604534211344180505      0.86396495122351502083     -0.76916750516329179810
      2.94648530032952304936      1.65801224137664848790     -1.31749460974221177523
      0.88793171637779588767      1.15976966503350009674     -0.54139621282133032487
      0.32453462382179698587      0.45205182879715399835     -0.08614011053809426943
      0.18176841164676593721      2.37324777687489563149     -0.97424959609228600765
     -0.87423728303112957505      2.19008450242665242413     -0.76883071693468074681
      0.59381914806608060431      3.55672585344730318724     -0.08200429189987892831
      0.49060288457597039935      3.28396247026318732765      0.96861222218692644148
      1.62915919061088909636      3.83533616599982263295     -0.28047801283037604447
     -0.04934103798863317958      4.41369279782708012760     -0.28534756572291331000
      0.24370944423348359087      2.65000307164539528060     -2.50056271100270777197
      0.17072605595180870286      3.80414725753371696371     -2.93936910351150926246
      0.37941034325954292594      1.59495500402683165753     -3.31916569965369578910
      0.43190087822709594123      0.68017069271905239436     -2.89052576211998024647
      0.46335742006418995098      1.66661724924097409684     -4.77818316912864293755
      1.32501061767973249417      2.26816389647042226940     -5.07509070009581186866
      0.57285203523428973593      0.66399572927528727195     -5.19618501709797087074
     -0.44243581255321856593      2.12125786707742580717     -5.18475266201284146206
