     -1.03439081450255399020      2.80154186794030435337      2.91851875790024051227
     -1.76820301696539305958      1.99626497280532677614      2.91511596339504430730
     -2.20626882022595216526      1.89768903572109426392      3.90762320902279824963
     -2.55323791408404110470      2.22065364888409755295      2.19402493368153272968
     -1.09463330778746037453      0.69700185971669748053      2.53839409548326910837
      0.11797542219749208858      0.66690818483432057207      2.32983623432295239297
     -1.87910057833100352376     -0.37398830502170649082      2.43001158629394531374
     -2.86689346729275040815     -0.25858538432215300018      2.60278165226997515447
     -1.39269686884270593730     -1.71620865177953385583      2.09606642714171886865
     -0.64107680898662577906     -1.99383308287261828973      2.83791320359472676316
     -2.55737381179474398962     -2.70781571933681775022      2.21842436523322428243
     -2.20126307306342061665     -3.72052521865667795709      2.02357958026084583381
     -2.97349060293312561498     -2.67011413537632913417      3.22631804191637661106
     -3.33736544664923595604     -2.46024000205207871161      1.49640685544473761581
     -0.72604418761746658539     -1.78464470504119621097      0.70395763137715761104
     -1.14254978091572390042     -1.10650412943626763607     -0.24180726474098482304
      0.32288704543162277671     -2.60542897618138180604      0.57741165479852130105
      0.60518093195372113513     -3.14929750100614347375      1.38138487685334587773
      1.06368389648567474026     -2.80458865323755235366     -0.67401886243107045349
      0.35389284262586179208     -3.09302559262353504721     -1.45164804586313178625
      2.03898816870775334564     -3.97017759838304318265     -0.46509366423960035730
      1.49058853333179763823     -4.86545923879880604090     -0.16818891510704211956
      2.56790787634883654889     -4.17675026663835424756     -1.39667215668399569140
      2.76668947393567332682     -3.71826025633068057985      0.30816264380335450790
      1.79837525599929737297     -1.53731148595283562130     -1.16970742068846833561
      1.99823942376914076569     -1.37632564842241467140     -2.37724114393753849228
      2.16406027688609370330     -0.61978912636165472971     -0.26363793006742608505
      1.99827843630013757270     -0.82203980777443019790      0.71212696607294889706
      2.73037045531603705939      0.68796356500120692257     -0.61014105286335673650
      3.45544656743657396802      0.55782618857509047583     -1.41577144627885931349
      3.48079807050467326945      1.23243691392685761343      0.61204188326143349475
      3.93967938003928308532      2.18994735458836453645      0.36180484064369655695
      4.26474754056997618079      0.53337087125551174704      0.90685367128345450993
      2.79329717514209585616      1.37579338030160203132      1.44696570829372750389
      1.64894264715579264013      1.66991240255837114503     -1.11011918742545878658
      1.85131605435483281852      2.35491760015804363348     -2.11709571295406018265
      0.49316164817292584832      1.70364952216974296917     -0.43194502262836520501
      0.44073645653803528166      1.14548979995147148792      0.41171299356426088734
     -0.72435251917486875861      2.42403052604857149888     -0.82696676699212179340
     -1.51791429181764359058      2.06579179031133941535     -0.16980909684761744116
     -0.55990475774975023704      3.92367202226978584179     -0.52850637777981657184
     -0.26361977771676936566      4.06437961761437893671      0.51175190971552853014
      0.19914176972012162525      4.35741017013230447219     -1.18026061190405595624
     -1.50727661546491398248      4.43755545038958576498     -0.69555365910726019152
     -1.20843638916721629606      2.08001285929173418410     -2.25836053761365596060
     -1.54808386880070081304      2.96324581491942717903     -3.05509558123848767863
     -1.21969412260802223535      0.78145845106291844662     -2.59185846884873871687
     -0.97211700690351243725      0.11693572452553520347     -1.86583017408172424645
     -1.59949846741547352380      0.24906037764670696522     -3.89992470148924841311
     -2.63049269336497681948      0.52358338284886063452     -4.13235158644237987602
     -1.51586425722979312170     -0.83941806588737744033     -3.89801644836713512277
     -0.94254208151760576762      0.65182819604433483995     -4.67356784900721677900
