     -3.36425585401376325834      1.33861909253463973180      2.69907125410311143909
     -2.41343140338573336479      0.85243271967749889573      2.91376360856525185028
     -1.69334963135464189321      1.59431075225147633745      3.25713414036521786699
     -2.55665388146848249207      0.09747524320620547245      3.68579653656177086418
     -1.89771306544096596269      0.19171597533288786686      1.65828755367510227714
     -0.81195897875286060508      0.52850422275178232656      1.18961805772553530502
     -2.67248950488735648179     -0.75127984733236774506      1.11849815312092371045
     -3.54816217166966962893     -0.94825830773324082390      1.58266012494772478902
     -2.38864976928509786802     -1.48993460218453011024     -0.12190990517624278322
     -3.05449006362105768275     -2.35460973450283095332     -0.12888528932340834188
     -2.78941824850857900131     -0.61579208747007996294     -1.32219200834039463111
     -3.83305024672381122741     -0.31322447098605338267     -1.22648815244667774849
     -2.67258450989412121857     -1.18016534779396597976     -2.24832214836284416393
     -2.16352414077516908009      0.27510046535449522720     -1.36281331347056622327
     -0.95628233638403070671     -2.07841485553234672778     -0.19304719053930435857
     -0.27132470116184431719     -1.97041051468520445056     -1.21513269592539230324
     -0.48109157759010334754     -2.64867504955011856538      0.92405146436921548059
     -1.11006913011654151369     -2.69863288311177118572      1.71404935961910509512
      0.87700001237530655906     -3.18357006222200666912      1.12054617233857722880
      0.97186529955288047944     -3.37861074105296665948      2.19009500460038886160
      0.99004796956014207154     -4.54806946219463359427      0.41981182285857970848
      0.95040440365429734726     -4.41909756964890299002     -0.66239137247135349007
      1.93418260482495774077     -5.02445297680410618568      0.68674476858431843240
      0.17129153979508365824     -5.19620251647022257657      0.73504720004334900274
      2.02662900084107633347     -2.19156616288144245885      0.79625271176400602702
      3.13814025189765999357     -2.60208968070651103233      0.44603142242078425150
      1.75544748868688960108     -0.88417711715089652991      0.89653110340911634779
      0.82305687204020516745     -0.62286509012073121294      1.19702090800691829386
      2.67474140973841700841      0.22189227050075738257      0.60510776519895015380
      3.62683986581622663792     -0.18817994976892429837      0.26523327042585059798
      2.93670477243254612887      0.97514779830745379474      1.91807743232841731995
      2.01356635551894669334      1.43504718956278587427      2.27425510346692583141
      3.68526978973527041816      1.75208860304735236646      1.75822897159790869637
      3.30928034399000248200      0.28308305853003301600      2.67452951246340253633
      2.17097595092873252298      1.13981323830225722560     -0.53798059907216955189
      2.61787315114719953968      2.28475582762816964433     -0.66320592327922944786
      1.23046017432880994136      0.65223008488973932550     -1.36143197548971972566
      0.92921099765399928216     -0.30267552220286941811     -1.20728272166876537952
      0.55366148546108018280      1.38623948877645419842     -2.44005862982762700142
     -0.26106202897115038386      0.74164166060975389438     -2.77284935999078729907
      1.50301446087626366932      1.52606927295135674783     -3.64234530611898854602
      0.95756931999878114325      1.92378466124444535978     -4.49894718967415307986
      2.32279739959925812798      2.20252369875438969160     -3.39867520738271222669
      1.90907211571929291694      0.54979036816824322642     -3.91031987577506567888
     -0.13890948624774748787      2.70297867610184150422     -1.99602377134382047430
     -0.25153707368543198886      3.65526695705392024038     -2.77725663397871525007
     -0.60657570754904555077      2.76695733853223924115     -0.74030961296987440878
     -0.48841796609103793614      1.94552143506653174576     -0.15582057223298381721
     -1.28361693939251786389      3.92092014349266770878     -0.14975606520518072728
     -2.18690341475170146879      4.15679222890961774795     -0.71605874263180624428
     -0.62189640445531557678      4.78941527673974487556     -0.15970185689331359291
     -1.56168479999554987714      3.70083680382798263508      0.88276269703064369487
