         1      -38.7473468318
         2      -38.5076840110
         3      -38.5076835838
         4      -38.5076061767
         5      -40.1027148634
         6      -40.1027173991
         7  1000000.0000000000
         8  1000000.0000000000
         9      -38.9783691469
        10      -40.1026948568
        11      -40.1027188776
        12      -40.1027164949
        13      -39.8092953506
        14      -40.1027196618
        15      -41.2522458883
        16      -39.3468801170
        17      -38.4987584623
        18      -39.3468688125
        19      -39.3468744486
        20      -39.3468672940
        21      -39.3468703851
        22      -39.3468810784
        23      -40.5797064419
        24      -40.5796731906
        25      -40.5797037083
        26      -40.5796988246
        27      -40.5797021229
        28      -40.5797029430
        29  1000000.0000000000
        30  1000000.0000000000
        31      -40.5797008471
        32      -40.5797055827
        33       96.9253704159
        34      -41.2522493359
        35      -38.7071342350
        36      -41.8255416703
        37      -42.0260965224
        38      -42.0260907676
        39      -42.0260933138
        40      -34.6535661131
        41      -41.7577740342
        42      -42.0260923856
        43  1000000.0000000000
        44      -42.0260964932
        45       90.8336885068
        46      -32.2180713746
        47      -42.0260758544
        48      -39.2396476848
        49      -41.8255343703
        50      -41.8255424070
        51      -41.2522404619
        52      -41.8255421718
        53      -40.0426068981
        54      -42.0260588114
        55      -42.0260797233
        56      -39.2396455993
        57      -42.0260879106
        58      -40.9524714470
        59      -42.0260887498
        60      -29.1326885758
        61      -40.9524673905
        62  1000000.0000000000
        63      -41.2522386056
        64      -39.6149980806
        65      -39.6150120570
        66      -41.2522482191
        67      -39.6150157217
        68      -41.2522236985
        69  1000000.0000000000
        70      -41.2522404216
        71      -41.2522484041
        72      -38.4677423993
        73      -41.2522372354
        74      -40.1193635671
        75      -39.1365616158
        76      -39.2396409487
        77      -39.9495953801
        78      -40.9927923603
        79      -39.6150036905
        80      -39.6150022106
        81      -37.3511681099
        82      -39.6150127399
        83      -35.8213332699
        84      -39.6150152203
        85      -39.6150004895
        86      -39.6150071527
        87      -39.6150118066
        88      -39.6150111201
        89      -28.8112320887
        90       -2.7242513827
        91      -39.6149592912
        92      -39.6150130177
        93      -38.1144646288
        94      -35.2689959404
        95      -40.1675396050
        96      -41.5740111490
        97      -41.5740333073
        98  1000000.0000000000
        99      -38.6369245947
       100      -41.5740348318
       101      -40.9927758798
       102      -41.5740190285
       103      -41.8255420177
       104      -40.0615567609
       105      -40.0615102385
       106  1000000.0000000000
       107      -41.8255417285
       108      -28.3330544856
       109  1000000.0000000000
       110  1000000.0000000000
       111      -41.8255415130
       112      -41.8255257497
       113      -41.8255285524
       114       93.1012082995
       115      -41.8255384718
       116      -41.2522338633
       117      -41.2522469310
       118      -33.3739767317
       119      -40.1193652708
       120      -39.6149926422
       121      -40.1193558915
       122      -41.2522470775
       123      -41.2522473990
       124      -41.5740280741
       125      -41.7577653053
       126      -40.7482745085
       127      -36.9858682423
       128      -34.6755921751
       129  1000000.0000000000
       130      -34.9966400982
       131      -41.7577597549
       132      -36.1420504951
       133      -42.0260975008
       134      -42.0260853738
       135  1000000.0000000000
       136      -41.7577740050
       137      -40.4359268726
       138      -41.7577744212
       139      -42.0260881708
       140      -41.7577772761
       141      -37.7393205148
       142      -42.0260817324
       143      -40.3526489686
       144       96.2454251476
       145      -42.0260932923
       146      -41.7577780862
       147      -41.7577665288
       148      -28.0440643390
       149      -31.2058027023
       150      -35.8897259935
       151      -41.7577751618
       152      -41.7577765030
       153      -34.6506502935
       154  1000000.0000000000
       155      -38.6599909646
       156  1000000.0000000000
       157  1000000.0000000000
       158      -37.9560106237
       159      -37.9091762903
       160      -38.6631561631
       161      -33.1328793423
       162  1000000.0000000000
       163      -42.0260626854
       164      -42.0260733465
       165      -36.1420367230
       166  1000000.0000000000
       167      -40.6421966529
       168      -40.6421782681
       169      -40.6421837787
       170      -40.6421941052
       171      -40.6421868669
       172       79.0360926341
       173  1000000.0000000000
       174      -40.6421894265
       175      -40.3115913997
       176      -34.0046617838
       177      -40.3116071960
       178      -38.2579162921
       179  1000000.0000000000
       180  1000000.0000000000
       181      -40.3116037808
       182      -38.6919744891
       183      -40.0615549858
       184  1000000.0000000000
       185      -40.0615549017
       186      -40.0615580778
       187      -35.2989862439
       188      -37.7220861742
       189      -29.0715481980
       190  1000000.0000000000
       191      -41.8255431984
       192      -41.5740315709
       193      -39.4439021473
       194      -40.9927939231
       195  1000000.0000000000
       196      -38.6369241459
       197      -41.5740328218
       198      -41.0421907417
       199  1000000.0000000000
       200      -39.4439027672
       201      -38.0355543271
       202  1000000.0000000000
       203  1000000.0000000000
       204      -41.5740333010
       205      -40.8505959558
       206      -40.8506066790
       207      -40.8925144791
       208      -39.8071472049
       209  1000000.0000000000
       210      -34.2721150548
       211      -38.4836446974
       212      -38.4836564440
       213      -38.0310117738
       214      -35.8153167724
       215      -35.8387936146
       216      -35.7534523138
       217      -35.7534573205
       218      -34.8698796844
       219      -30.4042827507
       220      -30.2436479851
       221      -29.8251993529
       222      -34.8698727534
       223      -30.7443127040
       224      -34.9480753287
       225      -35.7927907170
       226      -34.5553640809
       227      -30.3676389609
       228      -35.7928135906
       229      -34.4728338095
       230      -37.0661126581
       231  1000000.0000000000
       232      -35.3428201417
       233      -32.9694196761
       234      -33.3522402895
       235      -38.1347227044
       236      -35.2763183639
       237      -39.2006069306
       238      -39.4053426302
       239      -38.2096902427
       240      -38.2096915704
       241      -38.2096883290
       242      -35.1708801117
       243      -33.8315166354
       244       82.7413526805
       245      -33.3828720482
       246      -34.4854601138
       247      -35.2832531493
       248      -38.2096918250
       249      -39.4053537370
       250      -37.9121128892
       251      -41.7409828427
       252      -42.0181847020
       253      -42.0181584037
       254      -42.0181859792
       255      -37.1976043758
       256      -39.6656063084
       257      -39.6885806263
       258      -37.8597068526
       259  1000000.0000000000
       260      -42.0181774822
       261      -42.0181817115
       262      -39.3780439922
       263  1000000.0000000000
       264      -39.3780414407
       265      -36.6542015428
       266  1000000.0000000000
       267      -36.4122950606
       268      -39.2006074508
       269       94.1111617135
       270      -41.9430357544
       271      -40.4142991200
       272      -42.1892005513
       273       92.1452034259
       274      -35.2556385882
       275      -34.5513689049
       276      -42.1892015633
       277  1000000.0000000000
       278      -35.2641324426
       279  1000000.0000000000
       280       96.4604251440
       281      -42.1891980293
       282      -25.5419480882
       283      -41.0703425280
       284      -40.2181352557
       285      -42.1892020025
       286      -42.1892003235
       287      -39.6424152209
       288      -27.5953334029
       289      -42.1892002622
       290      -33.9784320953
       291      -42.0325100619
       292  1000000.0000000000
       293      -42.0325060876
       294      -42.0325022589
       295  1000000.0000000000
       296      -30.6432334914
       297      -41.4216699211
       298      -29.9559434149
       299      -38.6249562186
       300      -31.4465650955
       301      -32.5023874101
       302      -42.0325065312
       303      -38.1328668871
       304      -41.2338592225
       305      -36.5577298767
       306      -35.3312114808
       307      -42.0325038654
       308  1000000.0000000000
       309      -40.3862083824
       310      -34.1402948657
       311      -24.3497438088
       312  1000000.0000000000
       313      -30.6432302758
       314  1000000.0000000000
       315      -42.0325053815
       316      -42.0324989639
       317      -36.2514291963
       318      -20.8983818717
       319      -38.5215366834
       320      -38.5215381110
       321      -43.3776630398
       322      -43.3776688816
