         1    -38.74734156    
         2    -38.74734683    
         3    -38.50768401    
         4    -38.50768358    
         5    -38.50760618    
         6    -40.10271486    
         7    -40.10271740    
         8    -40.10271740    
         9    -40.10271740    
        10    -40.10271740    
        11    -40.10269486    
        12    -40.10271888    
        13    -40.10271649    
        14    -40.10271649    
        15    -40.10271966    
        16    -41.25224589    
        17    -39.34688012    
        18    -39.34688012    
        19    -39.34686881    
        20    -39.34687445    
        21    -39.34686729    
        22    -39.34687039    
        23    -39.34688108    
        24    -40.57970644    
        25    -40.57967319    
        26    -40.57970371    
        27    -40.57969882    
        28    -40.57970212    
        29    -40.57970294    
        30    -40.57970294    
        31    -40.57970294    
        32    -40.57970085    
        33    -40.57970558    
        34    -40.57970558    
        35    -41.25224934    
        36    -41.25224934    
        37    -41.82554167    
        38    -42.02609652    
        39    -42.02609077    
        40    -42.02609331    
        41    -42.02609331    
        42    -42.02609331    
        43    -42.02609239    
        44    -42.02609239    
        45    -42.02609649    
        46    -42.02609649    
        47    -42.02609649    
        48    -42.02607585    
        49    -42.02607585    
        50    -41.82553437    
        51    -41.82554241    
        52    -41.82554241    
        53    -41.82554217    
        54    -41.82554217    
        55    -42.02605881    
        56    -42.02607972    
        57    -42.02607972    
        58    -42.02608791    
        59    -42.02608791    
        60    -42.02608875    
        61    -42.02608875    
        62    -40.95246739    
        63    -40.95246739    
        64    -41.25223861    
        65    -39.61499808    
        66    -39.61501206    
        67    -41.25224822    
        68    -41.25224822    
        69    -41.25222370    
        70    -41.25222370    
        71    -41.25224042    
        72    -41.25224840    
        73    -41.25224840    
        74    -41.25223724    
        75    -41.25223724    
        76    -41.25223724    
        77    -41.25223724    
        78    -41.25223724    
        79    -41.25223724    
        80    -39.61500369    
        81    -39.61500221    
        82    -39.61500221    
        83    -39.61501274    
        84    -39.61501274    
        85    -39.61501522    
        86    -39.61500049    
        87    -39.61500715    
        88    -39.61501181    
        89    -39.61501112    
        90    -39.61501112    
        91    -39.61501112    
        92    -39.61495929    
        93    -39.61501302    
        94    -39.61501302    
        95    -39.61501302    
        96    -40.16753961    
        97    -41.57401115    
        98    -41.57403331    
        99    -41.57403331    
       100    -41.57403331    
       101    -41.57403483    
       102    -41.57403483    
       103    -41.57401903    
       104    -41.82554202    
       105    -41.82554202    
       106    -41.82554202    
       107    -41.82554202    
       108    -41.82554173    
       109    -41.82554173    
       110    -41.82554173    
       111    -41.82554173    
       112    -41.82554151    
       113    -41.82552575    
       114    -41.82552855    
       115    -41.82552855    
       116    -41.82553847    
       117    -41.25223386    
       118    -41.25224693    
       119    -41.25224693    
       120    -41.25224693    
       121    -41.25224693    
       122    -41.25224693    
       123    -41.25224708    
       124    -41.25224740    
       125    -41.57402807    
       126    -41.75776531    
       127    -41.75776531    
       128    -41.75776531    
       129    -41.75776531    
       130    -41.75776531    
       131    -41.75776531    
       132    -41.75775975    
       133    -41.75775975    
       134    -42.02609750    
       135    -42.02608537    
       136    -42.02608537    
       137    -41.75777400    
       138    -41.75777400    
       139    -41.75777442    
       140    -42.02608817    
       141    -42.02608817    
       142    -42.02608817    
       143    -42.02608173    
       144    -42.02608173    
       145    -42.02608173    
       146    -42.02609329    
       147    -41.75777809    
       148    -41.75776653    
       149    -41.75776653    
       150    -41.75776653    
       151    -41.75776653    
       152    -41.75777516    
       153    -41.75777650    
       154    -41.75777650    
       155    -41.75777650    
       156    -41.75777650    
       157    -41.75777650    
       158    -41.75777650    
       159    -41.75777650    
       160    -41.75777650    
       161    -41.75777650    
       162    -41.75777650    
       163    -41.75777650    
       164    -42.02606269    
       165    -42.02607335    
       166    -42.02607335    
       167    -42.02607335    
       168    -40.64219665    
       169    -40.64217827    
       170    -40.64218378    
       171    -40.64219411    
       172    -40.64218687    
       173    -40.64218687    
       174    -40.64218687    
       175    -40.64218943    
       176    -40.31159140    
       177    -40.31159140    
       178    -40.31160720    
       179    -40.31160720    
       180    -40.31160720    
       181    -40.31160720    
       182    -40.31160378    
       183    -38.69197449    
       184    -40.06155499    
       185    -40.06155499    
       186    -40.06155490    
       187    -40.06155808    
       188    -40.06155808    
       189    -40.06155808    
       190    -40.06155808    
       191    -40.06155808    
       192    -41.82554320    
       193    -41.57403157    
       194    -41.57403157    
       195    -41.57403157    
       196    -41.57403157    
       197    -41.57403157    
       198    -41.57403282    
       199    -41.57403282    
       200    -41.57403282    
       201    -41.57403282    
       202    -41.57403282    
       203    -41.57403282    
       204    -41.57403282    
       205    -41.57403330    
       206    -40.85059596    
       207    -40.85060668    
       208    -40.89251448    
       209    -39.80714720    
       210    -39.80714720    
       211    -39.80714720    
       212    -38.48364470    
       213    -38.48365644    
       214    -38.03101177    
       215    -38.03101177    
       216    -35.83879361    
       217    -35.75345231    
       218    -35.75345732    
       219    -34.86987968    
       220    -34.86987968    
       221    -34.86987968    
       222    -34.86987968    
       223    -34.86987275    
       224    -34.86987275    
       225    -34.94807533    
       226    -35.79279072    
       227    -35.79279072    
       228    -35.79279072    
       229    -35.79281359    
       230    -34.47283381    
       231    -37.06611266    
       232    -37.06611266    
       233    -37.06611266    
       234    -37.06611266    
       235    -37.06611266    
       236    -38.13472270    
       237    -38.13472270    
       238    -39.20060693    
       239    -39.40534263    
       240    -38.20969024    
       241    -38.20969157    
       242    -38.20968833    
       243    -38.20968833    
       244    -38.20968833    
       245    -38.20968833    
       246    -38.20968833    
       247    -38.20968833    
       248    -38.20968833    
       249    -38.20969182    
       250    -39.40535374    
       251    -39.40535374    
       252    -41.74098284    
       253    -42.01818470    
       254    -42.01815840    
       255    -42.01818598    
       256    -42.01818598    
       257    -42.01818598    
       258    -42.01818598    
       259    -42.01818598    
       260    -42.01818598    
       261    -42.01817748    
       262    -42.01818171    
       263    -39.37804399    
       264    -39.37804399    
       265    -39.37804144    
       266    -36.65420154    
       267    -36.65420154    
       268    -36.41229506    
       269    -39.20060745    
       270    -39.20060745    
       271    -41.94303575    
       272    -41.94303575    
       273    -42.18920055    
       274    -42.18920055    
       275    -42.18920055    
       276    -42.18920055    
       277    -42.18920156    
       278    -42.18920156    
       279    -42.18920156    
       280    -42.18920156    
       281    -42.18920156    
       282    -42.18919803    
       283    -42.18919803    
       284    -42.18919803    
       285    -42.18919803    
       286    -42.18920200    
       287    -42.18920032    
       288    -42.18920032    
       289    -42.18920032    
       290    -42.18920026    
       291    -42.18920026    
       292    -42.03251006    
       293    -42.03251006    
       294    -42.03250609    
       295    -42.03250226    
       296    -42.03250226    
       297    -42.03250226    
       298    -42.03250226    
       299    -42.03250226    
       300    -42.03250226    
       301    -42.03250226    
       302    -42.03250226    
       303    -42.03250653    
       304    -42.03250653    
       305    -42.03250653    
       306    -42.03250653    
       307    -42.03250653    
       308    -42.03250387    
       309    -42.03250387    
       310    -42.03250387    
       311    -42.03250387    
       312    -42.03250387    
       313    -42.03250387    
       314    -42.03250387    
       315    -42.03250387    
       316    -42.03250538    
       317    -42.03249896    
       318    -42.03249896    
       319    -42.03249896    
       320    -42.03249896    
       321    -42.03249896    
       322    -43.37766304    
