    0.6904072064-309
    0.6904072064-309
     0.000000000    
     0.000000000    
     0.000000000    
     0.000000000    
     0.000000000    
     0.000000000    
     0.000000000    
     0.000000000    
     0.000000000    
     0.000000000    
     0.000000000    
     0.000000000    
     0.000000000    
     0.000000000    
     0.000000000    
     0.000000000    
     0.000000000    
     0.000000000    
     0.000000000    
     0.000000000    
     0.000000000    
     0.000000000    
     0.000000000    
     0.000000000    
     0.000000000    
     0.000000000    
     0.000000000    
     0.000000000    
     0.000000000    
     0.000000000    
     0.000000000    
     0.000000000    
     0.000000000    
     0.000000000    
     0.000000000    
     0.000000000    
     0.000000000    
     0.000000000    
     0.000000000    
     0.000000000    
     0.000000000    
     0.000000000    
     0.000000000    
     0.000000000    
     0.000000000    
     0.000000000    
     0.000000000    
     0.000000000    
     0.000000000    
     0.000000000    
     0.000000000    
     0.000000000    
     0.000000000    
     0.000000000    
     0.000000000    
