        0.0000000000      -41.7229924000
        4.5932216570      -37.1156812800
       11.9320548500      -39.4439050600
       11.9320548500      -39.4439050600
       27.6242731800      -31.2492205100
       36.8514193700      -36.4742852100
       36.8514193700      -36.4742852100
       44.6012642130      -32.6689065500
       49.9277789400      -37.9782296600
       49.9277789400      -37.9782296600
       53.3117501940      -37.5226723800
       58.0634695670      -37.9728100100
       58.0634695670      -37.9728100100
       72.7021720270      -33.6176190700
       84.4620902670      -37.1738336500
       84.4620902670      -37.1738336500
       86.2387008480      -33.4424136100
       88.0264853420      -37.1738336500
