       1    -41.72299240           3
       2    -33.66270767          13
       3    -37.97822966           8
       4    -37.52267238           8
       5    -37.97281001           6
       6    -33.61761907          15
       7    -37.17383365           9
       8    -31.27363323           9
       9    -35.30932121          10
      10    -33.52052431          18
      11    -36.15552938          12
      12    -35.07471260          14
      13    -35.35034723           1
      14    -34.27067481           7
      15    -34.60220758           7
