    52
 Energy=    -41.7229924013841
HH           -3.9993969040       -2.2704746940        0.6277301531
CH           -3.9990474990       -1.2396843790        0.2755884862
HH           -4.7891151540       -0.6833383649        0.7783748730
HH           -4.1671150390       -1.2206582720       -0.8006044076
C            -2.6660264410       -0.6043212070        0.5898575531
O            -1.9550190540       -0.1755339435       -0.3173026896
N            -2.3073285620       -0.5641652720        1.8729892360
H            -2.9495406220       -0.9433638045        2.5543600730
CA           -1.0898564720        0.0914010707        2.3676308170
HA           -1.1316737350        1.1458840600        2.0910774750
CB           -1.0937718310        0.0027003369        3.8992213190
HB           -0.2230967345        0.5248456708        4.2987870130
HB           -1.0591078740       -1.0409608680        4.2162853590
HB           -1.9955146620        0.4711688598        4.2964378560
C             0.2133188457       -0.4902887365        1.7751662420
O             1.1841439280        0.2443516742        1.5765228350
N             0.2246339466       -1.7838186640        1.4290213370
H            -0.5980267932       -2.3338481380        1.6332177340
CA            1.3592340950       -2.4545705780        0.7846401684
HA            2.2597318640       -2.2468533430        1.3656332160
CB            1.1011152920       -3.9660419670        0.8312690262
HB            0.2066499529       -4.2130790730        0.2569606773
HB            0.9682263107       -4.2888119000        1.8649823700
HB            1.9541088460       -4.4966275820        0.4057344426
C             1.6214232080       -1.9708222430       -0.6611055517
O             2.7572996860       -2.0491051060       -1.1388669440
N             0.5960161331       -1.4465204210       -1.3464776210
H            -0.3103680101       -1.4243011470       -0.8971321060
CA            0.6990595183       -0.8482490032       -2.6820704520
HA            1.5833254580       -1.2404525120       -3.1873647370
CB           -0.5271915824       -1.2842064470       -3.4943742090
HB           -1.4403564510       -0.9040000745       -3.0339713420
HB           -0.4517378912       -0.8921760930       -4.5095562900
HB           -0.5732686501       -2.3732080760       -3.5404623220
C             0.8419567036        0.6889315801       -2.6379633290
O             1.5512161950        1.2685537100       -3.4659741390
N             0.2012642083        1.3519388540       -1.6664620220
H            -0.4199882135        0.8248499042       -1.0637022250
CA            0.2380209923        2.8084200180       -1.4963272760
HA            0.1205907672        3.2749396100       -2.4761804570
CB           -0.9673484117        3.2117298540       -0.6374967386
HB           -1.0072853180        4.2983197000       -0.5500478835
HB           -0.8795478538        2.7786647820        0.3593838329
HB           -1.8900795800        2.8623733540       -1.1032554060
C             1.5620562980        3.3349572480       -0.8940254562
O             1.9500191120        4.4772667420       -1.1631409510
N             2.2665026100        2.5177216070       -0.0974425556
H             1.8618767660        1.6141521830        0.1197126499
CH            3.5465577710        2.8508442210        0.5272372797
HH            3.8847930960        2.0195317310        1.1488548520
HH            4.2986124630        3.0475677980       -0.2395820076
HH            3.4390555710        3.7383671420        1.1542122420
    52
 Energy=    -37.1156812837266
HH           -4.6678946790       -0.7171386166        0.7725615900
CH           -4.0339435840       -0.0643634982        0.1737591849
HH           -4.3240000640        0.9732211727        0.3347546009
HH           -4.1458256920       -0.3145799168       -0.8806192727
C            -2.5934284860       -0.2506660569        0.5875790191
O            -1.7705335420       -0.6232813985       -0.2429690054
N            -2.3101907740        0.0312046957        1.8610132640
H            -3.0941725470        0.3430398182        2.4157712090
CA           -1.0313923170       -0.0747492131        2.5864890090
HA           -0.8001925954        0.9244540021        2.9598497280
CB           -1.2554008030       -0.9621388558        3.8218145470
HB           -0.3322411206       -1.0309583760        4.3995463400
HB           -1.5684719950       -1.9634817980        3.5224672860
HB           -2.0298882570       -0.5254193679        4.4540860880
C             0.2124730862       -0.5088870540        1.7716523810
O             1.0367270230        0.3338705622        1.4073634950
N             0.3597716713       -1.8084036090        1.4803658160
H            -0.3642402348       -2.4438195840        1.7835755430
CA            1.5551262200       -2.3862885980        0.8518373881
HA            2.4280940700       -2.0738066640        1.4278916890
CB            1.4445711160       -3.9131296020        0.9527371048
HB            0.5800566081       -4.2653377640        0.3875019732
HB            1.3400048090       -4.2107442270        1.9972006540
HB            2.3462211170       -4.3736060810        0.5463103549
C             1.7904496540       -1.9373044560       -0.6093100416
O             2.9356882040       -1.9228507350       -1.0711205340
N             0.7311550638       -1.5452191110       -1.3264283920
H            -0.1778358955       -1.5814218170       -0.8782492230
CA            0.7915336293       -0.9701447503       -2.6746306770
HA            1.7225505460       -1.2726640750       -3.1569666950
CB           -0.3667128342       -1.5579571580       -3.4908072710
HB           -1.3223097560       -1.2704407190       -3.0494412150
HB           -0.3207699412       -1.1834939740       -4.5143216990
HB           -0.2916876153       -2.6461243980       -3.5104921480
C             0.7601147600        0.5747841555       -2.6676716450
O             1.3290339930        1.2104296960       -3.5603788760
N             0.1241398978        1.1844616650       -1.6593368290
H            -0.3609800903        0.6003105392       -0.9894348909
CA            0.0137339448        2.6381948780       -1.5018041870
HA           -0.2196513725        3.0774623980       -2.4734635460
CB           -1.1651867380        2.9208799980       -0.5614804063
HB           -1.3074939830        3.9983151490       -0.4674319927
HB           -0.9672950243        2.5018822480        0.4262759180
HB           -2.0776287680        2.4807613220       -0.9663977979
C             1.3130270870        3.3061074850       -0.9944922061
O             1.5876403760        4.4618326210       -1.3359049220
N             2.1218751190        2.5902325930       -0.2001621492
H             1.7985092380        1.6712298930        0.0831700099
CH            3.3989683530        3.0552777820        0.3402204608
HH            3.8404256990        2.2811950590        0.9708860907
HH            4.0898658540        3.2843899380       -0.4737141751
HH            3.2476118680        3.9548836000        0.9403490518
    52
 Energy=    -39.4439050626149
HH           -4.7724202300        1.0528242540        1.2115478390
CH           -3.8914090830        1.3349313250        0.6364910999
HH           -3.5473436950        2.3166374480        0.9593050036
HH           -4.1424617780        1.3660129440       -0.4230220204
C            -2.7974460700        0.3175819132        0.8703142432
O            -2.3591117770       -0.3411524263       -0.0725122474
N            -2.3719507340        0.1897322164        2.1290919780
H            -2.8025490260        0.7843886734        2.8220584310
CA           -1.3281551670       -0.7350991200        2.5956475940
HA           -1.0588377290       -0.4382806652        3.6106208520
CB           -1.9518372630       -2.1410471340        2.6989269620
HB           -1.2715352310       -2.8197390630        3.2149063430
HB           -2.1696484710       -2.5335206520        1.7043518680
HB           -2.8792772740       -2.0919504140        3.2717658180
C            -0.0144982725       -0.6558130800        1.7727235520
O             0.3374448065        0.4012355186        1.2382673280
N             0.7305421405       -1.7630535090        1.6656028520
H             0.4075728512       -2.5995109350        2.1310871740
CA            2.0189549550       -1.8324677750        0.9639769185
HA            2.6845877190       -1.0842248340        1.3984628780
CB            2.6235046380       -3.2172005140        1.2304503250
HB            1.9840573370       -3.9940520540        0.8078672558
HB            2.7269549430       -3.3779871180        2.3046419540
HB            3.6109739930       -3.2812493450        0.7710244069
C             1.9329569220       -1.5391505200       -0.5531929369
O             2.9399795460       -1.1708588090       -1.1648654320
N             0.7439176495       -1.6552266570       -1.1605596170
H            -0.0409866935       -1.9806490330       -0.6145194409
CA            0.4994934288       -1.2881686200       -2.5593714310
HA            1.3113262050       -1.6867455860       -3.1706664710
CB           -0.8017761691       -1.9622802270       -3.0121820690
HB           -1.6448825190       -1.5826756290       -2.4339305740
HB           -0.9738497209       -1.7519523940       -4.0686216850
HB           -0.7274815593       -3.0422480450       -2.8769321160
C             0.4617837515        0.2411949364       -2.7866482690
O             0.7951838457        0.7072867155       -3.8807575570
N             0.0981635925        1.0238506340       -1.7615144290
H            -0.1933741759        0.5720605088       -0.9039981291
CA            0.1326131435        2.4911973640       -1.7751099840
HA            0.0656910692        2.8441480900       -2.8056163840
CB           -1.1053923540        3.0047980500       -1.0305582190
HB           -1.1328925260        4.0943458200       -1.0747533490
HB           -1.0705744410        2.6931809200        0.0142177107
HB           -2.0085740640        2.6110485460       -1.4984725750
C             1.4355059250        3.0688207090       -1.1772639460
O             1.9185329150        4.1105473920       -1.6341255400
N             2.0196105260        2.3932232120       -0.1770586648
H             1.5289805140        1.5796539730        0.1786906115
CH            3.2719884360        2.7700408420        0.4774873810
HH            3.5068567020        2.0581216640        1.2710867110
HH            4.0883156540        2.7721792890       -0.2477454315
HH            3.1827731140        3.7672609990        0.9133834298
    52
 Energy=    -39.4439050626131
HH           -4.7724201028        1.0528247680        1.2115478913
CH           -3.8914087519        1.3349318501        0.6364914718
HH           -3.5473431908        2.3166377546        0.9593058509
HH           -4.1424611836        1.3660139692       -0.4230216957
C            -2.7974460380        0.3175820815        0.8703144499
O            -2.3591118704       -0.3411521495       -0.0725121747
N            -2.3719507856        0.1897319942        2.1290921784
H            -2.8025490388        0.7843883202        2.8220587617
CA           -1.3281552233       -0.7350994632        2.5956475716
HA           -1.0588378314       -0.4382813340        3.6106209399
CB           -1.9518372777       -2.1410475265        2.6989264369
HB           -1.2715352355       -2.8197396289        3.2149055725
HB           -2.1696484531       -2.5335206805        1.7043511926
HB           -2.8792772847       -2.0919510498        3.2717653192
C            -0.0144983237       -0.6558131255        1.7727235799
O             0.3374445323        0.4012355416        1.2382673469
N             0.7305423276       -1.7630533913        1.6656028931
H             0.4075732600       -2.5995108764        2.1310872657
CA            2.0189550939       -1.8324673759        0.9639768473
HA            2.6845877280       -1.0842242909        1.3984627510
CB            2.6235050959       -3.2171999805        1.2304501810
HB            1.9840579525       -3.9940516400        0.8078670935
HB            2.7269554524       -3.3779866043        2.3046418000
HB            3.6109744532       -3.2812485608        0.7710242310
C             1.9329568562       -1.5391501801       -0.5531930072
O             2.9399793435       -1.1708582610       -1.1648656025
N             0.7439175567       -1.6552266362       -1.1605595777
H            -0.0409866613       -1.9806491578       -0.6145193091
CA            0.4994931340       -1.2881688255       -2.5593714181
HA            1.3113258200       -1.6867458995       -3.1706665044
CB           -0.8017765279       -1.9622805258       -3.0121817455
HB           -1.6448828311       -1.5826757571       -2.4339302885
HB           -0.9738501556       -1.7519530287       -4.0686214172
HB           -0.7274819274       -3.0422482988       -2.8769314666
C             0.4617834526        0.2411947015       -2.7866484918
O             0.7951832851        0.7072862992       -3.8807579368
N             0.0981636217        1.0238505542       -1.7615146538
H            -0.1933739879        0.5720605226       -0.9039982545
CA            0.1326133895        2.4911972810       -1.7751103024
HA            0.0656915829        2.8441479588       -2.8056167354
CB           -1.1053921806        3.0047982082       -1.0305588193
HB           -1.1328921726        4.0943459784       -1.0747540429
HB           -1.0705745018        2.6931811669        0.0142171458
HB           -2.0085738661        2.6110488119       -1.4984733207
C             1.4355061419        3.0688204505       -1.1772640253
O             1.9185336247        4.1105468092       -1.6341258415
N             2.0196101835        2.3932231406       -0.1770582914
H             1.5289798069        1.5796541699        0.1786910966
CH            3.2719879825        2.7700406054        0.4774880612
HH            3.5068554960        2.0581219174        1.2710880567
HH            4.0883155356        2.7721780510       -0.2477443740
HH            3.1827729941        3.7672611412        0.9133833120
    52
 Energy=    -31.2492205077407
HH           -4.2983007059        1.0771175039       -0.3274924441
CH           -3.2212470139        1.1350168181       -0.4793430747
HH           -2.8520787937        2.0848173101       -0.0950803362
HH           -2.9971807006        1.0616668904       -1.5429437224
C            -2.5539453357       -0.0023204408        0.2590658128
O            -1.9485679143       -0.8698972942       -0.3685689653
N            -2.6636015916        0.0066909575        1.5889045151
H            -3.1870732326        0.7640810771        2.0037455991
CA           -2.0694060677       -0.9781935387        2.5035009696
HA           -2.0880577179       -0.5400487938        3.5028136971
CB           -2.9781860506       -2.2202228917        2.5625885488
HB           -2.6042115078       -2.9208866800        3.3107910375
HB           -3.0175101631       -2.7116805863        1.5891280873
HB           -3.9884360623       -1.9210784266        2.8458837046
C            -0.5726451686       -1.2466457604        2.2044817179
O             0.2361684782       -0.3143859528        2.2268029623
N            -0.1893333734       -2.4917966545        1.8936049336
H            -0.8932891234       -3.2160683782        1.8833827589
CA            1.1930649241       -2.8832040866        1.5850279399
HA            1.8326499889       -2.5507378742        2.4047689182
CB            1.2446106197       -4.4160675684        1.5362130156
HB            0.6194035453       -4.7869399781        0.7222789273
HB            0.8919504014       -4.8309076821        2.4817167935
HB            2.2720932008       -4.7441831575        1.3725153704
C             1.7590569162       -2.2575193593        0.2855379681
O             2.9780007413       -2.2459004080        0.0892698252
N             0.8956229681       -1.7148859462       -0.5829838315
H            -0.0919172163       -1.7712558538       -0.3609157767
CA            1.2436348789       -1.0192268145       -1.8279459919
HA            2.3056791953       -1.1683198101       -2.0283376880
CB            0.4679309872       -1.6877332437       -2.9731450589
HB           -0.6033764738       -1.5303811130       -2.8408731720
HB            0.7757665823       -1.2620141958       -3.9289267001
HB            0.6755699214       -2.7586008946       -2.9861627688
C             1.0326053840        0.5166419069       -1.7613423784
O             1.0599024739        1.1776605000       -2.8021865259
N             0.8125842807        1.0623556387       -0.5525820168
H             0.8038066614        0.4104600918        0.2206456760
CA            0.5801315049        2.4668143234       -0.1682965122
HA           -0.4213172429        2.5123827666        0.2618837248
CB            1.5572802009        2.8181735028        0.9652627277
HB            1.3874379694        3.8450293636        1.2926297230
HB            1.3961767486        2.1527038474        1.8139399499
HB            2.5892332113        2.7147522552        0.6268567840
C             0.6001357573        3.5315290012       -1.2947406124
O            -0.4599314412        4.0274406500       -1.6932700026
N             1.7900948427        3.9018042391       -1.7929696271
H             2.6099236086        3.4435011272       -1.4197525922
CH            1.9847988838        4.8967575950       -2.8483090644
HH            1.4826410285        4.5745645477       -3.7628997412
HH            3.0495104095        5.0200472247       -3.0558066202
HH            1.5721468863        5.8590940447       -2.5383664610
    52
 Energy=    -36.4742852091582
HH           -3.7573392361        2.2174113665       -0.1884001769
CH           -2.6794081508        2.0995204914       -0.2918689543
HH           -2.1727368713        2.8567835810        0.3049574313
HH           -2.4008602132        2.2117127851       -1.3389646117
C            -2.2783693880        0.7257542356        0.1963460327
O            -1.7057661053       -0.0542491505       -0.5640237248
N            -2.5844696585        0.4357479173        1.4630877222
H            -3.0621085534        1.1473224989        1.9969321488
CA           -2.2354805650       -0.8093960836        2.1636625592
HA           -2.4152361984       -0.6475802868        3.2278024683
CB           -3.2184866011       -1.9083593961        1.7146676441
HB           -3.1037511125       -2.7947379625        2.3399605016
HB           -3.0407960366       -2.1751790740        0.6717214486
HB           -4.2438544312       -1.5501505683        1.8191022674
C            -0.7307186383       -1.1701728381        2.0418793786
O             0.1266430094       -0.2806394135        2.0108904202
N            -0.3875848236       -2.4631910719        1.9744799873
H            -1.1239745370       -3.1535744700        2.0166259308
CA            0.9966411610       -2.9502000415        1.8906227559
HA            1.5542213534       -2.5421524929        2.7357318137
CB            0.9657591835       -4.4773361209        2.0359040729
HB            0.4165145514       -4.9229126851        1.2047881053
HB            0.4856151981       -4.7523982435        2.9762449535
HB            1.9849764433       -4.8664982456        2.0371343716
C             1.7434200396       -2.5229143513        0.6031359613
O             2.9778010511       -2.5026268041        0.5843761954
N             1.0157021420       -2.1473188043       -0.4570816985
H             0.0097951066       -2.2033537831       -0.3833337781
CA            1.5714377434       -1.6111083609       -1.7054070630
HA            2.5145150456       -2.1196629013       -1.9133509865
CB            0.5981514374       -1.9573613817       -2.8398956403
HB           -0.3553004595       -1.4510244728       -2.6833319026
HB            1.0172612959       -1.6366124617       -3.7944019162
HB            0.4343938062       -3.0353799069       -2.8736683555
C             1.8800880962       -0.0932739286       -1.6547162536
O             2.5353859412        0.4241991635       -2.5658018886
N             1.4413355236        0.6014767175       -0.5936430970
H             0.9367217799        0.0771619443        0.1089934049
CA            1.4824297029        2.0569820358       -0.3924042546
HA            0.9570773074        2.2416550434        0.5465528073
CB            2.9347353393        2.5078390831       -0.1580925134
HB            2.9541738683        3.5485261999        0.1671949457
HB            3.3940542156        1.8929889742        0.6173104458
HB            3.5127469870        2.4175882431       -1.0781848993
C             0.7262370385        2.9003990809       -1.4533878182
O             0.3150052649        2.4150356728       -2.5138732839
N             0.5123600976        4.1873490878       -1.1439857159
H             0.8735739824        4.5214743748       -0.2601270808
CH           -0.2051711729        5.1440772179       -1.9883244641
HH            0.2946285529        5.2407017652       -2.9544405572
HH           -0.2321287493        6.1233845285       -1.5064382556
HH           -1.2298604630        4.8042730954       -2.1529568783
    52
 Energy=    -36.4742852091586
HH           -3.7573388065        2.2174120764       -0.1884001860
CH           -2.6794076455        2.0995212832       -0.2918682839
HH           -2.1727367922        2.8567840301        0.3049588993
HH           -2.4008589559        2.2117141986       -1.3389636754
C            -2.2783692255        0.7257547509        0.1963461968
O            -1.7057659924       -0.0542484398       -0.5640237990
N            -2.5844697122        0.4357479968        1.4630877357
H            -3.0621086039        1.1473224375        1.9969323526
CA           -2.2354806987       -0.8093962214        2.1636622297
HA           -2.4152365596       -0.6475807816        3.2278021577
CB           -3.2184865637       -1.9083594565        1.7146667282
HB           -3.1037511280       -2.7947382209        2.3399593076
HB           -3.0407957515       -2.1751787757        0.6717204824
HB           -4.2438544544       -1.5501507702        1.8191012623
C            -0.7307187221       -1.1701728417        2.0418792323
O             0.1266428441       -0.2806393390        2.0108902345
N            -0.3875847517       -2.4631910459        1.9744800389
H            -1.1239743692       -3.1535745475        2.0166259822
CA            0.9966413078       -2.9501998179        1.8906228988
HA            1.5542214464       -2.5421519660        2.7357318490
CB            0.9657595955       -4.4773358640        2.0359046062
HB            0.4165151666       -4.9229127212        1.2047886636
HB            0.4856155310       -4.7523978518        2.9762454905
HB            1.9849769315       -4.8664977907        2.0371351342
C             1.7434200778       -2.5229142942        0.6031359797
O             2.9778010870       -2.5026266424        0.5843761339
N             1.0157020893       -2.1473189768       -0.4570817030
H             0.0097950655       -2.2033540746       -0.3833337394
CA            1.5714375633       -1.6111085795       -1.7054071473
HA            2.5145148361       -2.1196631303       -1.9133511753
CB            0.5981511355       -1.9573616473       -2.8398956031
HB           -0.3553007573       -1.4510247601       -2.6833317744
HB            1.0172608783       -1.6366127396       -3.7944019331
HB            0.4343935255       -3.0353801816       -2.8736682653
C             1.8800879609       -0.0932741499       -1.6547164054
O             2.5353859139        0.4241988523       -2.5658020121
N             1.4413353547        0.6014765620       -0.5936433030
H             0.9367214446        0.0771618543        0.1089931266
CA            1.4824296703        2.0569818665       -0.3924044099
HA            0.9570772582        2.2416548756        0.5465526444
CB            2.9347353304        2.5078387805       -0.1580925720
HB            2.9541739304        3.5485259216        0.1671948061
HB            3.3940540514        1.8929886767        0.6173104872
HB            3.5127470552        2.4175878078       -1.0781848955
C             0.7262371051        2.9003990089       -1.4533879606
O             0.3150056888        2.4150357626       -2.5138736381
N             0.5123598300        4.1873489046       -1.1439856349
H             0.8735734879        4.5214741176       -0.2601268760
CH           -0.2051715378        5.1440769930       -1.9883243458
HH            0.2946285078        5.2407020395       -2.9544402220
HH           -0.2321297169        6.1233841478       -1.5064378585
HH           -1.2298606256        4.8042724856       -2.1529572362
    52
 Energy=    -32.6689065469491
HH           -4.4416723891       -0.0351972641       -0.6311390499
CH           -3.5190056446        0.5316246396       -0.7494591418
HH           -3.6914116399        1.5705136950       -0.4709082548
HH           -3.1914417199        0.4820710379       -1.7873126460
C            -2.4538069009       -0.0562151715        0.1459138548
O            -1.4170793188       -0.4843322946       -0.3514455283
N            -2.7219177761       -0.0527722619        1.4532473369
H            -3.6131277779        0.3485316694        1.7065483721
CA           -1.9248999201       -0.5705522615        2.5800670934
HA           -1.7358549078        0.2755095893        3.2431207729
CB           -2.8009087275       -1.5569241105        3.3695796511
HB           -2.2491323034       -1.9307325285        4.2335762166
HB           -3.0947520174       -2.3974290491        2.7391204359
HB           -3.7001655882       -1.0504508543        3.7233071202
C            -0.5294483549       -1.1620960348        2.2556492031
O             0.4898678019       -0.5088677349        2.4972864371
N            -0.4699000689       -2.3922228378        1.7268863740
H            -1.3418898941       -2.8642917041        1.5353572616
CA            0.7741074914       -3.1442151200        1.5148242901
HA            1.3773493188       -3.0702321440        2.4215732359
CB            0.3999969113       -4.6193666250        1.3198559083
HB           -0.2026775654       -4.7380123189        0.4178652967
HB           -0.1643894372       -4.9775109769        2.1822004495
HB            1.3068794928       -5.2178524207        1.2221589774
C             1.6471543340       -2.6273839203        0.3472178168
O             2.8622408374       -2.8491255317        0.3437054209
N             1.0509865763       -1.9308511412       -0.6271562790
H             0.0519526155       -1.7770093512       -0.5489088859
CA            1.7390075425       -1.3021293889       -1.7613521610
HA            2.7070978635       -1.7834602904       -1.9096021981
CB            0.8981311195       -1.5542179567       -3.0191482760
HB           -0.0785865449       -1.0781273998       -2.9194434850
HB            1.4081816925       -1.1396426936       -3.8896336216
HB            0.7637183350       -2.6266242657       -3.1672152292
C             2.0065814042        0.2058366419       -1.5489884715
O             2.9662858064        0.7424058315       -2.1127253237
N             1.1893138579        0.8659761916       -0.7151755126
H             0.4225553629        0.3308600937       -0.3279505493
CA            1.1977744794        2.3042929188       -0.4113430436
HA            0.3281714203        2.4906039059        0.2215174295
CB            2.4315399132        2.6258990169        0.4521550780
HB            2.3599445386        3.6389839080        0.8488763562
HB            2.4872652661        1.9312628943        1.2917754803
HB            3.3419523101        2.5436528598       -0.1424117795
C             1.0176303088        3.2368200836       -1.6404222387
O             0.8517802995        2.7893994482       -2.7821065990
N             1.0000848099        4.5556307924       -1.3981378130
H             1.1259737873        4.8548360932       -0.4402711405
CH            0.8193343074        5.5935574705       -2.4148622926
HH           -0.1462655613        5.4703320151       -2.9098360640
HH            1.6112076186        5.5272405909       -3.1639443211
HH            0.8542669347        6.5820040667       -1.9524859605
    52
 Energy=    -37.9782296581974
HH           -4.1545705538       -1.8706350152       -0.6197753892
CH           -3.8414275545       -0.8396586529       -0.7798321652
HH           -4.6520122600       -0.1664949066       -0.5034555788
HH           -3.5870104057       -0.6933399245       -1.8289798158
C            -2.6351199271       -0.5441846732        0.0786117162
O            -1.5721874691       -0.2087429457       -0.4408844864
N            -2.7830232110       -0.6940314490        1.3945925443
H            -3.6897769326       -0.9790000810        1.7368581492
CA           -1.7492087374       -0.3663224518        2.3859412984
HA           -1.4666929216        0.6792619622        2.2500394993
CB           -2.3726243374       -0.5123008902        3.7802368331
HB           -1.6459820765       -0.2201369292        4.5397546458
HB           -2.6698877309       -1.5481313593        3.9522395387
HB           -3.2474089894        0.1340184391        3.8661732099
C            -0.4574771153       -1.2075573544        2.2568920494
O             0.6126441531       -0.7653768367        2.6844580004
N            -0.5329927112       -2.3902398712        1.6324778324
H            -1.4454658063       -2.7112247199        1.3410535183
CA            0.6239316929       -3.2392728494        1.3274084149
HA            1.2469927457       -3.3129974289        2.2206601721
CB            0.1025683550       -4.6436887142        0.9965510629
HB           -0.5219810905       -4.6124372566        0.1022058555
HB           -0.4819173688       -5.0298421691        1.8330152541
HB            0.9443467593       -5.3143920047        0.8184004199
C             1.5134833187       -2.6831595264        0.1895700128
O             2.7033890410       -3.0077059933        0.1266338015
N             0.9583714607       -1.8378380656       -0.6904681295
H            -0.0253979236       -1.6267437350       -0.5827848204
CA            1.6727054758       -1.1670788243       -1.7841903144
HA            2.6285873014       -1.6652223266       -1.9543236501
CB            0.8377989878       -1.3249835894       -3.0612751659
HB           -0.1285640320       -0.8322602779       -2.9433157926
HB            1.3664210524       -0.8732622107       -3.9017468807
HB            0.6795978133       -2.3834947202       -3.2725546994
C             1.9808811490        0.3169588518       -1.4830606396
O             3.0425183575        0.8125193332       -1.8752361457
N             1.0830697592        0.9987876955       -0.7558094812
H             0.2302544726        0.5079395076       -0.5162220087
CA            1.1361800814        2.4209515516       -0.3862380520
HA            0.1892843046        2.6475143208        0.1072142185
CB            2.2314768032        2.6176753275        0.6783025177
HB            2.1629506608        3.6167527865        1.1095768724
HB            2.1044621827        1.8883187187        1.4798932798
HB            3.2190488074        2.4924843700        0.2330905016
C             1.2209396649        3.4085730257       -1.5823823653
O             1.1876016308        3.0177431531       -2.7560635541
N             1.2800445615        4.7145008133       -1.2832862286
H             1.2873561781        4.9678916104       -0.3042320716
CH            1.3415687956        5.7988239382       -2.2652190056
HH            0.4529498024        5.7817718113       -2.8997535250
HH            2.2270069626        5.6857809717       -2.8943521722
HH            1.3922971233        6.7634893656       -1.7564090784
    52
 Energy=    -37.9782296581959
HH           -4.1545712679       -1.8706348787       -0.6197746588
CH           -3.8414279007       -0.8396586985       -0.7798318855
HH           -4.6520122858       -0.1664945373       -0.5034553711
HH           -3.5870109170       -0.6933404439       -1.8289796416
C            -2.6351199747       -0.5441848437        0.0786116156
O            -1.5721875568       -0.2087435363       -0.4408849445
N            -2.7830229631       -0.6940312191        1.3945925231
H            -3.6897766560       -0.9789995618        1.7368584505
CA           -1.7492081697       -0.3663220626        2.3859408947
HA           -1.4666920948        0.6792622032        2.2500385067
CB           -2.3726234853       -0.5122995804        3.7802366537
HB           -1.6459809728       -0.2201354276        4.5397541524
HB           -2.6698871314       -1.5481298707        3.9522399916
HB           -3.2474079308        0.1340200462        3.8661728829
C            -0.4574767785       -1.2075573416        2.2568917311
O             0.6126446165       -0.7653770191        2.6844575658
N            -0.5329926744       -2.3902399349        1.6324776881
H            -1.4454658546       -2.7112246380        1.3410534854
CA            0.6239315432       -3.2392731606        1.3274082297
HA            1.2469925216       -3.3129980239        2.2206600155
CB            0.1025679043       -4.6436888521        0.9965506296
HB           -0.5219813520       -4.6124371398        0.1022052986
HB           -0.4819180886       -5.0298422497        1.8330146557
HB            0.9443461828       -5.3143923294        0.8184000941
C             1.5134833660       -2.6831599045        0.1895699507
O             2.7033890500       -3.0077065311        0.1266338484
N             0.9583717002       -1.8378383198       -0.6904681953
H            -0.0253976956       -1.6267439653       -0.5827850094
CA            1.6727059245       -1.1670789894       -1.7841901930
HA            2.6285878842       -1.6652223366       -1.9543232325
CB            0.8377998549       -1.3249839198       -3.0612752981
HB           -0.1285632379       -0.8322606760       -2.9433162583
HB            1.3664221544       -0.8732625474       -3.9017468717
HB            0.6795988081       -2.3834950756       -3.2725548033
C             1.9808812799        0.3169587504       -1.4830604744
O             3.0425185158        0.8125193845       -1.8752357027
N             1.0830695929        0.9987874852       -0.7558095788
H             0.2302543005        0.5079391905       -0.5162223573
CA            1.1361796546        2.4209513298       -0.3862380475
HA            0.1892836952        2.6475139553        0.1072139346
CB            2.2314760080        2.6176751626        0.6783028871
HB            2.1629494720        3.6167525147        1.1095774266
HB            2.1044613276        1.8883183534        1.4798934560
HB            3.2190481827        2.4924845512        0.2330911516
C             1.2209394840        3.4085729366       -1.5823822300
O             1.1876017727        3.0177431858       -2.7560634669
N             1.2800441784        4.7145006970       -1.2832859222
H             1.2873555646        4.9678913803       -0.3042317324
CH            1.3415683292        5.7988239581       -2.2652185516
HH            0.4529489824        5.7817722950       -2.8997525897
HH            2.2270061136        5.6857807606       -2.8943522150
HH            1.3922973236        6.7634892756       -1.7564084853
    52
 Energy=    -37.5226723782870
HH           -4.1440870587       -2.1378761825       -0.7886580142
CH           -3.9294238528       -1.0874597559       -0.9814983754
HH           -4.8121287607       -0.4894888768       -0.7581265953
HH           -3.6551389800       -0.9565292665       -2.0276969369
C            -2.7886059638       -0.6395900552       -0.0986559753
O            -1.7467689234       -0.2175843559       -0.5980161206
N            -2.9686763584       -0.7540497323        1.2172632288
H            -3.8548902102       -1.1130974210        1.5432647927
CA           -2.0017496155       -0.2947124611        2.2227723210
HA           -1.8206734437        0.7697178465        2.0622883571
CB           -2.6425747878       -0.4647656390        3.6064195251
HB           -1.9664832591       -0.0833893706        4.3730705521
HB           -2.8425188167       -1.5197121621        3.8015255083
HB           -3.5776979477        0.0952528657        3.6545408794
C            -0.6335813803       -1.0102273341        2.1451977859
O             0.3938447044       -0.4178340885        2.4862280773
N            -0.5993352753       -2.2529888094        1.6468710580
H            -1.4792763481       -2.6891034593        1.4091376477
CA            0.6300118272       -3.0257915840        1.4350085185
HA            1.2424898937       -2.9573560777        2.3360075463
CB            0.2338639177       -4.4954216503        1.2427893773
HB           -0.3771378686       -4.6062591900        0.3454020483
HB           -0.3290675863       -4.8451676454        2.1095131506
HB            1.1316535381       -5.1064357517        1.1387121529
C             1.4894593508       -2.5127341015        0.2550153022
O             2.7022705969       -2.7434800630        0.2315578744
N             0.8842195530       -1.8018328697       -0.7066549743
H            -0.1142011355       -1.6546320093       -0.6316557543
CA            1.5654334334       -1.1932643521       -1.8567100379
HA            2.4781657357       -1.7538540087       -2.0656676773
CB            0.6483441197       -1.3368520662       -3.0783368746
HB           -0.2700281784       -0.7678615432       -2.9279036506
HB            1.1576970130       -0.9586809082       -3.9656042132
HB            0.4012319250       -2.3875701547       -3.2364148298
C             1.9854832950        0.2779486623       -1.6228590637
O             2.8216477663        0.7988230727       -2.3689235888
N             1.4385394112        0.9256402704       -0.5823363586
H             0.7729088816        0.4052880660       -0.0313964455
CA            1.6212231509        2.3392936638       -0.2189045389
HA            0.9422182142        2.5340893071        0.6132742746
CB            3.0441272394        2.5335255804        0.3370159436
HB            3.1403405270        3.5213325484        0.7885541251
HB            3.2483364564        1.7840880316        1.1032416552
HB            3.7795409941        2.4386517622       -0.4625298295
C             1.2228319182        3.3607302480       -1.3195383935
O             0.7725439598        3.0016123004       -2.4146916815
N             1.3456127096        4.6591957780       -1.0074817186
H             1.7060365370        4.8853680887       -0.0899690814
CH            1.0040796032        5.7721220211       -1.8954486501
HH           -0.0549021221        5.7310071745       -2.1589449212
HH            1.5980128237        5.7183515366       -2.8102886462
HH            1.2067790768        6.7235639243       -1.3997587561
    52
 Energy=    -37.9728100101842
HH           -4.3959212589       -3.2576938779       -0.2361396239
CH           -4.3966051174       -2.2947698807       -0.7454732807
HH           -5.3509698214       -1.7966891675       -0.5788730814
HH           -4.2458404825       -2.4464578072       -1.8137102801
C            -3.2834769951       -1.4355262391       -0.1927857993
O            -2.3858363836       -1.0325171721       -0.9312752937
N            -3.3245898061       -1.1725205650        1.1138973133
H            -4.0978871311       -1.5467929001        1.6453600914
CA           -2.3768292270       -0.2922424347        1.8107993684
HA           -2.3940864138        0.6832177621        1.3212326982
CB           -2.8747175083       -0.1098071038        3.2506674632
HB           -2.2210533799        0.5852658589        3.7797359919
HB           -2.8726505090       -1.0677704151        3.7734007747
HB           -3.8870200609        0.2971491456        3.2455589436
C            -0.9135033854       -0.7912143343        1.7808758504
O             0.0170329554        0.0117124215        1.8957504312
N            -0.6937639038       -2.0952193504        1.5672433823
H            -1.4995618432       -2.7001319900        1.4948616525
CA            0.6333859885       -2.7094416645        1.4444196220
HA            1.2150482945       -2.4493021391        2.3307301815
CB            0.4452977052       -4.2320568221        1.4282144929
HB           -0.1315290493       -4.5300647188        0.5510414462
HB           -0.0771332694       -4.5521758990        2.3310006321
HB            1.4195495703       -4.7219486096        1.3958715987
C             1.4363409697       -2.2270684117        0.2121020635
O             2.6641003643       -2.3550132727        0.1894809304
N             0.7712767779       -1.6388958547       -0.7922018418
H            -0.2382253163       -1.5873479517       -0.7322223561
CA            1.4092070625       -1.0260530170       -1.9632178329
HA            2.2428934189       -1.6587624201       -2.2731162785
CB            0.3858428307       -1.0129197925       -3.1063024175
HB           -0.4493644085       -0.3585234658       -2.8533087322
HB            0.8584486440       -0.6467209701       -4.0185358997
HB            0.0137094430       -2.0226579097       -3.2852332319
C             1.9892411525        0.3861968915       -1.6968295897
O             2.7171158531        0.9133702261       -2.5451255576
N             1.6940080531        0.9816498327       -0.5295997072
H             1.1116400316        0.4627000109        0.1139161280
CA            2.0541589661        2.3464439715       -0.1153448348
HA            1.5566775856        2.5199315719        0.8406664389
CB            3.5659232482        2.3999381895        0.1741914224
HB            3.8217194863        3.3377406787        0.6681429340
HB            3.8465974684        1.5771174969        0.8334397330
HB            4.1328100402        2.3248211603       -0.7542917618
C             1.5428063196        3.4740480405       -1.0533750334
O             0.8459522027        3.2313389360       -2.0467388346
N             1.8499045116        4.7325653385       -0.7067836134
H             2.4088916417        4.8627217127        0.1259475351
CH            1.4433156924        5.9297627496       -1.4451112628
HH            0.3539219658        5.9957608654       -1.4829820557
HH            1.8304768128        5.8910851365       -2.4655024576
HH            1.8332705147        6.8237679664       -0.9544684618
    52
 Energy=    -37.9728100101853
HH           -4.3959212886       -3.2576943696       -0.2361398681
CH           -4.3966053984       -2.2947702452       -0.7454732853
HH           -5.3509701740       -1.7966897465       -0.5788728313
HH           -4.2458408846       -2.4464578749       -1.8137103479
C            -3.2834773448       -1.4355265460       -0.1927857403
O            -2.3858368185       -1.0325172627       -0.9312752223
N            -3.3245901184       -1.1725210440        1.1138974076
H            -4.0978873763       -1.5467935261        1.6453601775
CA           -2.3768296610       -0.2922428167        1.8107995099
HA           -2.3940869783        0.6832173930        1.3212328734
CB           -2.8747180112       -0.1098075657        3.2506675879
HB           -2.2210541135        0.5852656413        3.7797360831
HB           -2.8726507322       -1.0677708432        3.7734009620
HB           -3.8870206937        0.2971483605        3.2455590224
C            -0.9135037368       -0.7912144765        1.7808759814
O             0.0170324691        0.0117124155        1.8957507101
N            -0.6937640289       -2.0952194295        1.5672433556
H            -1.4995618643       -2.7001321874        1.4948614448
CA            0.6333859845       -2.7094415001        1.4444196728
HA            1.2150481908       -2.4493018607        2.3307302648
CB            0.4452979874       -4.2320566928        1.4282145328
HB           -0.1315287084       -4.5300646826        0.5510414776
HB           -0.0771329279       -4.5521758719        2.3310006722
HB            1.4195499455       -4.7219482967        1.3958716379
C             1.4363409515       -2.2270681051        0.2121021621
O             2.6641003632       -2.3550128210        0.1894810726
N             0.7712767362       -1.6388956076       -0.7922017631
H            -0.2382253619       -1.5873477889       -0.7322223022
CA            1.4092069894       -1.0260528230       -1.9632178001
HA            2.2428933042       -1.6587622710       -2.2731162832
CB            0.3858426763       -1.0129195831       -3.1063023171
HB           -0.4493644967       -0.3585231757       -2.8533086109
HB            0.8584484497       -0.6467208586       -4.0185358582
HB            0.0137091956       -2.0226576825       -3.2852330433
C             1.9892411672        0.3861970596       -1.6968296186
O             2.7171158620        0.9133703315       -2.5451256300
N             1.6940081624        0.9816500499       -0.5295997324
H             1.1116401406        0.4627002885        0.1139161486
CA            2.0541592455        2.3464441607       -0.1153449161
HA            1.5566779247        2.5199318486        0.8406663710
CB            3.5659235468        2.3999381917        0.1741912953
HB            3.8217199589        3.3377407196        0.6681426410
HB            3.8465976492        1.5771175644        0.8334397373
HB            4.1328103094        2.3248209091       -0.7542918818
C             1.5428066809        3.4740482540       -1.0533751422
O             0.8459524351        3.2313391875       -2.0467388612
N             1.8499050614        4.7325655321       -0.7067838261
H             2.4088922925        4.8627218805        0.1259472627
CH            1.4433162781        5.9297629578       -1.4451114919
HH            0.3539225550        5.9957616270       -1.4829814693
HH            1.8304765739        5.8910848815       -2.4655029828
HH            1.8332719318        6.8237681077       -0.9544692389
    52
 Energy=    -33.6176190692919
HH           -3.8480249612        2.1860180646       -0.3717308846
CH           -2.7625141852        2.2593332065       -0.3191382261
HH           -2.4690204742        3.3076704497       -0.2843101870
HH           -2.3257337719        1.7869690592       -1.1979118292
C            -2.2762363649        1.5524596393        0.9257446545
O            -1.7063788440        2.1896841743        1.8107503323
N            -2.5083421332        0.2406145574        0.9856735948
H            -2.9950100359       -0.1791816707        0.2069080152
CA           -2.1388254616       -0.6358512262        2.1029757607
HA           -2.1786248235       -0.0548416901        3.0261633134
CB           -3.2124827783       -1.7313831834        2.2293415088
HB           -3.0029712190       -2.3609788682        3.0957496500
HB           -3.2408340634       -2.3460468651        1.3278128918
HB           -4.1908568857       -1.2691955828        2.3707971018
C            -0.6801160977       -1.1426711163        1.9789637009
O             0.2544928585       -0.3375999004        1.9546144705
N            -0.4560976196       -2.4598168263        1.8718271642
H            -1.2508587035       -3.0830401534        1.9026900012
CA            0.8811463822       -3.0661220061        1.7816173324
HA            1.4604543368       -2.7495920862        2.6509945016
CB            0.7123501802       -4.5893873521        1.8523249900
HB            0.1356361371       -4.9442166018        0.9964868952
HB            0.1981340412       -4.8644367691        2.7744726713
HB            1.6928346944       -5.0677705335        1.8427688305
C             1.6781448679       -2.6463135714        0.5226480463
O             2.9124212629       -2.6594911473        0.5367641130
N             0.9863932118       -2.2313707417       -0.5468591852
H            -0.0208484464       -2.2922489108       -0.5034360317
CA            1.5792841852       -1.6876512539       -1.7752975919
HA            2.5265630453       -2.1977935786       -1.9586879902
CB            0.6365292718       -2.0286996857       -2.9375106865
HB           -0.3185284177       -1.5171851526       -2.8078282635
HB            1.0838589808       -1.7115002893       -3.8804371726
HB            0.4682530192       -3.1059851575       -2.9760378090
C             1.8930451503       -0.1702543912       -1.7108117930
O             2.4784783772        0.3704529688       -2.6551878075
N             1.5228745377        0.5051974360       -0.6108962205
H             1.0992012198       -0.0326016996        0.1339205341
CA            1.5661986112        1.9597833997       -0.3965104155
HA            1.0975236165        2.1363475810        0.5735116402
CB            3.0291170691        2.4142034306       -0.2487270527
HB            3.0666310666        3.4491291440        0.0927100540
HB            3.5394467990        1.7890572817        0.4854305812
HB            3.5474068078        2.3413921791       -1.2052228915
C             0.7414029299        2.8022164200       -1.4056428653
O             0.1929609588        2.2941065700       -2.3909299327
N             0.6185014780        4.1090647478       -1.1331254863
H             1.0821231819        4.4582608316       -0.3047582475
CH           -0.1309069261        5.0682017965       -1.9466080218
HH           -1.1697667018        4.7469033403       -2.0461859965
HH            0.3123442866        5.1420604286       -2.9418603262
HH           -0.1107733517        6.0541011026       -1.4780094352
    52
 Energy=    -37.1738336533527
HH           -4.4463617534        2.5421249742        2.8992999247
CH           -3.4218304126        2.4548177224        3.2588583844
HH           -3.3748782320        2.7573927678        4.3042828005
HH           -2.7724613640        3.0958511953        2.6639156042
C            -2.9656525141        1.0193874356        3.1230205307
O            -2.6134416912        0.3849318900        4.1179181723
N            -2.9733306562        0.5082230184        1.8926729556
H            -3.2731718964        1.1049856763        1.1362083817
CA           -2.5429106235       -0.8535574855        1.5611693751
HA           -2.9931818807       -1.5393112109        2.2818541927
CB           -3.0884675842       -1.2122865357        0.1714047357
HB           -2.8366057952       -2.2457670019       -0.0710539032
HB           -2.6548821545       -0.5538493758       -0.5834223681
HB           -4.1744323387       -1.1062566923        0.1605660652
C            -1.0107172232       -1.0364928948        1.6393920848
O            -0.2403844707       -0.0858924887        1.4651183537
N            -0.5587637698       -2.2807739214        1.8383023884
H            -1.2381258213       -3.0193988474        1.9610160553
CA            0.8612868003       -2.6344796989        1.9809535803
HA            1.2871780526       -2.0219444767        2.7778316415
CB            0.9374502936       -4.1027810691        2.4196156624
HB            0.5205475217       -4.7486059535        1.6449897651
HB            0.3801532776       -4.2436185949        3.3469812403
HB            1.9782394090       -4.3809664105        2.5917708648
C             1.7082672502       -2.3815570989        0.7105898741
O             2.9309883435       -2.2366238195        0.7994415569
N             1.0693380932       -2.2842836163       -0.4625899608
H             0.0746687295       -2.4577591009       -0.4706072754
CA            1.7073393831       -1.9310132273       -1.7359526586
HA            2.6596489495       -2.4600768657       -1.8037589628
CB            0.8048929795       -2.4425716971       -2.8668209484
HB           -0.1551017750       -1.9242541448       -2.8441101925
HB            1.2834831464       -2.2606516887       -3.8300275221
HB            0.6404304838       -3.5153757235       -2.7554513405
C             2.0164840020       -0.4200725475       -1.8913639623
O             2.7320748144       -0.0404391035       -2.8246565334
N             1.5055282616        0.4280621986       -0.9838966116
H             0.9535376700        0.0241590624       -0.2383308374
CA            1.5841777568        1.8968773319       -1.0010963466
HA            0.9688365348        2.2479942725       -0.1706578539
CB            3.0267312384        2.3264490366       -0.6747261939
HB            3.0665592129        3.3998194108       -0.4871856016
HB            3.3743044766        1.8084383394        0.2204042224
HB            3.6905591933        2.0894197719       -1.5067075906
C             0.9869293331        2.5711117801       -2.2664786128
O             0.4491117646        1.9121349702       -3.1652759104
N             1.0355457777        3.9102957047       -2.3162024814
H             1.4745183570        4.3892148522       -1.5411040116
CH            0.5078577622        4.7295511290       -3.4089346725
HH           -0.5667546522        4.5668385628       -3.5152208489
HH            0.9996044745        4.4653091138       -4.3475228778
HH            0.6851835639        5.7872708794       -3.2044223304
    52
 Energy=    -37.1738336533510
HH           -4.4463622738        2.5421251516        2.8992976261
CH           -3.4218309312        2.4548184065        3.2588562063
HH           -3.3748788880        2.7573941679        4.3042804186
HH           -2.7724620154        3.0958516572        2.6639130382
C            -2.9656526703        1.0193881458        3.1230193252
O            -2.6134419711        0.3849332548        4.1179174253
N            -2.9733304081        0.5082230227        1.8926720432
H            -3.2731716382        1.1049851830        1.1362070690
CA           -2.5429101422       -0.8535576132        1.5611693105
HA           -2.9931814836       -1.5393110075        2.2818543884
CB           -3.0884667622       -1.2122874246        0.1714047294
HB           -2.8366048709       -2.2457680005       -0.0710533291
HB           -2.6548811801       -0.5538506469       -0.5834226194
HB           -4.1744315169       -1.1062576338        0.1605657420
C            -1.0107167395       -1.0364928679        1.6393923886
O            -0.2403840190       -0.0858924334        1.4651186774
N            -0.5587632429       -2.2807738560        1.8383028450
H            -1.2381252755       -3.0193987880        1.9610165852
CA            0.8612873643       -2.6344796533        1.9809536718
HA            1.2871789036       -2.0219442746        2.7778314601
CB            0.9374509368       -4.1027809440        2.4196160300
HB            0.5205478477       -4.7486059669        1.6449904221
HB            0.3801542232       -4.2436182458        3.3469818259
HB            1.9782400939       -4.3809663180        2.5917709358
C             1.7082673979       -2.3815573247        0.7105896214
O             2.9309885442       -2.2366242305        0.7994408343
N             1.0693378240       -2.2842838089       -0.4625899872
H             0.0746684426       -2.4577592053       -0.4706069378
CA            1.7073386305       -1.9310133583       -1.7359529128
HA            2.6596479925       -2.4600772955       -1.8037598038
CB            0.8048914863       -2.4425712269       -2.8668208784
HB           -0.1551029500       -1.9242530954       -2.8441097134
HB            1.2834813856       -2.2606514212       -3.8300276223
HB            0.6404283985       -3.5153751643       -2.7554512840
C             2.0164836067       -0.4200727382       -1.8913640535
O             2.7320741403       -0.0404393099       -2.8246568439
N             1.5055284207        0.4280619690       -0.9838963532
H             0.9535379864        0.0241588290       -0.2383304650
CA            1.5841781837        1.8968770859       -1.0010958765
HA            0.9688374153        2.2479940018       -0.1706570340
CB            3.0267318948        2.3264484655       -0.6747263215
HB            3.0665601369        3.3998187837       -0.4871854671
HB            3.3743054756        1.8084374787        0.2204037961
HB            3.6905594101        2.0894193026       -1.5067081003
C             0.9869292610        2.5711118380       -2.2664777418
O             0.4491112926        1.9121352527       -3.1652749626
N             1.0355457177        3.9102957679       -2.3162013191
H             1.4745187017        4.3892147196       -1.5411029528
CH            0.5078571255        4.7295514548       -3.4089330372
HH           -0.5667553588        4.5668389665       -3.5152186513
HH            0.9996032933        4.4653096043       -4.3475215758
HH            0.6851831025        5.7872711486       -3.2044205688
    52
 Energy=    -33.4424136108284
HH           -2.7757466403        3.0761022991        2.7106613387
CH           -3.4281838583        2.4300304600        3.2967442589
HH           -4.4514141545        2.5229626523        2.9348754667
HH           -3.3840934337        2.7216151190        4.3454189485
C            -2.9741336815        0.9952556611        3.1474766428
O            -2.6255771296        0.3502314633        4.1368203818
N            -2.9788998759        0.4968891400        1.9117775598
H            -3.2714652136        1.1042465084        1.1610397510
CA           -2.5472785391       -0.8625859973        1.5666314555
HA           -2.9752409898       -1.5449216013        2.3041703429
CB           -3.1265175019       -1.2508235214        0.1916600015
HB           -3.8113873404       -2.0914410789        0.3118020660
HB           -2.3294753536       -1.5473607018       -0.4920246103
HB           -3.6736144996       -0.4204347483       -0.2579234340
C            -1.0128122488       -1.0379329564        1.6293656204
O            -0.2488687525       -0.0831110225        1.4505436052
N            -0.5533100143       -2.2801353560        1.8239992888
H            -1.2286748631       -3.0224587940        1.9467904506
CA            0.8684638961       -2.6253515196        1.9710952982
HA            1.2872420564       -2.0124533305        2.7714640317
CB            0.9519890080       -4.0943010561        2.4062232288
HB            0.5420449851       -4.7406564778        1.6283308849
HB            0.3920147223       -4.2410146946        3.3310635270
HB            1.9938094923       -4.3665215174        2.5816658714
C             1.7196094114       -2.3639765957        0.7054379374
O             2.9399622283       -2.2042509485        0.8011063517
N             1.0862779937       -2.2759583233       -0.4713783174
H             0.0943212121       -2.4634620637       -0.4849511344
CA            1.7279085536       -1.9184025891       -1.7417707822
HA            2.6837952697       -2.4415499287       -1.8050840473
CB            0.8340440036       -2.4353988956       -2.8769759537
HB           -0.1291801425       -1.9229371107       -2.8589520934
HB            1.3161791795       -2.2504737623       -3.8378443381
HB            0.6756278523       -3.5092079168       -2.7664981877
C             2.0284642676       -0.4055810749       -1.8958419910
O             2.7482085719       -0.0219449886       -2.8242908991
N             1.5059214439        0.4397839334       -0.9923991297
H             0.9512191504        0.0328492459       -0.2505201788
CA            1.5766216261        1.9090237047       -1.0092298406
HA            0.9529752821        2.2568790095       -0.1836302520
CB            3.0142642287        2.3464242593       -0.6717578795
HB            3.0468514038        3.4200125201       -0.4840683567
HB            3.3576853175        1.8303924183        0.2261152174
HB            3.6857834325        2.1128757468       -1.4985370929
C             0.9855705661        2.5799325719       -2.2792977120
O             0.4579109963        1.9180394654       -3.1819702161
N             1.0277853806        3.9193364847       -2.3290357568
H             1.4584327161        4.4006529610       -1.5507594046
CH            0.5043001621        4.7356513564       -3.4259838349
HH           -0.5686389351        4.5674962574       -3.5403941880
HH            0.6747306677        5.7943023645       -3.2204298458
HH            1.0044983928        4.4736627691       -4.3607300529
    52
 Energy=    -37.1738336533500
HH           -2.7960373334        3.0647162342        2.6752518021
CH           -3.4384855315        2.4165119841        3.2699387349
HH           -4.4643938096        2.4952032210        2.9123227331
HH           -3.3924911713        2.7172919532        4.3159235835
C            -2.9694362547        0.9856055421        3.1302611109
O            -2.6097154274        0.3522956214        4.1231997207
N            -2.9745709522        0.4769959142        1.8988419889
H            -3.2811668384        1.0725893332        1.1441655412
CA           -2.5322909329       -0.8800857717        1.5637004235
HA           -2.9750231041       -1.5714528372        2.2836926353
CB           -3.0769517324       -1.2408503194        0.1741111888
HB           -4.1638578229       -1.1447368673        0.1653589531
HB           -2.8160702037       -2.2714682984       -0.0709802891
HB           -2.6507140190       -0.5768790782       -0.5800528356
C            -0.9983554948       -1.0491617229        1.6389081403
O            -0.2370508697       -0.0911873686        1.4653413795
N            -0.5346985861       -2.2896741232        1.8343915763
H            -1.2070642280       -3.0347410183        1.9566944358
CA            0.8887720940       -2.6306751998        1.9738558069
HA            1.3104240959       -2.0159565931        2.7713067609
CB            0.9791191693       -4.0991430472        2.4092565756
HB            0.5667981685       -4.7471147142        1.6339714066
HB            0.4247408178       -4.2470343698        3.3372732185
HB            2.0227053261       -4.3681590076        2.5790353474
C             1.7312022265       -2.3673280310        0.7025850069
O             2.9526989788       -2.2114037201        0.7896507269
N             1.0893788118       -2.2734217502       -0.4692886396
H             0.0963249506       -2.4559718041       -0.4759718131
CA            1.7219160947       -1.9116365262       -1.7429864986
HA            2.6789048887       -2.4318216616       -1.8135514411
CB            0.8222275884       -2.4290354867       -2.8733950848
HB           -0.1424258944       -1.9195708128       -2.8479353263
HB            1.2974649279       -2.2407076027       -3.8370300919
HB            0.6677751853       -3.5035323335       -2.7640307276
C             2.0169615656       -0.3976056146       -1.8957063533
O             2.7274331541       -0.0094681863       -2.8294120044
N             1.4998443554        0.4438976528       -0.9855594761
H             0.9528626275        0.0333853783       -0.2399118786
CA            1.5650294059        1.9134039006       -0.9997632135
HA            0.9479427452        2.2571193461       -0.1675254143
CB            3.0041576909        2.3554625171       -0.6749496926
HB            3.0344936138        3.4287530974       -0.4851899528
HB            3.3580034894        1.8387602000        0.2184777400
HB            3.6686829922        2.1262767839       -1.5085704074
C             0.9594493607        2.5848221518       -2.2626806232
O             0.4261238756        1.9228560095       -3.1619578376
N             0.9957317128        3.9244969807       -2.3096332456
H             1.4316487064        4.4057708682       -1.5342688582
CH            0.4586819928        4.7412008850       -3.3997112586
HH           -0.6145802725        4.5688904795       -3.5045025033
HH            0.6266830678        5.8000634551       -3.1932493940
HH            0.9511970965        4.4834541530       -4.3397016772
