       -4.836624672535119       -0.591550572261948        0.515339361717030
       -3.991213111240992       -1.252243705542099        0.327494163573378
       -4.017247258111067       -2.084740483691982        1.029494087040468
       -4.043979992574219       -1.631806632213223       -0.692283984854281
       -2.706575324719816       -0.481211507699245        0.513536280806559
       -1.908000679348810       -0.374720773338970       -0.415585885357347
       -2.486977993670314        0.037669081751260        1.721527811092405
       -3.193686609658828       -0.100859059576070        2.429953502824052
       -1.336655454019890        0.886995443012534        2.056309216118332
       -1.360862271191563        1.766788898096286        1.411683501140207
       -1.502559430183539        1.357783945985541        3.506994115455393
       -1.489900745045148        0.502355046596696        4.184519810038775
       -0.685393909363099        2.031384436292176        3.769418408599072
       -2.446761483276469        1.892981149648774        3.618485361266484
        0.028750404497875        0.195645052641769        1.843366273369996
        1.006733516968242        0.855831995699883        1.483700730224718
        0.091647326144590       -1.133293932743300        1.995449010586281
       -0.741726569097947       -1.612264043120338        2.307017413421661
        1.295992128737831       -1.934662768594296        1.750879381191144
        2.127095392225415       -1.486774671019970        2.298838514698591
        1.051689715269955       -3.337875198724206        2.320665793411119
        0.226322657024026       -3.819659416247771        1.793808282103135
        0.813226888580372       -3.271348574406165        3.383263026562219
        1.951147773649157       -3.943552634690398        2.200962724263596
        1.705027592419755       -1.993838294820945        0.260200162887050
        2.886126141232310       -2.183281505392183       -0.045932186654775
        0.752466526310060       -1.804050672940526       -0.663214706514918
       -0.196792380561829       -1.665738754906304       -0.341167131785565
        0.990235399329153       -1.724645631376298       -2.108730410043314
        1.927692582372124       -2.228759604143553       -2.349801546422411
       -0.137515652823945       -2.484745137656517       -2.818670079626266
       -1.098790041153040       -2.009454798766113       -2.617552164797634
        0.041076852081182       -2.482924258065279       -3.894809994196834
       -0.165959938310034       -3.517635310425156       -2.468669268098852
        1.110025515210062       -0.270393738308716       -2.614784693985011
        1.896711403492898        0.005058549984684       -3.525753457293506
        0.362018917474983        0.666400865160108       -2.017472121110722
       -0.313790614028184        0.362796604616492       -1.325950154834105
        0.363787666220997        2.085820813761487       -2.387442616285721
        0.345991715179794        2.160236222316262       -3.476335771573647
       -0.930685807400466        2.712190190982411       -1.853435198866306
       -0.992135861740728        3.753533959502605       -2.172412935847882
       -0.944544481761658        2.673614160748668       -0.763781585793372
       -1.794539669898399        2.172974566999861       -2.245119914089563
        1.610077814254155        2.859187345076920       -1.895768429828686
        2.011384120690771        3.844679409897536       -2.524710328188283
        2.235037671374961        2.420989217415295       -0.793012519611391
        1.819962842240516        1.638181462143078       -0.300832610091570
        3.437431871566873        3.020184892479048       -0.214264287237939
        3.253654282387564        4.067844781293108        0.032688774187901
        3.717070232878828        2.487546665947709        0.696774075748799
        4.264535301900644        2.963356722621374       -0.924875799338455
       -5.113235527222584       -1.366244669846047        1.648941758104313
       -4.257787108223939       -1.974520014912109        1.357628803789122
       -3.988734970084479       -2.638999418179143        2.177827531438688
       -4.512381290792615       -2.564604383474438        0.477939124286258
       -3.088900506003325       -1.070857849587395        1.041675715642002
       -2.573085940491349       -1.091286344476794       -0.075086008236477
       -2.651407567809462       -0.291903732735787        2.031723544794791
       -3.133320581901876       -0.341547615357366        2.918206352730601
       -1.581750297446906        0.704879150549021        1.887991551647432
       -1.859975471229037        1.390413899365907        1.085375683791842
       -1.505832397207534        1.507948362849979        3.193174108062062
       -1.230518333436635        0.853465378532148        4.021907970771589
       -0.755739625543048        2.294394047616632        3.096926372287852
       -2.471907590788202        1.969707761194811        3.402616102552987
       -0.206610139104471        0.103864883657700        1.517046629244465
        0.627685390849392        0.790855236239574        0.922037054493111
        0.019740412679069       -1.185547750231811        1.800456753643914
       -0.699572294720216       -1.689270113117946        2.299812664235073
        1.244366005037323       -1.913722720581303        1.448138301259336
        2.097015644180979       -1.370840917969420        1.860252095493373
        1.182866714200637       -3.289427500762214        2.124424616135169
        0.340512913968004       -3.862860846439465        1.733795930153849
        1.070015575239999       -3.169238680764417        3.202963553383879
        2.106266618552357       -3.836313513837351        1.928311527772624
        1.477810175942314       -2.045134811706501       -0.076347576693523
        2.614250079092508       -2.258845986664713       -0.508550399051380
        0.431283196048117       -1.877971342194311       -0.897147800617352
       -0.481669630728636       -1.733375495721237       -0.483486064454729
        0.519410292032401       -1.840449413132140       -2.361853131895827
        1.271838821101834       -2.563439309756564       -2.681913251947822
       -0.831834510579934       -2.296963754740611       -2.928502817932371
       -1.610104090774060       -1.579393348699089       -2.665474918435733
       -0.769853239877125       -2.369861099978779       -4.015035477339781
       -1.092370579355693       -3.276994134378707       -2.526278650889791
        0.950265291343837       -0.463689526417053       -2.928799091471902
        1.173340203126164       -0.339951863520027       -4.137758406623020
        1.067342834701546        0.565237408026980       -2.078113716969721
        0.877911544579569        0.389113757038712       -1.099727965089813
        1.447911527346663        1.934133851817122       -2.436265936950147
        1.923343970710173        1.927189583477520       -3.418548727522931
        0.171009064354906        2.783845977340983       -2.563218963211090
        0.432054536804054        3.806977353311695       -2.838161081119905
       -0.381444160176221        2.787473046573861       -1.622126650023823
       -0.468364823698390        2.367826155853169       -3.343220206286051
        2.512023464645623        2.492802680313861       -1.460188486649569
        3.682135886923384        2.102422488023594       -1.540814718266327
        2.131856906762366        3.394778008210996       -0.543181600045813
        1.156168665459306        3.657924173452756       -0.528699523221559
        3.015040968441161        4.002849677667856        0.453032047737688
        2.458365446014757        4.719418379319652        1.060092740642748
        3.426961254920640        3.231990359832312        1.107692976369319
        3.837607572136639        4.523744338915887       -0.041490339517619
       -5.063117453692768       -0.796873603788769        0.481567620972216
       -4.221899726011895       -1.449893834508339        0.252323453121169
       -4.299258698440696       -2.362429321417046        0.842186534113725
       -4.231398243938244       -1.698455734924763       -0.808344576284338
       -2.933304776085655       -0.740284533502508        0.595004919476575
       -2.086927036243825       -0.538284082487077       -0.274296838906441
       -2.767211671384257       -0.383350405393891        1.868930584052201
       -3.512908267063954       -0.592868322965326        2.517521991865109
       -1.621136766349354        0.387566527616272        2.368995858045252
       -1.574735872041303        1.327561823461520        1.816351397824023
       -1.882063133268888        0.717091081085788        3.844464311968350
       -1.938492779767282       -0.201579671491678        4.430823674264968
       -1.071203682294686        1.336329549570788        4.230946924692711
       -2.819358370865665        1.266840710860872        3.942710036183782
       -0.259463943883585       -0.320992642052334        2.184296953641781
        0.771224944263896        0.344518397453058        2.055238234805994
       -0.248055774974196       -1.657862831842894        2.105800828762863
       -1.122778326937425       -2.144762887669423        2.242754256012422
        0.948573608282951       -2.462087070398538        1.830098449885744
        1.749384335920241       -2.128125985264548        2.492463056033470
        0.623109274578821       -3.920556727281441        2.177972243818566
       -0.171267194317790       -4.293414125830785        1.529248268969880
        0.304262770618924       -3.992425964334012        3.218927047527695
        1.512246656187444       -4.537701631900774        2.041155970159723
        1.469784402868484       -2.328836634378256        0.378006810237335
        2.631522746002660       -2.650766156258590        0.110634206016200
        0.634830509832815       -1.840638113001954       -0.550041726180406
       -0.311106393660878       -1.619504331608483       -0.262626207724732
        0.961818539742168       -1.609736745414418       -1.963382251627941
        1.949725826848686       -2.022237672490724       -2.173402714604561
       -0.051827854405572       -2.391057090941739       -2.811486228951169
       -1.055240355035038       -1.991432917473981       -2.657201591197708
        0.206609394163376       -2.307109188930859       -3.867797333593240
       -0.036485395706588       -3.445074453846712       -2.530579713915048
        1.026961603242909       -0.110849527685051       -2.350559653987387
        1.272118244358340        0.219247287351460       -3.516057413303718
        0.810057200422171        0.801646928457685       -1.395280514047791
        0.640725380909909        0.471583060850994       -0.457653624733852
        0.831099113400059        2.251685222734580       -1.605334101003419
        0.300298824656207        2.470324919424563       -2.534215456252519
        0.053228359306572        2.917673118969644       -0.461853405464230
       -0.007976934877706        3.993164449474431       -0.633476663101134
        0.558457733963635        2.738971931650054        0.488417155913702
       -0.958733632239078        2.512294219068671       -0.415968350114570
        2.262398937001698        2.822003180642800       -1.744911433379482
        3.238515229230005        2.235170950318841       -1.260681148546043
        2.384657956033045        3.989650144115777       -2.391416624851312
        1.539851269231386        4.415172587579457       -2.750092926847017
        3.648195282140854        4.694490576086949       -2.614559820443646
        3.469917481619470        5.617935465705946       -3.169098604665579
        4.113773688453404        4.942367962561203       -1.658327698564015
        4.332603270206205        4.065901914043572       -3.188194166074161
       -5.548411455257654       -1.959689691842883        0.565929594902542
       -4.585023229146921       -2.424387912153991        0.359557793555038
       -4.437587694342114       -3.268367758219174        1.032316105793127
       -4.561140011885009       -2.771649918753131       -0.672771822913222
       -3.486153336740972       -1.411027743958595        0.579729712306083
       -2.728657230214228       -1.107343132740857       -0.340865213941459
       -3.380224487247400       -0.902051438057946        1.807651338198131
       -4.044233336259329       -1.209740432007200        2.504008330617432
       -2.426387659616948        0.148980754707558        2.187418354774679
       -2.581656125057295        1.005079145933508        1.528284467128729
       -2.754866393159543        0.587541118453926        3.620679341737029
       -2.611455859398455       -0.245497811602441        4.310905002305063
       -2.098238929405655        1.408363877005512        3.912892181072613
       -3.789222856772249        0.930030585946720        3.677159158845180
       -0.942977228312121       -0.266656055939564        2.052438186033412
       -0.071299249894286        0.591691174500613        1.890550564347800
       -0.648490656180957       -1.573239140514412        2.058618149313009
       -1.406923434370778       -2.223446431838568        2.208442239402311
        0.699191225657358       -2.126431869881799        1.881484690464649
        1.363979943405054       -1.645691582931735        2.601574831826805
        0.638553072962604       -3.622597699253106        2.216348353941906
       -0.015437146872646       -4.138965844007403        1.511646952575810
        0.260333758669785       -3.762044833038155        3.230224902719052
        1.638724604265503       -4.053856811917916        2.154214576520775
        1.299814681433642       -1.885420135286846        0.475044955642729
        2.516078020259881       -2.000655631077906        0.297656554866992
        0.476633150107099       -1.519759838960272       -0.517854658419818
       -0.515537212955192       -1.469815763938837       -0.321976159545434
        0.912214483078777       -1.188504357972028       -1.880006703369442
        1.679226683189064       -1.905820196735733       -2.177776489122936
       -0.288647077198723       -1.377640606231222       -2.816875748327275
       -1.067814158379797       -0.652498347182326       -2.578009400198034
        0.024750193455169       -1.233047090777087       -3.851587053505333
       -0.688988873544975       -2.386908577658710       -2.710559694673366
        1.537872123110966        0.222703073131465       -2.024330530060511
        2.074540892147276        0.531758465422436       -3.091268334254146
        1.453946723557140        1.056669210674272       -0.973118115555800
        0.966111257346964        0.689692030075024       -0.167729758228795
        2.012070760002317        2.408965788497970       -0.789405033034001
        1.172769895100080        3.086973577571715       -0.623774870657876
        2.836018456939578        2.391019093860091        0.508001968856775
        3.235165989463648        3.387220956948554        0.703622186677512
        3.663661064430265        1.685530947933104        0.419160811128353
        2.205326934916894        2.097358072066013        1.347641695941086
        2.836876826677571        2.988617051230531       -1.968475784105181
        4.030896797746721        2.699192732405179       -2.122859744877106
        2.202623611472919        3.844598149625988       -2.782758100544977
        1.227749276601484        4.035537119248207       -2.592740334937934
        2.811601060269440        4.506699763713069       -3.937482138753295
        2.079160879851741        5.147633048398145       -4.432182252474013
        3.656554663143443        5.119617011674164       -3.616691235882688
        3.166926912950868        3.761283705456093       -4.652103824111975
       -4.205609275775951        0.679908972482227       -1.033878632467780
       -3.502724402100655       -0.150760433212398       -1.083665545575866
       -3.997452812511713       -1.065944711103151       -0.760847586368914
       -3.147814538484220       -0.268168172207819       -2.106931992642128
       -2.332677960475731        0.132695300436447       -0.173502832008265
       -1.193281191047037        0.191511513780626       -0.631647943303040
       -2.601538445077165        0.288527101458908        1.122450851811614
       -3.566073245562113        0.221550910234691        1.415383626749852
       -1.601769744489091        0.659690647590263        2.132658638037122
       -1.150314950117605        1.607731015693167        1.834237337602882
       -2.333726407554907        0.879377449037935        3.462943213412887
       -2.803671292894755       -0.049047161880450        3.791798957861806
       -1.622876242703087        1.206832466260696        4.223076786614785
       -3.098076578609136        1.648813242389493        3.344034103726689
       -0.456043640293496       -0.366854716711316        2.283771163597215
        0.673707623407542        0.010675150832207        2.605919080267837
       -0.713165888973764       -1.646901564314976        1.984512656930852
       -1.664258472868788       -1.891187087848931        1.745816810249222
        0.293733674981703       -2.716298487608982        1.967800260461201
        0.856012905783894       -2.675380068016429        2.902500187386392
       -0.448762205238249       -4.058074413872420        1.918859426044509
       -1.018368029921051       -4.138642952349843        0.991527989137297
       -1.127792787692425       -4.138548353438915        2.769055864100090
        0.269936309788607       -4.877427470384961        1.966522635830692
        1.317254381790167       -2.591531108011716        0.811902114520785
        2.386682199079962       -3.206357932079794        0.864964537344873
        1.009744809320348       -1.783222637113157       -0.211320074612056
        0.098986092278188       -1.339182004186517       -0.198246351681014
        1.864143241639552       -1.474234963108286       -1.364239091009562
        2.828785561498072       -1.966811400117547       -1.233407513980794
        1.201622485302432       -2.072038426559114       -2.614579132139181
        0.246975606553556       -1.578233287890091       -2.802649555713245
        1.851136031100241       -1.937002465419795       -3.480280387682923
        1.032068172341415       -3.139838181096525       -2.469443240931200
        2.169379585828071        0.040090399960934       -1.499531273337082
        2.587018680753807        0.500757260009565       -2.566939554863594
        1.947394838346338        0.818491297566654       -0.428668313658111
        1.642255102472113        0.358696053734762        0.417498592920044
        2.079591477441760        2.281870673433489       -0.372142504922256
        1.627353325455235        2.586584813402736        0.573161225354976
        3.568473582347397        2.656576051624209       -0.277517978106343
        3.668797770624840        3.724266235313649       -0.078840960715561
        4.076078640560506        2.420061570552816       -1.213238493255488
        4.039359935333220        2.104576062921995        0.536961056253833
        1.279803092895927        3.051837452552708       -1.457889594106605
        1.698268589042963        4.121802430265449       -1.916476969731408
        0.125871729249056        2.512523193594516       -1.878066323404294
       -0.162240672383145        1.637778252186451       -1.450737200958180
       -0.753793415731211        3.087486187236216       -2.895406596291940
       -1.627109983287016        2.447788276026403       -3.036750098598273
       -1.089159848103850        4.079275237217159       -2.585295622397657
       -0.222133113320761        3.173912580736773       -3.845215751754682
       -4.021914802078610        0.622075437106833       -1.438046396740094
       -3.365450877042971       -0.246079365398261       -1.393585903108476
       -3.925163277540306       -1.106800940800270       -1.029597894133831
       -2.973720311992570       -0.458466670176168       -2.387718935207417
       -2.222263691074926        0.042660163535947       -0.450147483645360
       -1.061786568328843        0.003492704417025       -0.853767205678532
       -2.544126983627105        0.310144883435196        0.815891965775006
       -3.524483834568118        0.312023925370363        1.060271738122492
       -1.582480379065400        0.716580878704895        1.849398160079822
       -1.086833964855749        1.628907400049664        1.514404235930916
       -2.372087187785929        1.047079032611724        3.122648707993118
       -2.888183756127995        0.157184901787783        3.487023945203986
       -1.689691692299814        1.403743882663123        3.895654644890115
       -3.103882907832015        1.829068693855029        2.914194881454384
       -0.478321425747886       -0.328337509076322        2.129990136512421
        0.640950563582033        0.040264573647283        2.496254864909046
       -0.755108609928246       -1.617913372365868        1.897194950542773
       -1.696585116717114       -1.852209469577455        1.614542365737976
        0.215974267388150       -2.713428043614239        2.018898772560772
        0.712285227216041       -2.627330525909937        2.987280258531972
       -0.564338493481993       -4.034469256184953        2.001720116668484
       -1.069408232114311       -4.159842470314675        1.042518256230967
       -1.303888354405163       -4.040118733289831        2.803863273330166
        0.122147824743226       -4.868668558295836        2.153306101073649
        1.322893476251085       -2.693708600297982        0.935177675993567
        2.353619742815165       -3.355014365940681        1.093400382226896
        1.128730911460388       -1.925836812107086       -0.145063023054589
        0.243156045117318       -1.438391448965542       -0.218688002383856
        2.072336302173744       -1.724146189384437       -1.251054242815169
        3.038607380145409       -2.147530645709447       -0.972472953231037
        1.551474410215828       -2.506517976828558       -2.466742190137294
        0.600716280154235       -2.087542673835145       -2.799732234496552
        2.273388401718356       -2.450498560890312       -3.282327717795062
        1.408933689152828       -3.554521254881637       -2.199702452016036
        2.331042419675321       -0.222710054190025       -1.545057244354099
        2.703201461695408        0.137336468030699       -2.665983409021160
        2.130702476693911        0.639109430938524       -0.534898150362787
        1.881766007328989        0.227529472295669        0.353296465316860
        2.096648613597381        2.108269507328275       -0.589159533644682
        1.799361308125594        2.440332555769907        0.407386000382058
        3.514230256164344        2.663504914533761       -0.800626166182655
        3.494998061204280        3.751136657875282       -0.720947601430700
        3.887629365120285        2.389856208030138       -1.787720300884065
        4.186367765375614        2.265985489113539       -0.039020818702163
        1.042893110118291        2.686285821428537       -1.568932256144348
        1.223148511458496        2.694547905902936       -2.792242375718308
       -0.057391014264324        3.218280601576876       -1.016411094453652
       -0.128124237970407        3.206655864663070       -0.008528649167215
       -1.175437019122759        3.794278301973138       -1.765181924676130
       -1.615484943733239        3.038746798618966       -2.419485283342270
       -1.942880972190472        4.153770527343951       -1.076890307915676
       -0.828164924795456        4.631230295426508       -2.374586149024199
       -5.336697217281421       -1.876946199256009       -0.439103663533267
       -4.381275716097386       -2.400218888658716       -0.441834807016748
       -4.417556139352534       -3.225816920079927        0.267894359778834
       -4.179299653175961       -2.785688590270298       -1.440578153507966
       -3.286819181645010       -1.440331270269837       -0.037362343149427
       -2.348710081791376       -1.212163269601285       -0.799879482731864
       -3.389831467452796       -0.893391460683071        1.174466156059609
       -4.193098252478624       -1.139646659788995        1.735395800116126
       -2.467458900214598        0.119172076840618        1.706214329023095
       -2.448564310800525        0.961397621346967        1.012099745579734
       -3.034252277069470        0.617462514285094        3.042196155415975
       -3.069759502482898       -0.200320857392549        3.763942437403701
       -2.399453219427441        1.412335157186574        3.436561938724775
       -4.040074590141635        1.013755952428453        2.894992438063106
       -1.010567255072924       -0.374914909369258        1.862853038483703
       -0.077322033064727        0.432853413172850        1.844168058693170
       -0.796154301102417       -1.693923407063828        1.955573138189862
       -1.604561141150686       -2.299267072475276        1.978071259475522
        0.527983839443452       -2.320941108600165        2.040358502997317
        1.067841873691568       -1.870652607969314        2.875429512568783
        0.322637432877941       -3.808934486546948        2.352936963901743
       -0.213302428839022       -4.294115465859616        1.535417390380749
       -0.247945833067422       -3.920005165461622        3.276263128734844
        1.291327937914593       -4.294389237198387        2.480134104242710
        1.397095778089116       -2.125116759900587        0.774528935521459
        2.622829236808546       -2.255685398274224        0.843840249752379
        0.790028586897669       -1.774498415090342       -0.368020789892531
       -0.220515122080377       -1.710251366373477       -0.372809216783794
        1.492847206372459       -1.437734560266002       -1.611582586617367
        2.333270462956572       -2.124045852343651       -1.730143734344296
        0.527950484244912       -1.678384822541793       -2.779979337151373
       -0.310895080135502       -0.983578882999103       -2.721718530287951
        1.049799298003948       -1.524455475651242       -3.725287399306489
        0.153078100268462       -2.702391542131086       -2.749133047550477
        2.075830071895063       -0.001980943174694       -1.635966208174647
        2.851362311402788        0.322942696622874       -2.541666893230534
        1.729979865915577        0.838250180951270       -0.646748490386057
        1.110066822854012        0.475725072145999        0.065190706697092
        2.085429108791690        2.260750640680685       -0.527891077242608
        1.543046986539718        2.642751078102528        0.338965617172465
        3.581420336664822        2.376291486692973       -0.180350160619413
        3.823544730545363        3.400270616543978        0.105544647233474
        4.192927999469943        2.096274582150307       -1.038681761919177
        3.818975760428508        1.720436833329534        0.658602960478723
        1.635057156787557        3.151935409309660       -1.717776760500717
        0.985702947487938        2.694917316827034       -2.666859783579006
        1.939617082937571        4.455810690519184       -1.643931013781114
        2.457936728839375        4.767471800803772       -0.833338295582157
        1.584756222835661        5.459175224751921       -2.649444428432789
        2.021792363895654        5.194370304302259       -3.614569108870671
        0.499475971351242        5.515810416571423       -2.756812380645876
        1.960501297713022        6.439630309725330       -2.350172119850615
       -5.901132109272890       -0.955891906482985        3.157270285869084
       -5.043597006319308       -1.570217580547294        3.429037360791462
       -5.387197970086516       -2.546337387646545        3.769437522807499
       -4.485017741901671       -1.081465878119677        4.226358202504639
       -4.148094662970461       -1.738416533751184        2.222657940762295
       -3.909783551414754       -2.862150440077844        1.780199540950893
       -3.648628431210571       -0.622130290953475        1.692990387159552
       -3.896830998335326        0.254979358858298        2.127096596290460
       -2.763391271258361       -0.576926477786231        0.526184249897903
       -3.087018932355667       -1.336599960124411       -0.188417736066768
       -2.933391718220873        0.789338855154200       -0.157062491021740
       -2.303585757770201        0.835837292716675       -1.046703309982280
       -2.647505381877914        1.592334618256081        0.524343352933250
       -3.973645172366580        0.926577461372495       -0.455932990905383
       -1.300469953448762       -0.894788314763331        0.909082381613954
       -0.488785390861222        0.004423761155445        1.150853009035030
       -0.952564669117018       -2.185956604485972        0.953373486139717
       -1.675102799795111       -2.872422938816301        0.779250885297457
        0.363325237669759       -2.680544841128685        1.382625469396178
        0.570001298967771       -2.280760930710954        2.377129156014431
        0.274013554980596       -4.208053404398036        1.495147061680559
        0.068364208484657       -4.645402203962147        0.516718458844546
       -0.521568739839639       -4.484038957316281        2.188950351783259
        1.218575138610233       -4.604554233354759        1.870383423391480
        1.534495780957166       -2.250571543706082        0.467045527367359
        2.687092521702536       -2.220709421552806        0.908265432284296
        1.248876310472672       -1.876677954680496       -0.786926405355013
        0.292077482674805       -1.967819056340764       -1.096892506047368
        2.223495344153356       -1.333812640614265       -1.740542013142768
        3.151044925955160       -1.901545500783974       -1.647205887401200
        1.672816065628902       -1.566537484593736       -3.153930820877885
        0.751454865658826       -0.999325779714108       -3.295475033259453
        2.406525468155007       -1.241409603340213       -3.892755486953639
        1.471834387498262       -2.628214400415643       -3.304942026645799
        2.579910795348317        0.156019209363347       -1.503034417047870
        3.521872143701261        0.660786693851559       -2.123671960532237
        1.855334122698787        0.846123063929158       -0.607145394574645
        1.121557727696286        0.342938916270950       -0.125526493872036
        1.948193027284766        2.284005188663179       -0.310834173502608
        1.138966647483284        2.507333290885798        0.386907979620716
        3.257494191990500        2.556517611499483        0.452975011272086
        3.255237795205883        3.570486716980016        0.853902810167552
        4.114877657034145        2.442340387268521       -0.211014691844212
        3.353110594457940        1.858203697669915        1.285802603391183
        1.710202318603834        3.220995692108878       -1.526455205515162
        1.426739010578863        2.778185175847650       -2.646683523156735
        1.776456921336224        4.539883677764893       -1.293287595438501
        1.996578956233697        4.835553973226673       -0.351496922123478
        1.560630037970699        5.582063262668928       -2.298754114100726
        2.282051937904588        5.474728031442393       -3.111537023664021
        0.551739560928290        5.504497645890964       -2.709475631752354
        1.682366520395777        6.569128487322729       -1.848284632482954
       -5.134609420531850        1.427462399326398        2.497320650026102
       -4.207459427399973        1.216307095800628        3.028710939526840
       -4.407517341569882        1.143589956711606        4.097054245511962
       -3.493102861636816        2.017860653576757        2.844951366855209
       -3.631426363828742       -0.089363859370308        2.528291526983995
       -3.456360027064309       -1.027473198857870        3.306565425309476
       -3.338555393416224       -0.149831409866004        1.229956657858833
       -3.511045215758826        0.671141928054364        0.669136603535465
       -2.750915389691787       -1.319332282346838        0.569238021958827
       -3.295096900448524       -2.207075379691421        0.898126541773905
       -2.958706445323566       -1.178765875543284       -0.945631162397349
       -2.587548993384569       -2.068971566472066       -1.455609982225997
       -2.421506136340874       -0.304941238737053       -1.318654094338177
       -4.021817255190234       -1.068655261409536       -1.165518185407209
       -1.262080382941387       -1.527501834152752        0.925940335677021
       -0.542211406823122       -0.579312810363518        1.257830743841450
       -0.775600032526436       -2.767736236212230        0.794722900425002
       -1.410937050104810       -3.499650922559650        0.506962588973127
        0.602376172894300       -3.157710898321471        1.128042743844557
        0.802609514745793       -2.856610656053762        2.158014904697920
        0.687380202163520       -4.688004013372113        1.056547833114755
        0.493508787653153       -5.028045084609096        0.037858022792895
       -0.044300782118228       -5.133445049689142        1.732304673189660
        1.684188439149960       -5.014707710946561        1.356388651972380
        1.681791011982170       -2.491646721468096        0.241255387706917
        2.843464001995464       -2.393347735108522        0.647211440801164
        1.304026914556932       -1.995815171374697       -0.944277783390575
        0.349208507070459       -2.149949778748751       -1.234259669824772
        2.173346025222981       -1.233108547898350       -1.847528068851740
        3.153341957693959       -1.713166020549622       -1.871029909008247
        1.573298431831853       -1.322337062384691       -3.257118725503354
        0.596254200935060       -0.836940157658650       -3.280210108787887
        2.233060742048986       -0.825558878996470       -3.969744483796882
        1.465838223983522       -2.367684211585558       -3.550480653785691
        2.399892965905813        0.238187752460870       -1.415522889853994
        3.269985805745152        0.909118339513549       -1.981223682489722
        1.646979929390178        0.728811495887711       -0.417366789777210
        0.978243650972189        0.098127077144507        0.005396305556999
        1.622367225416556        2.114771387432079        0.074983531392279
        0.819789478136702        2.165175415636881        0.813146390705501
        2.926918386328888        2.398172309178610        0.842993993593351
        2.848829853137855        3.342802430294467        1.381935378172281
        3.768909837425571        2.455227652329653        0.152459016154369
        3.110544103064815        1.603593221406053        1.567788018255655
        1.263766331558656        3.184115857053146       -0.992910592716859
        0.979676118438557        2.874847361852845       -2.156946892278444
        1.226131882531541        4.459519838391092       -0.580384316960470
        1.453322493756844        4.642382783626484        0.388008002018420
        0.887909183348316        5.605811935564756       -1.426148809145270
        1.587077089460136        5.674745786349331       -2.262210326805106
       -0.124479443236523        5.495832536691983       -1.820531581761537
        0.941239100790767        6.529084160064332       -0.845834133119803
       -4.560400965376166        1.907381527823318        2.570163359974687
       -3.478567531605981        1.852989035222536        2.685284966924752
       -3.196184972558167        2.234571121170284        3.665758682678823
       -3.000539968626922        2.450158175261425        1.909762889038202
       -3.034053633544066        0.413692593948427        2.551448059168650
       -2.446186688119324       -0.141376341802010        3.480243666694677
       -3.314693234358467       -0.188737314312142        1.396762476198380
       -3.794342922165884        0.347490333459454        0.689326906086939
       -2.927817313249617       -1.564329589298935        1.067002603636737
       -3.172427278918082       -2.200542587239934        1.920061327817852
       -3.774711260712341       -2.036146594366147       -0.123498252746468
       -3.548265271572478       -3.079109540128622       -0.349661754250580
       -3.557181920743060       -1.427001777556506       -1.002456799694757
       -4.835231613672923       -1.953116879330276        0.119190090948008
       -1.413428048051254       -1.714754857382392        0.792380284409735
       -0.747644953564881       -0.748772934215086        0.414060689647458
       -0.900650038271270       -2.940755190162644        0.968824623487188
       -1.559560386393170       -3.639784311371991        1.281548533148996
        0.473195803865411       -3.440223188193924        0.767276327776211
        0.810526277129873       -3.821424708247082        1.732809129495228
        0.398430069883110       -4.649101890249653       -0.179084242298274
        0.001324540912131       -4.350074557226708       -1.150320020625415
       -0.251061628778420       -5.414582228501991        0.248184418540553
        1.394533295005285       -5.073624553608995       -0.314193742808129
        1.562116411387805       -2.432852695585659        0.315593728065524
        2.454237729957471       -2.095356789449619        1.099866195208733
        1.520387075192918       -1.974575847540988       -0.942888397514812
        0.752758689399058       -2.275301080963869       -1.525760273533978
        2.562161394272771       -1.145773988152457       -1.565034802084096
        3.533080807424841       -1.574775044437309       -1.310698128883600
        2.390486668078196       -1.250530942484207       -3.086355322151066
        1.433509057835761       -0.819940757327258       -3.385435166018182
        3.194828374415687       -0.708382850644333       -3.585355545307550
        2.429990151017587       -2.296261438355698       -3.394972685717586
        2.591958327679407        0.332158696466197       -1.100826470604267
        3.575673301479441        1.031764723354691       -1.366889334311595
        1.547264666974597        0.795927126205662       -0.400856010985182
        0.801731673115142        0.135776164041181       -0.211380452448452
        1.319593500198313        2.175615178237336        0.053701437172548
        0.321022138643314        2.192213593156872        0.494140924147299
        2.297418142009805        2.494357318774903        1.200011539716547
        2.020230930928866        3.432560120486263        1.681453986280884
        3.314642419918481        2.581822979521076        0.817021590159972
        2.262729621534024        1.700929515202159        1.948148133520725
        1.287620410574035        3.243257880634650       -1.073919909238008
        1.416035842273174        2.939090367057055       -2.266594503245697
        1.063313901846479        4.510566261753759       -0.697083586334287
        0.951628412408653        4.689197188251388        0.292063622740604
        0.974656891690083        5.653937504536654       -1.607295022770844
        1.906468740661382        5.761734223269601       -2.166477846289167
        0.153943179025560        5.509366053431811       -2.313047257898420
        0.795451483543777        6.570652596869762       -1.042004664925481
       -3.491607877948121        2.386966375425063        2.673422081083786
       -2.473835100295652        2.219182186029153        2.323124272853547
       -1.773201989607016        2.740010402704297        2.974831239693224
       -2.375496892011434        2.595291351325356        1.305705380158127
       -2.180331901693755        0.735658838743328        2.342150869394335
       -1.295359302077621        0.289219041861543        3.071582278987233
       -2.920848921895558       -0.026805919622183        1.539217551692583
       -3.621955229195161        0.424997759447741        0.971134264462854
       -2.754639337304715       -1.476550280472901        1.396584868373346
       -2.652232792747644       -1.908169818090863        2.394339850935734
       -4.028952436137220       -2.056833698645189        0.768117754410062
       -3.948419532801815       -3.142989538268911        0.705175812624561
       -4.168870100607729       -1.652465429182329       -0.235759098404342
       -4.894355312252936       -1.804381758389856        1.382738822449757
       -1.491245276516608       -1.856211353552952        0.592043612720033
       -1.039725768913473       -1.100307515762446       -0.275119057520662
       -0.941272576081978       -3.047288178972633        0.860920906045150
       -1.382487055913568       -3.610391353142694        1.574453341990217
        0.264572378006281       -3.603372093615558        0.231821148312464
        0.594206296025560       -4.431055772644591        0.862341712227690
       -0.107802886157777       -4.231121645202530       -1.123621532419040
       -0.491803927868625       -3.471286272973618       -1.805890160209507
       -0.877132196028600       -4.990453802139301       -0.975931557113888
        0.769204172103014       -4.706883870073497       -1.565398570814529
        1.459665871734251       -2.616980503178462        0.212189285806739
        2.042251333198956       -2.334802864338861        1.263694938545538
        1.825516462845669       -2.081840345054607       -0.959678566809246
        1.304816959267002       -2.349485080281251       -1.782497761743035
        2.933531545447516       -1.134639947913400       -1.136510194795851
        3.776136731114699       -1.475632510278145       -0.532200347080110
        3.362495554624877       -1.189347917378307       -2.608912109361939
        2.550765913996034       -0.839731882812895       -3.248843987942392
        4.234396719928834       -0.551936162359246       -2.761855590828986
        3.625060878966512       -2.212316305238549       -2.882677840502790
        2.616908895894987        0.314960713233556       -0.689283768323123
        3.537366562458748        1.133619550219608       -0.588676512610081
        1.342920616382486        0.624971173797655       -0.404527670439592
        0.661566575849349       -0.119350330623373       -0.494492912893736
        0.807128381635787        1.950360804897298       -0.059822598709280
       -0.276228252978741        1.835688670534688        0.001690064830742
        1.279491835058039        2.331477643958975        1.355544136181871
        0.731516538283468        3.203353832483003        1.713675205841518
        2.345028647844340        2.562938129505698        1.349566759123015
        1.097317402433185        1.504535032988213        2.043119055782889
        1.042230730239889        3.052269934737372       -1.128707675950653
        1.603370919229022        2.809535361759182       -2.204562398855412
        0.561526199971931        4.273208735196309       -0.851706043394678
        0.101465370626956        4.402170551734755        0.039509325219633
        0.660355508945091        5.434598891753279       -1.737723209701283
        1.708554030339607        5.661949083883237       -1.943093808320604
        0.151580323743582        5.230753534547858       -2.682265568925609
        0.196855610840060        6.304914349442022       -1.268935996076272
       -4.038656344824301        2.333264697201265        1.053443451719966
       -2.991621491747130        2.198761388254527        0.784351390417131
       -2.395223372144833        2.990735077265171        1.235877117474852
       -2.888343448138252        2.235523179086264       -0.299522248817978
       -2.516680760387434        0.853637269444255        1.285359771851629
       -1.565758958397839        0.784069173977378        2.063167232376871
       -3.169497594741256       -0.216242307620083        0.835599763253986
       -3.932913232484806       -0.071166796734876        0.191624744360253
       -2.811077103971037       -1.595900303332233        1.176636338928233
       -2.608605985263714       -1.640256227443407        2.248803631659162
       -4.017033303013954       -2.502815933395089        0.896356386810212
       -3.785948744917066       -3.526482973954625        1.194636191575540
       -4.257167873685627       -2.488675971899537       -0.168066351190560
       -4.881404016633307       -2.157760702478074        1.465747077922106
       -1.542175048281288       -2.077767763694479        0.438055192558184
       -1.295480858816636       -1.689113383681516       -0.707652921091206
       -0.769333295419174       -2.956276880585927        1.090993062560596
       -1.079276363023371       -3.216898277038248        2.017062895513178
        0.480382757916722       -3.592850890956617        0.639104401263356
        0.869686067308120       -4.134385994618565        1.503277622775517
        0.159067782733839       -4.667442345692354       -0.411799082061287
       -0.249094501043650       -4.210126878264261       -1.313884764776354
       -0.568884770156441       -5.373029423821746       -0.008885735433739
        1.069186767561386       -5.210642262571334       -0.670160252074191
        1.626895770959233       -2.640594243396246        0.216690812431489
        2.654359930673759       -2.571743740292005        0.897663500295849
        1.472461182656823       -1.914890286877020       -0.894829386211902
        0.580036254084330       -1.986627970730163       -1.369664906911493
        2.490286934367549       -1.035842858768837       -1.482195833287424
        3.472875656749653       -1.480304601001277       -1.313659720524452
        2.250227412371031       -0.997475454178540       -2.997101373743145
        1.279372791616370       -0.547706761802030       -3.211175139675427
        3.029925949508263       -0.405207552126203       -3.477910498465615
        2.277650877238428       -2.009459390433769       -3.403832249041326
        2.529111444495595        0.387840852589864       -0.877276198397322
        3.519738177628933        1.101686861429423       -1.067913905054876
        1.480197504439805        0.786972674434126       -0.141269888393119
        0.727066425065234        0.124069638591552       -0.034237421606024
        1.265641978360398        2.125843210969342        0.431824968475876
        0.269846261197486        2.119546266218992        0.874099788488464
        2.246086021523121        2.337404615242716        1.600263822117932
        1.975619103809561        3.232703693396470        2.160728722624871
        3.264017429230144        2.450421494990942        1.226178493867758
        2.205085716323844        1.482993920042438        2.277479643258276
        1.239703447516852        3.286710526124007       -0.599103275443198
        1.370102435840226        3.085974047988533       -1.813037813604772
        1.015447315291765        4.516721838070493       -0.114488885293327
        0.902915505497840        4.609776183277910        0.886259659235912
        0.927251836351383        5.734061456741550       -0.923047748022755
        1.859033426467483        5.889066920877740       -1.471074514391181
        0.106349716627132        5.651002142040175       -1.638435914481972
        0.748547485678801        6.598900849133966       -0.281059655822545
       -3.469844809011412        1.964544898716668       -0.143590126731805
       -2.589834219641022        1.517236095261423       -0.604044702212975
       -1.756639055129365        2.217618860408491       -0.557874619665120
       -2.806401985228054        1.276853341011519       -1.644210829495909
       -2.229626974108328        0.251126843750603        0.136376626208972
       -1.132222926644691        0.148766400131625        0.684739410117482
       -3.138409295335477       -0.723429405747035        0.142505915147553
       -4.010038243085360       -0.565820988524036       -0.341505534813448
       -2.943304791546429       -2.013018488939935        0.811009049120084
       -2.778673331627711       -1.823306627348450        1.873619254648899
       -4.228353791533904       -2.841312342725176        0.678325551253723
       -4.106299679161010       -3.792454355308380        1.198534024953801
       -4.443900032257400       -3.036134995929855       -0.373516500006415
       -5.065455149017844       -2.301705608020731        1.123680190266569
       -1.709670969264638       -2.757734330989499        0.254696805116182
       -1.617515737203814       -3.019981900129797       -0.949169668960020
       -0.751510717381422       -3.069170041898670        1.137928567711178
       -0.924269992686780       -2.839744231462066        2.107324973113105
        0.571345531036534       -3.629778260339430        0.820812492782783
        1.150827742510208       -3.567014720807166        1.743496662578723
        0.425899529630464       -5.128630981699634        0.506206923892036
       -0.099436023292764       -5.265595974315611       -0.439515331485556
       -0.132088847033167       -5.622901011215153        1.302579675511294
        1.411807961395541       -5.589471273548158        0.434301741914257
        1.403079921223921       -2.828194036569380       -0.219415641131406
        2.311699307538500       -3.381453294051278       -0.848556744365334
        1.107607150071874       -1.532274189409721       -0.403215435350014
        0.329450051090694       -1.155404098081262        0.122633369816089
        1.740760660743872       -0.654294146518996       -1.400059824728614
        2.646958017658276       -1.129896792765305       -1.778530873731048
        0.763251132638277       -0.505883506788625       -2.574111693774605
       -0.152790477578109       -0.016154969698312       -2.241040352548090
        1.222145684625292        0.095295686752623       -3.360133432269074
        0.518587822154777       -1.488220326411948       -2.980644525197866
        2.166975593316451        0.730677273632463       -0.857100371742272
        3.109497825542554        1.324538026037503       -1.391313241263785
        1.513658309639597        1.223508775861888        0.206159771404559
        0.732255881604166        0.682233351984803        0.553501798130049
        1.686725071813592        2.553833902766393        0.810049539929425
        0.920777564695405        2.643415305765167        1.582610486522239
        3.040144591414985        2.603157256109037        1.543422828077492
        3.101340726800565        3.500323565098310        2.160091788487627
        3.860834439197821        2.613102299695155        0.825533626539261
        3.142053266438579        1.732465246155323        2.192930006523858
        1.436563177540384        3.746425967500036       -0.153067341285659
        1.082046593964473        3.574859509853269       -1.326077222504132
        1.573101640257157        4.976761059033095        0.362412697120000
        1.849671332776261        5.047019750539850        1.332699176884610
        1.358078228287524        6.223882613169348       -0.373888002450062
        2.035940410839296        6.276968427009593       -1.228447390964481
        0.328955690678495        6.273662076746753       -0.735833192332664
        1.544246490643157        7.080704166252733        0.276679645238512
       -3.678180620784259        2.415949795269232        0.079112900127776
       -2.721788391404388        2.100447071400414       -0.335923140298064
       -1.985454025879825        2.890007527151797       -0.194444690205348
       -2.836982771394124        1.894925011230300       -1.399330716979866
       -2.261662079171661        0.843953387215769        0.366955754410973
       -1.173669854977407        0.817641011033366        0.941212577990608
       -3.085192893438445       -0.202249247038997        0.323009915117544
       -3.955510566828708       -0.102596048366786       -0.178252685599633
       -2.794518885558054       -1.494586631297276        0.950113068986455
       -2.525164515685066       -1.310012448269827        1.992197842635002
       -4.069985255386482       -2.347688958388963        0.944509866294063
       -3.881265266705598       -3.294875891310957        1.452018364123242
       -4.381135499669494       -2.550252439287897       -0.081672414745133
       -4.870698707556194       -1.822380921375061        1.467307566542342
       -1.610662320803049       -2.224110825141649        0.276633244880644
       -1.464860193980541       -2.196446779261748       -0.948900663714656
       -0.772810051713843       -2.883078661583284        1.088088881318102
       -0.989145759184056       -2.849999094073045        2.075256702324877
        0.421304797177812       -3.670651217810845        0.724825101932627
        0.883276251238119       -3.958952616480595        1.670720954815879
       -0.032323493305167       -4.979161977192638        0.057947711696350
       -0.470017270015125       -4.771815099783535       -0.919205795967011
       -0.771191617409408       -5.480305104084886        0.684838081869895
        0.823409678104549       -5.642892909444218       -0.072276416955471
        1.555730162132164       -2.954567268930059       -0.059166938363280
        2.648977229718720       -3.515904985679008       -0.183708278489501
        1.339036834984410       -1.730391172967892       -0.556061763351410
        0.390299307698467       -1.385273346652419       -0.505874222307398
        2.288944164661940       -0.955931776284723       -1.370502502955927
        3.267670207488115       -1.436361448827103       -1.330723120169540
        1.801500693257924       -1.011222117378981       -2.826131179167988
        0.836798164821017       -0.509519925778272       -2.915958571151052
        2.522740917690430       -0.517526808192194       -3.478546000075996
        1.697959555879949       -2.049627889550560       -3.144071550695064
        2.510153759298954        0.499351469032010       -0.884456621005735
        3.241738905994597        1.256326274415968       -1.531954622041182
        1.902413648618534        0.881533734731822        0.249094345766403
        1.351692545252898        0.182471520940264        0.724063957848758
        1.813792509495477        2.245260667086375        0.795398625309606
        1.171310689328120        2.177188795801294        1.675214487791666
        3.193209632836036        2.688078992919594        1.314827956371175
        3.097791581631754        3.612169135411182        1.885851744102882
        3.875377768410062        2.860314454850486        0.482009722465903
        3.608770287405029        1.918923578052146        1.967390200921479
        1.123648716027529        3.282747570870495       -0.130249602938721
        0.822010454219762        3.023175950932938       -1.301724831269871
        0.839421874399260        4.473220259050859        0.417381455655786
        1.105603824574524        4.617531325250689        1.382462980110423
        0.176711826266687        5.578984555247592       -0.276478544153418
        0.769136214231065        5.888837284852587       -1.139926463658374
       -0.812243646655738        5.268493997249097       -0.619943680500516
        0.064031784662708        6.430850040437176        0.397041005349705
       -3.736837999158968        2.440642618772877        0.130650424043012
       -2.757232069386865        2.159194368956893       -0.253613842899922
       -2.049703363477812        2.966703453351781       -0.072324121118456
       -2.827421133661910        1.968283150008249       -1.323645510816457
       -2.286806548192599        0.904547031966279        0.445842127556263
       -1.215076209391552        0.896752739990548        1.050210461303541
       -3.083939028583405       -0.159695437922407        0.366018195638084
       -3.942056785742934       -0.073301573998656       -0.158166609588824
       -2.778080607419696       -1.455611421052354        0.978521047994258
       -2.501986082843057       -1.279444926784105        2.020308873295040
       -4.047487762767439       -2.317836280456995        0.974791353028909
       -3.848888060576760       -3.267745098952253        1.473358354768219
       -4.364193001061298       -2.514366484901203       -0.050866106093543
       -4.848308736042018       -1.802399626509535        1.507177351051434
       -1.593866460530805       -2.170866125926678        0.290381512880852
       -1.436207543957197       -2.099490202447681       -0.931956149548184
       -0.774302729982273       -2.872291682690110        1.085113975507936
       -1.003492058664657       -2.870559626121660        2.069894050270425
        0.413208300024218       -3.667495211720177        0.714213575455713
        0.847965872612975       -4.006502152493475        1.656231856752191
       -0.049739264291301       -4.935825717744232       -0.019686127077720
       -0.464585296946833       -4.677130866205538       -0.994579753820281
       -0.808968793393573       -5.451589739163357        0.569925715195967
        0.797613570889895       -5.607436343387141       -0.163917626325365
        1.578175235439543       -2.945567879194604       -0.016751927281291
        2.697559781963242       -3.467391113876497       -0.025714633264400
        1.356132226153342       -1.759025817201799       -0.594027128150749
        0.392633692569428       -1.452388168714632       -0.633928341872323
        2.333580143365038       -0.985746600552712       -1.375556992304466
        3.313358326608343       -1.457531344174634       -1.288006159656771
        1.912142089344406       -1.063830793480490       -2.850572063838094
        0.949135114715889       -0.570320750073828       -2.990098202615396
        2.658568584732968       -0.573787155968989       -3.476888093074274
        1.829826638487520       -2.107141145819995       -3.158536890985818
        2.521814882202274        0.475376784883180       -0.893245539916016
        3.243083207577090        1.245502060993561       -1.536888700739633
        1.896120493067904        0.848352464997852        0.233691638528970
        1.355111953738057        0.139310122617063        0.705182675991405
        1.785123503564945        2.210589866926478        0.779996866017849
        1.137926923746429        2.134834492054322        1.655550378185356
        3.155116865685672        2.670822117363698        1.309487474830448
        3.043633016140111        3.591969990752600        1.882320336263047
        3.840366036940174        2.854429116484557        0.481651654293347
        3.576799774524170        1.905754514924393        1.962929544291752
        1.088525102067907        3.238507476694085       -0.151498649925144
        0.783411951337468        2.967758601633055       -1.319605676863336
        0.802282087948929        4.432710312814463        0.386957104023100
        1.070433589593535        4.585597802296525        1.350141889274922
        0.137511773558658        5.532034089321016       -0.315138861788385
        0.735150062841948        5.843972594019490       -1.174219397714267
       -0.846236781087689        5.214010248875582       -0.666456467964935
        0.013105815718532        6.384663066837215        0.355341138802023
       -4.216536128082102        2.875790242370577        0.128270037465711
       -3.947337011910132        1.943423387535231       -0.366655198626127
       -3.140084575101931        2.126179916631032       -1.074908017332417
       -4.813151128623923        1.548932666672376       -0.897093524705805
       -3.490114412825271        0.933915623502656        0.662273023033674
       -3.463125548201727        1.237802113674624        1.854968636872138
       -3.127256170743084       -0.260419837703521        0.196211568088890
       -3.176015990214500       -0.406651809727473       -0.802282162071026
       -2.638295113826874       -1.378881024278672        1.011119331892144
       -2.262725255900706       -0.990703005815633        1.960011726342637
       -3.815374961885664       -2.317885364323883        1.314084275251296
       -3.482042643217873       -3.137561326879444        1.952144903996839
       -4.214839237777812       -2.728830879123098        0.385467651099510
       -4.603563277562368       -1.769159212243128        1.831630422427755
       -1.473700505047701       -2.126799264581248        0.326888990273975
       -1.360972953278976       -2.121130563511455       -0.902535528608979
       -0.622385071783597       -2.775648738534767        1.133763319992283
       -0.837249741010202       -2.738059602316054        2.121177819783013
        0.617511086977349       -3.498670192003249        0.787808710430655
        1.043408744053619       -3.832943318283105        1.735710985830499
        0.268062687156819       -4.777880824564258        0.011948628216032
       -0.137700461283569       -4.529647155668934       -0.969327822143964
       -0.467123672556553       -5.360802282283944        0.568499688158415
        1.167083521573138       -5.381207848116066       -0.121336690096631
        1.738536641957846       -2.667513621911171        0.113692281700650
        2.891245441512689       -2.724957206805615        0.551533730900647
        1.421030756161502       -1.873250159496367       -0.913093748898316
        0.461489812866419       -1.903568316679149       -1.239857726227970
        2.354193019774259       -0.995149937150312       -1.629686137908997
        3.333416389894560       -1.476310212257967       -1.660302867326263
        1.852235434710563       -0.867089998544713       -3.074000093444163
        0.877521519477451       -0.376816969972368       -3.089594103828008
        2.557741950296005       -0.274357005496982       -3.657766758079115
        1.766630644662577       -1.855972551545639       -3.526815794298129
        2.552138025496647        0.391070714005331       -0.967917649252182
        3.478655061881055        1.118336672763896       -1.341484298310043
        1.706788576923315        0.743172029254888        0.014313200506500
        0.997736323935563        0.069301986090662        0.258189357549643
        1.637284381944996        2.044470215683218        0.699180481375147
        0.766938642762337        2.004509421344299        1.356942386464052
        2.862284732604473        2.191289128658313        1.620933291272616
        2.735756308283542        3.049456102857088        2.281615800437661
        3.767306399971933        2.332817951671687        1.029357841442518
        2.972544241435522        1.297301741222263        2.236573732024164
        1.389295111982035        3.262037978189291       -0.233089462664791
        1.215261254011887        3.126400703554006       -1.450602377414946
        1.319739543546070        4.466421190821348        0.352384477730777
        1.455119187774067        4.505838700216005        1.353877778882099
        1.068857192393228        5.727269595579305       -0.348429555466711
        1.843969832655355        5.900979096532835       -1.097841867299755
        0.097485942279920        5.693417844918772       -0.846298313513871
        1.072325749877806        6.557733006068528        0.360345618076285
       -6.808328805271393       -0.566872342354651       -2.239270002422383
       -5.957411278359970       -1.246868266910931       -2.254436598484842
       -5.208733208664602       -0.878936367072971       -2.954935007111106
       -6.287769005629588       -2.237736403432798       -2.563672870267814
       -5.348858677829686       -1.332583417170265       -0.872518921499347
       -5.830336056085073       -0.681465370730647        0.055060502179069
       -4.292381209809651       -2.133822372902320       -0.741718396153577
       -3.966584587437920       -2.615704031689711       -1.567587473974091
       -3.542463905449920       -2.355436670241122        0.500286183695827
       -3.673426296175996       -1.491315778269525        1.154665845665462
       -4.125023390207216       -3.586643714364831        1.210955135539833
       -3.608348733844956       -3.748451164665036        2.157982724949922
       -4.005393001551067       -4.471820059139322        0.584167169148401
       -5.185686395607549       -3.431219144596466        1.413331014021225
       -2.027047851816414       -2.514974100803370        0.246914382332978
       -1.603077933097719       -2.877462996754892       -0.855888682670546
       -1.214759457418768       -2.257213148661315        1.281736692840573
       -1.649219788634770       -1.989656159201655        2.154871594145827
        0.254517378498303       -2.357587148234261        1.276834603567677
        0.591681993927630       -1.886884144127887        2.202003916260896
        0.659540405722334       -3.838483805886377        1.374020730009920
        0.389710235193564       -4.362909724095147        0.456628851576260
        0.152478556025341       -4.307416651110909        2.218343885685722
        1.736643350843766       -3.918711280513473        1.525988814485690
        0.963121269201640       -1.562602526269685        0.147631558081153
        2.027973524488772       -1.957650191860942       -0.338995949668215
        0.375480890638029       -0.435644261191472       -0.276354979273523
       -0.494943687230800       -0.166632240563877        0.159652536755011
        0.854546830911883        0.380285294285860       -1.399993744835170
        1.168774813052308       -0.290458447010821       -2.201754125251860
       -0.333138401453268        1.201790601614187       -1.918758482407587
       -0.673046865891572        1.897305508118285       -1.149734562222357
       -0.030182697177406        1.768349736242913       -2.800353411275443
       -1.153221412668985        0.537058091702403       -2.194697842412521
        2.067282963823005        1.282608492508819       -1.065580437662640
        2.751635728795904        1.746469574212679       -1.984130056122478
        2.345216363582741        1.506967957153273        0.228494715161598
        1.731930504105644        1.073291395942988        0.902082265021727
        3.392097409483015        2.391464461687911        0.766369182231772
        3.255145520830495        2.415147695565385        1.849046067255634
        4.766792403409618        1.740504120143959        0.523431083373802
        5.538860359286339        2.270734194123535        1.081713826083996
        5.017094104174375        1.767988977665990       -0.537560274243095
        4.750722166468965        0.703104322721620        0.860993527325029
        3.296547894461729        3.873355286394867        0.309336127237022
        2.359841632120562        4.281117695618984       -0.389105495418363
        4.250469461580199        4.705474454118309        0.752109130637688
        4.978158024045429        4.311435846479880        1.333496315945008
        4.321861863618856        6.136878116896072        0.452319052586902
        4.390239336798397        6.291591348671433       -0.626565079963937
        3.429717622507948        6.643883571547360        0.825959423839772
        5.201300339717473        6.576354986409996        0.927185535699510
