       -4.711136675135192        2.616378032240236        2.366057997661811
       -3.691710928118539        2.682546631176053        2.744161389053087
       -3.084372535368597        3.263105185204214        2.050870085474561
       -3.695071888217831        3.166680121710932        3.720005555952828
       -3.113841777805185        1.290528140004015        2.868105276781424
       -2.733439572383062        0.873306241163704        3.962467038336859
       -3.049501625575241        0.572805930073946        1.747463346214974
       -3.380232591552421        0.999412562614781        0.894883201633170
       -2.498818538519357       -0.783530000248108        1.665590504049440
       -2.907052971497304       -1.368650227879193        2.492251225837231
       -2.979299510662276       -1.426303178374021        0.356489530050611
       -2.636100625107389       -2.460529005496644        0.302694674979987
       -4.069765113296517       -1.418276432180782        0.317765053223900
       -2.584590177544147       -0.875404623637894       -0.499089280085230
       -0.958976024308792       -0.816512275856786        1.788056749038871
       -0.267033722926119        0.151883574430578        1.455114803127942
       -0.409262351653112       -1.962734870387663        2.207641258509978
       -1.027106492751185       -2.724412508740032        2.453148943497736
        1.031634580397699       -2.161603248965349        2.422741646744460
        1.385715013467993       -1.384264712997504        3.102424842528905
        1.220056210165189       -3.518021118845688        3.114667998987751
        0.877189929736857       -4.323325526695266        2.462847080645056
        0.654669709201330       -3.541773947637912        4.047510962275210
        2.276107035179975       -3.670501041506608        3.342204835910815
        1.884355628748152       -2.062992304289431        1.134986859206758
        3.088193029136704       -1.799377740654242        1.207305727801112
        1.267533903849729       -2.228674300493895       -0.042350804749951
        0.291355515825920       -2.486352621495529       -0.028109998371393
        1.903736987363335       -2.050278879527523       -1.352587004126074
        2.898343815589733       -2.498537082309962       -1.317638726880856
        1.074376099906222       -2.828435622704449       -2.382925425644014
        0.074082840766507       -2.399289780454926       -2.460424058070107
        1.558764453280531       -2.777495775056294       -3.358980442481632
        0.997729603221563       -3.875232422276886       -2.085097699383363
        2.088872643307839       -0.569000500552729       -1.769964467993206
        2.792097065871974       -0.298393509611039       -2.749491934343208
        1.487309131164088        0.377641580652244       -1.031117116208652
        0.953549492489347        0.064481397083859       -0.230660353826333
        1.443073280179278        1.821883167005683       -1.306995485526040
        0.780966578152322        2.258557783575099       -0.557004813762392
        2.836439918371645        2.425330911236943       -1.049332691375419
        2.781786785493880        3.514308254710270       -1.054136982744770
        3.204837938401994        2.104405967674964       -0.073786286433095
        3.537332519829758        2.104469381355650       -1.820591993317477
        0.821648416058553        2.209459617875160       -2.676705560350499
        0.362372767508719        1.359009573721992       -3.449450899424188
        0.759120143641755        3.518268856107528       -2.961939128890173
        1.137937654270455        4.161885134201865       -2.279961494183969
        0.190752599909777        4.084367321141956       -4.186760995793251
        0.273983873347043        5.172881121933184       -4.170915982495596
       -0.863635931315241        3.813087642960350       -4.271826453989171
        0.725024189901610        3.703218929021184       -5.059610507074430
