       -4.7301182723       -0.9534156764        0.8517183856
       -3.8617299288       -1.5424749216        0.5594294300
       -3.7765473251       -2.4121228416        1.2098054529
       -3.9725397049       -1.8681125237       -0.4742442033
       -2.6189243385       -0.6955061401        0.6916213992
       -1.9071536886       -0.4828732761       -0.2884293878
       -2.3359151195       -0.2298674103        1.9080875681
       -2.9721903126       -0.4558926274        2.6594600145
       -1.2196757970        0.6775793879        2.2034278734
       -1.3532272836        1.5876932125        1.6168942972
       -1.2972197320        1.0551964328        3.6883672431
       -1.1740576603        0.1667396983        4.3100067313
       -0.5068209014        1.7684549924        3.9268950913
       -2.2619354851        1.5165933644        3.9047471256
        0.1658329270        0.0954711417        1.8440412156
        1.0664510806        0.8407559971        1.4502208154
        0.3269286280       -1.2322416004        1.9103061976
       -0.4455270145       -1.7843349702        2.2560003844
        1.5568114673       -1.9333797724        1.5252787030
        2.3989312130       -1.4596853807        2.0332585753
        1.4511627819       -3.3793824427        2.0265370895
        0.6186622472       -3.8876021460        1.5370667169
        1.2961027806       -3.3881277378        3.1064829702
        2.3752793562       -3.9136378786        1.8011963103
        1.8462254456       -1.8819199759        0.0065530197
        3.0083027855       -1.9717658895       -0.4010049493
        0.8114221568       -1.7082262257       -0.8271733016
       -0.1154632537       -1.6540876350       -0.4248180493
        0.9251859553       -1.5331075254       -2.2793255255
        1.8706387908       -1.9568841470       -2.6222606087
       -0.2049024965       -2.3294738431       -2.9443735146
       -1.1754238309       -1.9338635164       -2.6410938134
       -0.1149213208       -2.2560622101       -4.0290346763
       -0.1377521079       -3.3795313928       -2.6562039052
        0.9088719195       -0.0484177334       -2.7044363941
        1.5993389924        0.3306881150       -3.6553026924
        0.1527599956        0.7998969594       -1.9955377773
       -0.4434546996        0.4125202220       -1.2733438989
        0.0323910615        2.2342108378       -2.2781846983
       -0.0786953312        2.3669964050       -3.3559464760
       -1.2522437725        2.7388577435       -1.6087006094
       -1.4068261699        3.7893870386       -1.8585250004
       -1.1749023275        2.6395308603       -0.5255673571
       -2.1083045250        2.1633241901       -1.9641369998
        1.2617632108        3.0640298074       -1.8387270608
        1.5458388253        4.1081100978       -2.4362274093
        2.0014355738        2.6102892564       -0.8161482998
        1.6794006449        1.7746634216       -0.3414493133
        3.2055252568        3.2587843386       -0.2971502777
        2.9748975344        4.2759797994        0.0260764412
        3.5922803972        2.6975426473        0.5556804305
        3.9740316715        3.2987012730       -1.0718132823
