         1     52.40966633    
         2     52.40966633    
         3     52.40966633    
         4     52.40966633    
         5     52.40966633    
         6     52.40966633    
         7     52.40966633    
         8     52.40966633    
         9     52.40966633    
        10     52.40966633    
        11     52.40966633    
        12     52.40966633    
        13     52.40966633    
        14     52.40966633    
        15     52.40966633    
        16     52.40966633    
        17     52.40966633    
        18     51.66211601    
        19     51.66211601    
        20     51.66211601    
        21     51.66211601    
        22     51.66211601    
        23     51.66211601    
        24     51.66211601    
        25     51.66211592    
        26     51.66211592    
        27     51.66211592    
        28     51.66211592    
        29     51.66211592    
        30     51.66211592    
        31     51.66211592    
        32     51.66211592    
        33     51.66211592    
        34     51.66211592    
        35     51.66211592    
        36     51.66211592    
        37     51.66211592    
        38     51.66211592    
        39     51.66211592    
        40     51.66211592    
        41     51.66211592    
        42     51.66211592    
        43     51.66211592    
        44     51.66211592    
        45     51.66211592    
        46     51.66211592    
        47     51.66211592    
        48     51.66211592    
        49     51.66211592    
        50     51.66211592    
        51     51.66211592    
        52     51.66211592    
        53     51.00541320    
        54     51.00541320    
        55     51.00541320    
        56     51.00541320    
        57     51.00541320    
        58     50.95105795    
        59     50.95105795    
        60     50.95105795    
        61     50.95105795    
        62     50.95105527    
        63     50.95105527    
        64     50.95105527    
        65     50.95105527    
        66     50.95105527    
        67     50.95105527    
        68     50.95105527    
        69     50.95105527    
        70     50.95105527    
        71     50.95105527    
        72     50.95105527    
        73     50.95105527    
        74     50.95105527    
        75     50.95105527    
        76     50.95105527    
        77     50.95105527    
        78     50.95105527    
        79     50.95105527    
        80     50.95105527    
        81     50.95105527    
        82     50.95105527    
        83     50.95105527    
        84     50.95105527    
        85     50.95105527    
        86     50.95105527    
        87     50.95105527    
        88     50.95105527    
        89     50.95105527    
        90     50.95105522    
        91     50.95105522    
        92     50.95105522    
        93     50.95105522    
        94     50.95105511    
        95     50.95105511    
        96     50.95105511    
        97     50.95105511    
        98     50.95105491    
        99     50.95105491    
       100     50.95105491    
       101     50.95105491    
       102     50.95105491    
       103     50.95105491    
       104     50.95105491    
       105     50.95105491    
       106     50.95105491    
       107     50.95105491    
       108     50.95105491    
       109     50.95105491    
       110     50.95105491    
       111     50.95105491    
       112     50.95105491    
       113     50.95105491    
       114     50.95105491    
       115     50.95105491    
       116     50.95105491    
       117     50.95105491    
       118     50.95105491    
       119     50.95105491    
       120     50.95105491    
       121     50.95105491    
       122     50.95105491    
       123     50.95105491    
       124     50.95105491    
       125     50.95105491    
       126     50.95105491    
       127     50.95105491    
       128     50.95105491    
       129     50.95105491    
       130     50.95105491    
       131     50.95105491    
       132     50.95105491    
       133     50.95105491    
       134     50.95105491    
       135     50.95105491    
       136     50.95105491    
       137     50.95105491    
       138     50.95105491    
       139     50.95105491    
       140     50.95105491    
       141     50.95105491    
       142     50.95105491    
       143     50.95105491    
       144     50.95105491    
       145     50.95105491    
       146     50.95105491    
       147     50.95105491    
       148     50.95105491    
       149     50.95105491    
       150     50.95105491    
       151     50.95105491    
       152     50.95105491    
       153     50.95105491    
       154     50.95105491    
       155     50.95105491    
       156     50.95105491    
       157     50.95105491    
       158     50.95105491    
       159     50.95105491    
       160     50.95105491    
       161     50.95105491    
       162     50.95105491    
       163     50.95105491    
       164     50.95105491    
       165     50.95105491    
       166     50.95105491    
       167     50.95105491    
       168     50.95105491    
       169     50.95105491    
       170     50.95105491    
       171     50.95105491    
       172     50.95105491    
       173     50.95105491    
       174     50.95105491    
       175     50.95105491    
       176     50.95105491    
       177     50.95105491    
       178     50.95105491    
       179     50.95105491    
       180     50.95105491    
       181     50.95105491    
       182     50.95105491    
       183     50.95105491    
       184     50.95105491    
       185     50.95105491    
       186     50.95105491    
       187     50.95105491    
       188     50.95105491    
       189     50.95105491    
       190     50.95105491    
       191     50.95105491    
       192     50.95105491    
       193     50.95105491    
       194     50.95105491    
       195     50.95105491    
       196     50.95105491    
       197     50.95105491    
       198     50.95105491    
       199     50.95105491    
       200     50.95105491    
       201     50.95105491    
       202     50.95105491    
       203     50.95105491    
       204     50.95105491    
       205     50.95105491    
       206     50.95105491    
       207     50.95105491    
       208     50.95105491    
       209     50.95105491    
       210     50.95105491    
       211     50.95105491    
       212     50.95105491    
       213     50.95105491    
       214     50.95105491    
       215     50.95105491    
       216     50.95105491    
       217     50.95105491    
       218     50.95105491    
       219     50.95105491    
       220     50.95105491    
       221     50.95105491    
       222     50.95105491    
       223     50.95105491    
       224     50.95105491    
       225     50.95105491    
       226     50.95105491    
       227     50.95105491    
       228     50.95105491    
       229     50.95105491    
       230     50.95105491    
       231     50.95105491    
       232     50.95105491    
       233     50.95105491    
       234     50.95105491    
       235     50.95105491    
       236     50.95105491    
       237     50.95105491    
       238     50.95105491    
       239     50.95105491    
       240     50.95105491    
       241     50.95105491    
       242     50.95105491    
       243     50.95105491    
       244     50.95105491    
       245     50.95105491    
       246     50.95105491    
       247     50.95105491    
       248     50.95105491    
       249     50.95105491    
       250     50.95105491    
       251     50.95105491    
       252     50.95105491    
       253     50.95105491    
       254     50.95105491    
       255     50.95105491    
       256     50.95105491    
       257     50.95105491    
       258     50.95105491    
       259     50.95105491    
       260     50.95105491    
       261     50.95105491    
       262     50.95105491    
       263     50.95105491    
       264     50.95105491    
       265     50.95105491    
       266     50.95105491    
       267     50.95105491    
       268     50.95105491    
       269     50.95105491    
       270     50.95105491    
       271     50.95105491    
       272     50.95105491    
       273     50.95105491    
       274     50.95105491    
       275     50.95105491    
       276     50.95105491    
       277     50.95105491    
       278     50.95105491    
       279     50.95105491    
       280     50.95105491    
       281     50.95105491    
       282     50.95105491    
       283     50.95105491    
       284     50.95105491    
       285     50.95105491    
       286     50.95105491    
       287     50.95105491    
       288     50.95105491    
       289     50.95105491    
       290     50.95105491    
       291     50.95105491    
       292     50.95105491    
       293     50.95105491    
       294     50.95105491    
       295     50.95105491    
       296     50.95105491    
       297     50.95105491    
       298     50.95105491    
       299     50.95105491    
       300     50.95105491    
       301     50.95105491    
       302     50.95105491    
       303     50.95105491    
       304     50.95105491    
       305     50.95105491    
       306     50.95105491    
       307     50.95105491    
       308     50.95105491    
       309     50.95105491    
       310     50.95105491    
       311     50.95105491    
       312     50.95105491    
       313     50.95105491    
       314     50.95105491    
       315     50.95105491    
       316     50.95105491    
       317     50.95105491    
       318     50.95105491    
       319     50.95105491    
       320     50.95105491    
       321     50.95105491    
       322     50.95105491    
       323     50.95105491    
       324     50.95105491    
       325     50.95105491    
       326     50.95105491    
       327     50.95105491    
       328     50.95105491    
       329     50.95105491    
       330     50.95105491    
       331     50.95105491    
       332     50.95105491    
       333     50.95105491    
       334     50.95105491    
       335     50.95105491    
       336     50.95105491    
       337     50.95105491    
       338     50.95105491    
       339     50.95105491    
       340     50.95105491    
       341     50.95105491    
       342     50.95105491    
       343     50.95105468    
       344     50.95105468    
       345     50.95105468    
       346     50.95105468    
       347     50.95105468    
       348     50.95105468    
       349     50.95105468    
       350     50.95105468    
       351     50.95105468    
       352     50.95105468    
       353     50.95105468    
       354     50.95105468    
       355     50.95105468    
       356     50.95105468    
       357     50.95105468    
       358     50.95105468    
       359     50.95105468    
       360     50.95105468    
       361     50.95105468    
       362     50.95105468    
       363     50.95105468    
       364     50.95105468    
       365     50.95105468    
       366     50.95105468    
       367     50.95105468    
       368     50.95105468    
       369     50.95105468    
       370     50.95105468    
       371     50.95105468    
       372     50.95105468    
       373     50.95105468    
       374     50.95105468    
       375     50.95105468    
       376     50.95105468    
       377     50.95105468    
       378     50.95105468    
       379     50.95105468    
       380     50.95105468    
       381     50.95105468    
       382     50.95105468    
       383     50.95105468    
       384     50.95105468    
       385     50.95105468    
       386     50.95105468    
       387     50.95105468    
       388     50.95105468    
       389     50.95105468    
       390     50.95105468    
       391     50.95105468    
       392     50.95105468    
       393     50.95105468    
       394     50.95105468    
       395     50.95105468    
       396     50.95105468    
       397     50.95105468    
       398     50.95105468    
       399     50.95105468    
       400     50.95105468    
       401     50.95105468    
       402     50.95105468    
       403     50.95105468    
       404     50.95105468    
       405     50.95105468    
       406     50.95105468    
       407     50.95105468    
       408     50.95105468    
       409     50.95105468    
       410     50.95105468    
       411     50.95105468    
       412     50.95105468    
       413     50.95105468    
       414     50.95105468    
       415     50.95105468    
       416     50.95105468    
       417     50.95105468    
       418     50.95105468    
       419     50.95105468    
       420     50.95105468    
       421     50.95105468    
       422     50.95105468    
       423     50.95105468    
       424     50.95105468    
       425     50.95105468    
       426     50.95105468    
       427     50.95105468    
       428     50.95105468    
       429     50.95105468    
       430     50.95105468    
       431     50.95105468    
       432     50.95105468    
       433     50.95105468    
       434     50.95105468    
       435     50.95105468    
       436     50.95105468    
       437     50.95105468    
       438     50.95105468    
       439     50.95105468    
       440     50.95105468    
       441     50.95105468    
       442     50.95105468    
       443     50.95105468    
       444     50.95105468    
       445     50.95105468    
       446     50.95105468    
       447     50.95105468    
       448     50.95105468    
       449     50.95105468    
       450     50.95105468    
       451     50.95105468    
       452     50.95105468    
       453     50.95105468    
       454     50.95105468    
       455     50.95105468    
       456     50.95105468    
       457     50.95105468    
       458     50.95105468    
       459     50.95105468    
       460     50.95105468    
       461     50.95105468    
       462     50.95105468    
       463     50.95105468    
       464     50.95105468    
       465     50.95105468    
       466     50.95105468    
       467     50.95105468    
       468     50.95105468    
       469     50.95105468    
       470     50.95105468    
       471     50.95105468    
       472     50.95105468    
       473     50.95105468    
       474     50.95105468    
       475     50.95105468    
       476     50.95105468    
       477     50.95105468    
       478     50.95105468    
       479     50.95105468    
       480     50.95105468    
       481     50.95105468    
       482     50.95105468    
       483     50.95105468    
       484     50.95105468    
       485     50.95105468    
       486     50.95105468    
       487     50.95105468    
       488     50.95105468    
       489     50.95105468    
       490     50.95105468    
       491     50.95105468    
       492     50.95105468    
       493     50.95105468    
       494     50.95105468    
       495     50.95105468    
       496     50.95105468    
       497     50.95105468    
       498     50.95105468    
       499     50.95105468    
       500     50.95105468    
