     -1.18000921891436805211     -1.61991846817327944663     -3.26657352873220752087
     -2.12978236347339100476     -1.09212929869336772271     -3.18594955161541504296
     -2.17252515927331701917     -0.30571405618488695088     -3.93913526215651677020
     -2.94617710542151067798     -1.79489409381815656630     -3.34952942407247933332
     -2.25584794685359568689     -0.48760055463719181867     -1.80042365721325126060
     -2.38126975635042059665      0.72725424207413791322     -1.65351108536023638784
     -2.20575084455475733947     -1.33193446567481998954     -0.77139230679182890782
     -2.13711965298879169595     -2.32268461423657246456     -0.96770409567018234043
     -2.41665735175978024785     -0.94657827060064092528      0.63843917964570451318
     -3.36773671365790194798     -0.41813167346657476031      0.71933606589797938202
     -2.49914585719320347934     -2.21186681329152223796      1.51155303403904395232
     -2.76200456244226977276     -1.92951437704011508067      2.53316603843111742833
     -1.51518960531218449539     -2.68452363536707228064      1.53328761136143687516
     -3.44945770494069092749     -3.15638511423392165156      1.01716317469498873649
     -4.35853634811771772917     -2.80938027949543656092      1.15597650790323225323
     -1.33631774484644938461     -0.00357452527487770464      1.21103805759188776214
     -1.54829779856021909623      0.62702371765844977514      2.25051393897489182550
     -0.19075878728003195506      0.13567334284850399162      0.52871573527441828588
     -0.07556934128340042633     -0.42148803997470751792     -0.30779117358023472262
      0.89111101159159256113      1.07046628315183456337      0.88422741816021110939
      0.95264158827103495586      1.14253891637976523477      1.97170699436633545254
      2.23007556886532531948      0.50406555389132712275      0.36921331193512602065
      3.02145489095152708359      1.22360515026843907904      0.58766864005654240177
      2.17139746772909125738      0.37813425428178681909     -0.71318712602791678457
      2.59892528309356851679     -0.83493364270294589957      1.03542379056303879281
      1.87068741823908157862     -1.59896420828056706753      0.75984602417876656588
      2.56574283120728896535     -0.70763142326608785559      2.11846628335259801190
      4.00331866463902041886     -1.32814878112633460994      0.65392002215382294406
      4.73619345421980675326     -0.56569459390901866147      0.92559207436716250950
      4.21640838560988129302     -2.22867219132930438619      1.23327525764361944915
      4.12062748079325125161     -1.65276917473136508718     -0.84389204621477909019
      3.35292964741497190317     -2.38734376398177250422     -1.10624761474437272035
      3.92786876698685727405     -0.74433113243643633794     -1.42228309018636189798
      5.46586344161247428275     -2.18753716523617125489     -1.18811346196320588575
      6.19269624429871079485     -1.51989302062990505604     -0.96888548471502933257
      5.52973606958360530683     -2.39696915218825212790     -2.17541806966957063096
      5.66153348171969916791     -3.04017607345947471487     -0.68136591558244652411
      0.65468709443819972371      2.51427566626871268340      0.37726044169248335036
      1.41115784090667850670      3.42389101877866375290      0.73505109198822971006
     -0.38219856123591827712      2.74078141117057505483     -0.44062660689076549314
     -0.96053346307583620245      1.94654756246443616519     -0.68826715211505762326
     -0.74199391966616357053      4.03995409128568461199     -1.00144308744390353461
     -1.62366423623876898752      3.93549732632124982246     -1.63568781768692983469
     -0.96459831902330617215      4.74472424737099629510     -0.19838991778845482816
      0.08227490442606950893      4.42893151575736432335     -1.60180763219560473587
