      3.54122922455082012050      1.75213864507417582672     -3.03607835718722496310
      2.84120863725263328448      0.92142545263802644318     -2.95214045395436075481
      3.23896174954572080296      0.05761649156347344730     -3.48429719851036923117
      1.88698582650690105389      1.20997808057302669305     -3.39187201236457713804
      2.63989550551523732835      0.57831127822086814128     -1.48816569800984610517
      2.91399782053365452583     -0.54263382901818801862     -1.06190084367361570195
      2.14253058000611362743      1.53840798601937422951     -0.71040828036648717703
      1.98079942638875672323      2.44963541749952939952     -1.11960702954288726652
      1.98441678834686485722      1.43035999147279091481      0.75405005639747180179
      2.94448102282463208823      1.15066520730713328646      1.18984921360853346251
      1.58969841197935446431      2.79897658159016193835      1.33478898013771352105
      1.55941296140339069609      2.72762153699482379210      2.42400725212437917477
      0.59114999880419161205      3.06078176543779090224      0.97824571564568207904
      2.51110490566104882504      3.81965901208799918365      0.95336264947513249535
      2.23460055895062748021      4.67061327592741104553      1.36060920023103504306
      0.96110065099428065860      0.36825897986984873489      1.21065803562898910428
      0.95816788525413632005     -0.03220380916110558711      2.37804011120438740789
      0.11282175675883980570     -0.12755022914283029034      0.29867471940256828944
      0.15861053751548051527      0.25400588586838357408     -0.63719834772487682351
     -0.84512430195884302719     -1.21878938649273771411      0.54732702134789756876
     -1.22960910170240911299     -1.12689614534921878075      1.56482034594255270399
     -2.03240601164648637678     -1.07193772212414195621     -0.42592705498018429422
     -1.66331855744850565237     -1.09897532301665346033     -1.45323614202359574499
     -2.70792778825304703005     -1.91796659847499073592     -0.28549888366169501319
     -2.83102121393160066631      0.22348358364788500907     -0.20016686337678951668
     -3.17837025855552068876      0.24840405602818502184      0.83315263611662115917
     -2.18955460279011848712      1.08760220888313785537     -0.37850079634654237859
     -4.03548086161757346702      0.29470097347505530561     -1.15216521338317035017
     -4.70030112537042565890     -0.55252381948326356742     -0.97198605648506619659
     -3.67007403354560768349      0.22293427531240989081     -2.17845863429557917712
     -4.82136123227303947658      1.60970345174927675913     -1.01705427122283564856
     -5.53782787632842854464      1.66569384160798938943     -1.84234525150184436093
     -4.12865493728040622301      2.44974623932621105027     -1.12657525804381708490
     -5.55460036905542686725      1.71552780938421101098      0.27498386297922539079
     -4.92164732338844146398      1.71360869475101740278      1.06285636632703472948
     -6.08679050818180567006      2.57474358114028767375      0.31520938622993316391
     -6.20489452515261685761      0.94981291601693518256      0.39003472439650577197
     -0.21409226231485706249     -2.62994057460790031655      0.45797840087435554013
     -0.86862148767956381956     -3.61965785211632429252      0.80411075301577628061
      1.04377246614377861000     -2.73860769022745520473      0.00934253757936452309
      1.51844192218209128598     -1.88293498954411786528     -0.25388955584387068454
      1.78092341568957412967     -3.99109217388019210659     -0.13054024990742613133
      1.87320173243807364116     -4.48061759044602681001      0.84053489041396667325
      2.77922318315414695888     -3.78869039548753683277     -0.52161946326213082248
      1.25865703115301919013     -4.65696176442229692327     -0.81975109402938006742
