     -0.64323792299449611409     -4.04972654478998883576     -2.52980201358019174407
     -1.03888720306972870411     -3.03453668685425848039     -2.53131554047281692732
     -2.02302786576913895544     -3.03017978016137057296     -2.99931801500427308582
     -0.36674332616092925052     -2.38804558883512463296     -3.09470005357913668931
     -1.14377811910556048680     -2.53321935604310333190     -1.10353216866940728735
     -2.22687490275346045010     -2.18430410591741130943     -0.63622333547581033653
     -0.01211343022027683118     -2.47186918366935781677     -0.40444374306602559610
      0.85273596164116882701     -2.74995068195945169265     -0.85131312475476672574
      0.07297631748656502326     -2.06068530591603993329      1.01000649931804264980
     -0.68785364417778305235     -2.60196175953539654557      1.57470802315035096619
      1.44181044455278128957     -2.47235560277989252498      1.57808841895659646148
      1.50397770542419007000     -3.56235560562310027422      1.57043335971068009904
      1.51925998276234608397     -2.13574414119401811973      2.61371629656837667355
      2.52621446509897973343     -1.94026481313950038832      0.81655278806619069343
      3.36551847168772644281     -2.31734264961479574652      1.16114797628368227045
     -0.19537320387953391321     -0.55990165570025141051      1.25357179264855567169
     -0.38721937350365093211     -0.13652718958167719965      2.39738825136891886558
     -0.26536925808958378159      0.24842468559120964300      0.18633312488164621712
     -0.08360884499203577458     -0.16469023136500968163     -0.71868615386401146772
     -0.60938909999286750008      1.67973864683574758416      0.22969134331547644279
     -0.25278925540830921026      2.10768236383923035504      1.16829390102022800946
      0.10741259854244943062      2.40585500691465803413     -0.93148561423469311560
     -0.02690032157012467798      1.84234751807721930383     -1.85681461163792604907
     -0.36881033576390609419      3.37696680936715587507     -1.07679866790915745867
      1.60714101256970520737      2.68531508302316401782     -0.71171954178268403979
      1.72727033690867370908      3.28375739407266920011      0.19265037552632860440
      1.95717001977530236090      3.28239104934724590379     -1.55530346922077500338
      2.49327764203685209310      1.43490537563711773039     -0.60485672206465024292
      2.29376843352872716864      0.77669239087417718537     -1.45272026706907531057
      2.26682903120043865997      0.90911892173189201571      0.32309079011919950020
      3.97631609299139032743      1.82783439730667662815     -0.59762994318730600085
      4.20575330985700190922      2.36380477378091846674     -1.52371834431363728513
      4.15638626591805415700      2.51044087945917482330      0.23852596942737960828
      4.85614160712299192113      0.63499404338344112020     -0.47270638382673735300
      4.72228011075632725380     -0.00039540606004692447     -1.24754106908143769239
      4.66390234217074528544      0.12883094710633058444      0.38115059529482370193
      5.83077597412135872901      0.90440940564168093019     -0.45986313793560779084
     -2.13736911626385195362      1.93491281526361924570      0.20601701125904420264
     -2.57540101583656166895      3.07527249662274959618      0.39465528431314822466
     -2.95343755589610168499      0.89377557577547972478     -0.00961884515053695877
     -2.52170875421323348320     -0.01132135775173116234     -0.14621303621168346698
     -4.41115407425822603216      0.96368446197524826324     -0.05819544071224336257
     -4.72629793265496545018      1.64063596447986759230     -0.85418969318967574722
     -4.82126508736067194150     -0.02832207468944421269     -0.25388260552218505639
     -4.79962214951611265690      1.32594472340796509791      0.89523315924956814449
