     -0.73838470776187292710     -2.28980270467928859190     -2.76271928447986869770
     -1.56695181537503769320     -1.63267886531984007803     -3.02511027307792357277
     -1.29610258352992469000     -1.03884653625299350210     -3.89780772043498346946
     -2.44458318264750307236     -2.23575286854623200838     -3.25588240155611474691
     -1.87739741980846819303     -0.71870130839379320342     -1.85487370033271092851
     -1.80111604930579760619      0.50324860002937665815     -1.97443852790441121137
     -2.21273961361579196705     -1.30656812634545294038     -0.70750388024124355457
     -2.29948075643757698927     -2.31478315888013863599     -0.69357600807218178218
     -2.65266129971741859706     -0.58567739148891939660      0.50435834567281923047
     -3.49545272431711584460      0.05582304762695242117      0.24336658934974628177
     -3.14243208263955153825     -1.59335906557942252881      1.55820487370127325200
     -2.29416948221540994979     -2.19114384230984970969      1.89854682890906345527
     -3.54421158032608252242     -1.04614922878064442457      2.41351249964267644543
     -4.14981856339917509757     -2.45717058467926907639      1.03365056463137516829
     -4.44829278283715190412     -3.06977330053209529481      1.74224911751028144202
     -1.57527437572587425407      0.32538408369459331793      1.13103713247712067691
     -1.89482779158066039216      1.21184464185076867793      1.92790957987819244757
     -0.30145651540950962888      0.15278766316894853983      0.75025934798851456886
     -0.10650201532301394047     -0.60498466462936073551      0.10974810274636311036
      0.82022764976630346823      1.01831435639537737359      1.15212448116228083350
      0.68522245837998441154      1.28026482791161044794      2.20323370220140679621
      2.13338256744939513965      0.21500390506520231093      1.04818029234956910933
      2.03758937144131291319     -0.67741053656674499184      1.66849826962045710843
      2.94332617654913386573      0.82010019660966715360      1.46000119432610131476
      2.50443977814580653884     -0.19657638715102393467     -0.39105172661780723820
      1.73508780389779304620     -0.85450968201610522090     -0.79726921138944661926
      2.55395960248320186281      0.69529142752909356417     -1.01658720538248070753
      3.86328218252189836690     -0.90915699496882429465     -0.47714245415213096813
      4.63518568256551866114     -0.25756364572702811211     -0.06242976194741622908
      4.09125642232969877199     -1.08022381964796054810     -1.53115484652243849517
      3.86665204828564457173     -2.25628246851972980025      0.26345744452187219720
      3.06300780374500858372     -2.88151221910687826977     -0.13787438206585272971
      3.65866641213450405345     -2.08183935124767582892      1.32333212523369714297
      5.16966825325904366650     -2.96057337031061740262      0.12057946583741446789
      5.37765334988803545002     -3.15305862858801777548     -0.84988124530571673709
      5.92774584983142549532     -2.40920186716026440976      0.49931794544658719692
      5.15849315152717924349     -3.84434934911335401964      0.61207862041541849507
      0.88970512285099334626      2.36554883831778317571      0.39208687160774102765
      1.67585835947879369101      3.24242070570734286505      0.76611830339332176454
      0.08206722276382348580      2.54312305851255171518     -0.66191817144071241064
     -0.53257585906488769112      1.77688863895316506714     -0.91131655066184780178
      0.02609191837375481049      3.74895931552442185364     -1.48281320572677532965
      1.00103512343179845701      3.93815954055955819157     -1.93540010540609741518
     -0.71332106651060345204      3.62077137241915769650     -2.27485595683554864266
     -0.25686225572274512530      4.60581405036648838802     -0.86892507471927860063
