      1.43379350372411962233      1.51055518328013493878     -3.36020464585600331375
      2.44096615454404597401      1.27068328062564961378     -3.02078242936996588242
      2.85365290131003490615      0.47696982471575738449     -3.64309971636131635364
      3.06831748080308575055      2.15777967056396136059     -3.10232449336371196580
      2.39243746393751433033      0.81944552510197532502     -1.57322740545681760693
      2.78374657633953370706     -0.30135712082855925509     -1.25081638627448499257
      1.89510829547250136962      1.68531483163371054168     -0.69174185540011035034
      1.63326332229961956877      2.60566199406658949300     -1.02094539584592092218
      1.87520069736507277725      1.47199032854106115487      0.76953791386915959549
      2.88758974662870437911      1.23945812732437143922      1.10252527640472242076
      1.43816193843446260558      2.76637620865934952263      1.47646596725110001991
      1.51126247475304387180      2.62362163240989243462      2.55660133936236322327
      0.39555300711602647823      2.97287016637583789702      1.22547933341546433361
      2.24664725832942835382      3.87712303339299024785      1.09067608619845834994
      1.94955316504031550551      4.67619088725188536415      1.58020709612108745112
      0.97488111349136741257      0.30704352531582856933      1.23443248773570912746
      1.10139401803498793164     -0.16278330285477932149      2.36861862526066557777
      0.09021135859194912010     -0.19797013907929228438      0.36270528263178458683
      0.02806625068687366303      0.24075373222178744759     -0.54680742671639415153
     -0.75458648506344339069     -1.37862328314601545465      0.61377199466838261444
     -1.05789111316472439484     -1.37986212142458830598      1.66238894842959061826
     -2.02814969683011359081     -1.27592676939291105320     -0.24980878362057445941
     -2.61422270900757203194     -2.18742254973383021266     -0.11758283594517165982
     -1.74792332804577732475     -1.20241567041407693139     -1.30258956080763454999
     -2.91236616255371894013     -0.07634093195999849812      0.13237693826560387178
     -3.17254834152575293515     -0.14718358561149894048      1.18968619115964480137
     -2.36204441257823694045      0.84968267953918907853     -0.03489671043862943578
     -4.20222248388403230024     -0.06171254803843732872     -0.70352427557152485971
     -4.71797717995085630349     -1.01348456571880518595     -0.56191321651152814631
     -3.95472995713413588703      0.03175979848087418650     -1.76288683446737870497
     -5.16512174030979664963      1.06469588671725046147     -0.29209768799015400909
     -5.34421591586328048606      1.00192658729657635419      0.78564873750559860444
     -6.12278751339883342553      0.89507511868107658692     -0.79379019199667077977
     -4.65953351670791615646      2.41927990156093652985     -0.64927850917951479559
     -4.49336525997961100387      2.49702940580060772646     -1.64369968633275087555
     -5.33362821688878252502      3.13024486947705149475     -0.39755733203321930169
     -3.79815931261796091434      2.63383391959531509841     -0.16626317132173709656
     -0.02398138782207867928     -2.72410010864085450066      0.38238746263436018680
     -0.56527680347149167339     -3.78363638773128263537      0.71726727855640426412
      1.19456037697714956280     -2.70065673835840724948     -0.17428728522476213958
      1.57538584859431107787     -1.79451230739977574125     -0.42061621918187469538
      2.01341534990239079406     -3.87663241530005953095     -0.45399207690618365030
      2.22849013755219882427     -4.41104775984548602707      0.47298168447167615591
      2.95464020385956827042     -3.56898245341704889455     -0.91220267604099269931
      1.48729135301937609448     -4.54386228548767778790     -1.13893925052694933164
