        0.1351325303        0.8210579007       -1.0798500854
        1.7095673183        0.1054785864       -1.4606981028
        0.9326761390       -0.8750039392       -1.6522873256
       -0.5396233027       -0.4308192493       -0.1226416106
       -1.2782235016        0.9901701366       -0.8819995130
       -0.5913947625       -0.1731878757        0.1596510652
       -0.5135986777       -1.5078052026       -1.1857640607
        1.4391234395       -1.3610896760        0.2453271612
        1.1932233776        1.3875269766        1.0928811977
       -0.1661776582       -1.0851635400        0.6383039303
       -1.3736640977       -0.2114186084       -1.3944354495
        0.4760909259        1.0647746859        1.7088497010
       -1.5491217031        0.4280597032        0.1192029486
        0.1513873270        0.9295106455       -0.1599770481
       -0.4145401609        1.6853762455       -1.3734216652
       -0.8681366519       -0.2295657143        1.2558248646
       -1.1152006462       -1.6291739829       -1.0642389745
       -0.4718794383        1.7162194410       -0.2049932309
        1.4380270425       -0.3485456804       -0.1164647115
        0.1081683903        0.0992747792       -0.1850735981
       -0.6535878679       -0.9232700967       -0.1132624925
        0.5283776076        0.0232948638        0.2312875819
        0.8557050458        0.4882480423       -1.6991347231
        1.2661877047       -0.6234240673        0.6982383000
       -0.6120242375       -0.7187261692       -1.5140909100
       -1.0740045941        0.8405310619       -0.1839669080
       -0.1515924211       -0.0764007654       -0.8067476242
       -1.6893811581       -1.2985118452       -1.4232984414
        0.7282786841       -0.3083943576        1.6531763926
        1.1319660998        1.0603563024        0.0732936725
        0.6964248391       -0.3752087130       -0.5423159956
       -0.8879523480       -0.0354600506        0.1132837661
       -0.8128660792       -1.2956320619       -1.2858599222
        0.0491129848       -0.3932974328        0.4037097902
       -0.5244962873        0.1991702342       -1.0517492663
        1.5088366513       -0.6672124260       -0.4653545052
       -0.6969284790        0.3093757084       -0.3870867377
       -0.4914250017        0.0610065419       -1.2915185426
