-1.7338771 -8.3195380 1.1548234
-1.9197052 -7.8247775 0.2018048
-1.9553575 -8.5701473 -0.5921178
-2.8739961 -7.3007825 0.2456550
-0.8106098 -6.8314598 -0.0892734
0.1193353 -6.6782587 0.7013634
-0.9102626 -6.1364654 -1.2211435
-1.6794943 -6.3452938 -1.8445188
0.1234984 -5.2116853 -1.7285086
1.0741154 -5.7441192 -1.7806003
-0.2382365 -4.7624408 -3.1545078
-1.1436737 -4.1529977 -3.1152706
0.5736223 -4.1489387 -3.5506181
-0.4546007 -5.8762945 -4.0198355
-0.6622228 -5.5463615 -4.9223167
0.3573551 -3.9666869 -0.8459275
1.3804600 -3.2900359 -0.9824212
-0.5571275 -3.6719094 0.0888959
-1.3794857 -4.2590076 0.1387076
-0.4299644 -2.5859278 1.0762238
0.0749660 -1.7393035 0.6073728
-1.8404244 -2.1250878 1.4964193
-2.3889399 -2.9716352 1.9143999
-1.7437211 -1.3652663 2.2742613
-2.6399955 -1.5200529 0.3298265
-2.7926824 -2.2742049 -0.4434982
-2.0776409 -0.6876253 -0.0962489
-4.0077382 -1.0129165 0.8061838
-4.5710766 -1.8452642 1.2331278
-3.8616368 -0.2509080 1.5745708
-4.7871014 -0.4130163 -0.3727119
-4.9089449 -1.1811058 -1.1426298
-4.1999971 0.4032328 -0.8047404
-6.1209775 0.0945198 0.0473281
-6.0331863 0.8194173 0.7464064
-6.6217296 0.4863003 -0.7389812
-6.6894535 -0.6464573 0.4341854
0.4300822 -2.9643939 2.3068851
0.7459542 -2.0957508 3.1275482
0.8195145 -4.2390200 2.4448014
0.5242081 -4.8945912 1.7308202
1.6332085 -4.7552042 3.5416662
2.5998551 -4.2488498 3.5599886
1.7963651 -5.8255530 3.4065992
1.1244667 -4.5916156 4.4932822
