       933
       869
        97
       656
       553
       585
       609
       144
       827
       4
      58
     144
     244
     300
     359
     552
     988
      23    0.9868297034E-11
      36    0.2814730599E-03
      42    0.2776015819E-05
      44    0.4315386652E-07
      61    0.6311268844E-05
      65    0.7599988552E-05
      74    0.2506347603E-03
     109    0.8829886900E-10
     133    0.8555607594E-07
     162    0.5487110706E-06
     166    0.5987577624E-07
     211    0.7027118538E-05
     221    0.3550335855E-10
     267    0.2552752069E-08
     274    0.6319069839E-08
     301    0.2420299909E-02
     350    0.5189447822E-11
     351    0.5148174604E-10
     361    0.1487760576E-08
     416    0.3806468415E-06
     422    0.1910838605E-10
     423    0.3395470053E-10
     463    0.1624730906E-10
     488    0.9870019548E-06
     536    0.1790154330E-06
     540    0.1024041561E-09
     555    0.1398880145E-08
     569    0.6156616141E-11
     630    0.1048647929E-04
     689    0.6423008072E-03
     708    0.4475160450E-10
     764    0.1349955275E-02
     786    0.3568041126E-05
     839    0.7985618257E-10
     911    0.1416171513E-09
     947    0.2980056339E-10
     950    0.1414069928E-08
      28    0.4649745058E-12
     145    0.9378191372E-07
     207    0.3908629992E-07
     232    0.1779089709E-06
     236    0.2161530944E-05
     255    0.3984044403E-13
     310    0.1927978452E-08
     341    0.4914463431E-14
     345    0.1099359018E-11
     354    0.5002544790E-05
     362    0.6043580020E-03
     391    0.1477448688E-05
     399    0.3631069739E-11
     414    0.7087356287E-12
     465    0.2568923468E-07
     541    0.1819363886E-07
     619    0.9295886774E-08
     634    0.2624530004E-06
     643    0.5569930509E-14
     681    0.2914789151E-13
     730    0.3394942849E-07
     782    0.9174122426E-05
     831    0.2490958736E-15
     880    0.5654133819E-07
     884    0.2087176910E-12
     897    0.6030663953E-09
     930    0.5731530385E-14
     934    0.1631732291E-10
     938    0.1095725544E-05
     974    0.6857491114E-04
     981    0.4468566532E-15
