       1    -173.9284266           2
       2    -169.3619460           1
       3    -169.4031028           1
       4    -169.2655327           9
       5    -169.2669205           4
       6    -168.7591078           2
       7    -169.2052539           3
       8    -169.1758051          11
       9    -169.3044657          12
      10    -168.9079300           8
      11    -170.9924926           6
      12    -170.9790671          10
      13    -172.8777364          10
      14    -170.7931234           6
      15    -170.9568946           9
      16    -170.8774927           5
      17    -173.2523784           8
