        0.638637338020529        0.305603502242929       -1.599871776765493
        1.118160679181810       -0.841842152497788        1.049694843034218
       -0.031673635121330       -1.696194248502916        0.427507454392427
        1.180560663505367       -0.960330719474750       -0.863065577629547
       -1.606329689610716       -0.693149467840068       -0.009465225975647
       -0.089549397865912        1.105734232765714       -1.352839054869711
        1.423597168285737        0.223466432170294        0.992106203972513
       -1.484516127921365       -0.099812443391364        0.920375042389020
       -0.334681866662122        0.754539665799808        1.542562405875224
        0.881673815717661        1.489400517076754        0.255300085391051
        0.031673522952117        1.696194251891871       -0.427507442905380
       -0.881673843045327       -1.489400494655297       -0.255300185564481
        0.698941306304524        1.019717487048825        1.237941072542507
       -0.698941206117483       -1.019717448959330       -1.237941162823593
       -0.996937775071273        1.432302204684063       -0.124363192718024
       -1.118160685998913        0.841842154124391       -1.049694801090569
       -1.180560655239537        0.960330632516266        0.863065668616289
        0.996937696240126       -1.432302258136142        0.124363287905129
       -1.423597119479796       -0.223466454524007       -0.992106218930117
        1.606329673006226        0.693149444444501        0.009465198801631
       -0.638637328989153       -0.305603419485715        1.599871754495501
        0.089549367423745       -1.105734185130953        1.352839054047380
        0.334681978910828       -0.754539600717288       -1.542562384940018
        1.484516084758959        0.099812382315229       -0.920375038278694
       -0.149376608885284        1.220468330620405        0.555581679514820
        0.149376617453789       -1.220468339531141       -0.555581674433618
        0.755817327839541        0.894690106364616       -0.669923228603297
        1.296430047438693       -0.368182473745705        0.065100998890538
       -0.391236085076002        0.042404232932635       -1.290605871476562
        0.391236117059166       -0.042404184461446        1.290605865589277
       -1.296430045289470        0.368182415242036       -0.065100977527639
       -0.755817352393637       -0.894690090163843        0.669923202486283
       -0.450813324103737        0.162247181713220        0.610337649577274
        0.269241095462158       -0.628947844581360        0.366063768478196
        0.571266509080350        0.424463556434484        0.309118300224229
        0.450813342065829       -0.162247188912959       -0.610337643232415
       -0.571266500151048       -0.424463558704659       -0.309118315796338
       -0.269241103485052        0.628947843128686       -0.366063762462367
        0.654883850679156        0.367907917537128       -1.636497333320250
        1.077715982770321       -0.784419600319847        1.060072874084097
       -0.433450762173388       -1.333888379830729        0.333526063506971
        1.230397486938114       -0.977367515759792       -0.850432258336688
       -1.405914588140478       -0.785759222939419        0.137817557633100
       -0.122113633107674        1.112699854419395       -1.311842619247317
        1.454127446005512        0.246494048837346        0.967538646249807
       -1.622707621173577       -0.100055160095143        0.964893651575764
       -0.229973483425303        0.902228176648321        1.670462238786707
        0.906685370550651        1.489573170374237        0.237000233724415
        0.000212222206630        1.642301123150818       -0.359311000068230
       -0.994322650792806       -1.491020625775318       -0.582442506052045
        0.788842363401898        1.077285057093672        1.238152557816052
       -0.579711286899821       -0.997632759911772       -1.433195952215141
       -0.999971670023091        1.327730421546494       -0.037417609718898
       -1.127718842984647        0.758227191360289       -1.004334767860896
       -1.086894465859386        0.828652825621009        0.959985087445749
        0.982847065600151       -1.438469268071410        0.138871043536390
       -1.391239364174456       -0.357571546638189       -0.966466516568769
        1.651621813095537        0.706067732105688       -0.035974130522770
       -0.705994360382952       -0.092387155898255        1.652488924045381
       -0.013110470859128       -0.934874146473271        1.278408719144052
        0.460035212383732       -0.716246126911595       -1.593382398353340
        1.506203420401298        0.104129598877897       -0.960327143493843
       -0.108846643847315        1.094200582066746        0.598617154701589
        0.182137512234655       -1.257950434072034       -0.626380871556659
        0.765901355891306        0.908926629748128       -0.693375450879386
        1.369337506733538       -0.370345688015131        0.047335986533488
       -0.354193974439023        0.047101786424444       -1.322698284362571
        0.358799357275397        0.074052154735753        1.237051370338781
       -1.310953238036905        0.281268120380065       -0.044309344751683
       -1.086122756866047       -1.021402736401006        1.163213590398546
       -0.521754190479438       -0.047218470163299        0.600210490300198
        0.335609965296859       -0.597001632973002        0.297656978798985
        0.640463885951730        0.422601253034090        0.261528000292496
        0.499661218034751       -0.161561479302705       -0.661285044989236
       -0.510479302917222       -0.486653311942762       -0.386199719960410
       -0.260009728668580        0.560377617633154       -0.338958216454439
        0.652905357033422        0.366812909950611       -1.645525811479459
        1.064100804886717       -0.748914322825990        1.060625303465353
       -0.432141095684422       -1.317797565044850        0.339729191398646
        1.226793996830700       -0.979372473999171       -0.851389476018639
       -1.409582297654669       -0.793845593271152        0.129962234688023
       -0.116867964276879        1.112242494462081       -1.296333375811678
        1.453910350253955        0.271513130606851        0.958921485757275
       -1.659944308529803       -0.111316777682134        0.958465439300391
       -0.232619969658751        0.924533792927345        1.696909506234703
        0.934375317652263        1.482284908845697        0.248250501918607
        0.017620429379662        1.623327291571764       -0.335490915784545
       -0.980681879486292       -1.507571046799349       -0.577387055853549
        0.794822431834818        1.094528826204899        1.263242498682590
       -0.587746921694473       -0.996421398022776       -1.431106971432849
       -0.986113947617433        1.318555343878555       -0.014686548487310
       -1.122294709336035        0.765610461646318       -0.992060983141164
       -1.064166760423703        0.783145885857306        0.962738635111669
        0.979528576215027       -1.426911037950638        0.149037042939465
       -1.399491316281925       -0.346574235503222       -0.973161316764463
        1.678166647924624        0.704417354673350       -0.054722715518641
       -0.720944762847248       -0.073338394925846        1.660690297737740
       -0.018098017066719       -0.908857304865707        1.278807237932941
        0.453680242935548       -0.720707373623452       -1.598248729895565
        1.509227524121547        0.098126784211935       -0.971809166331535
       -0.090224849371133        1.070288466768023        0.616243247901489
        0.183882926326491       -1.262644396825980       -0.626103369671200
        0.786977825088843        0.916948985790206       -0.707753676696369
        1.379221141577236       -0.369263839830580        0.042516583689294
       -0.358628030965368        0.051200661595796       -1.329992975146304
        0.319115647163046        0.111610942351225        1.195018424725221
       -1.315963863313308        0.276259430691382       -0.042658079022188
       -1.092686998052243       -1.012612243057581        1.167150517390563
       -0.572769958822081       -0.137139213114762        0.605179309436076
        0.334898412941573       -0.580308588311539        0.284469258255410
        0.664837250738877        0.429383380153020        0.235766082583934
        0.500355061734038       -0.157844701056907       -0.675563078036158
       -0.514397024681941       -0.494636069988510       -0.404667644775173
       -0.259055268673963        0.545285524613778       -0.325060909082605
        0.644968443409833        0.373344470267190       -1.659688328681139
        1.063876667427479       -0.709229969510036        1.054851879803150
       -0.391801225322810       -1.309811602337517        0.335926661806087
        1.216793946128783       -0.991911985404812       -0.837381780365512
       -1.405312790790990       -0.808573125785695        0.121514505037551
       -0.096981536349706        1.110601357432934       -1.227716253792658
        1.442915706277794        0.319409204084502        0.939865429105210
       -1.687684126920413       -0.152999974049035        0.956700862626725
       -0.255715130692554        0.910393494509871        1.730598631766660
        1.108594784598924        1.504078700259595        0.215901701227324
        0.105282223311540        1.532772977325345       -0.224930264148863
       -0.955114710225756       -1.530329370209466       -0.569420349184934
        0.747476946652718        1.143835330118266        1.193261673234098
       -0.598029914265044       -0.995865828726843       -1.431719236537628
       -0.976003749321175        1.310328428123177       -0.011393259664444
       -1.126335902713228        0.764015800220948       -0.987645723119397
       -1.160145440772036        0.780083622296779        1.001632721074731
        0.909254933773882       -1.399365019604834        0.177383960149968
       -1.405695545141977       -0.340205799470122       -0.973932843622844
        1.737389569158605        0.659651903693951       -0.093697843024321
       -0.737506203295523       -0.082012011834107        1.662016959839089
       -0.010005077277830       -0.885452804440946        1.274656158629822
        0.450517267095112       -0.715847611935710       -1.595562703274128
        1.518904386883252        0.063124832602971       -1.010297187137200
       -0.176366761576321        0.958283173812218        0.654216827223135
        0.178308305313562       -1.260093235176979       -0.641447444921602
        0.873849111342636        0.932564138033849       -0.746726882802598
        1.358199605400979       -0.355195148524234        0.035970862917984
       -0.363483576179337        0.052628238282631       -1.332914531935948
        0.324002175157411        0.133556405572639        1.183793283481688
       -1.350577461521248        0.276670082540195       -0.037767507673207
       -1.077479820118398       -1.028575779442659        1.153372308116479
       -0.603969419913506       -0.120865000785712        0.608225334086363
        0.319329032938082       -0.511117280751684        0.284445340863953
        0.674804867764274        0.500152972577597        0.208353600958389
        0.505596980536016       -0.135033508276464       -0.685407537617270
       -0.521411218396710       -0.506344083695555       -0.409071381955858
       -0.280445342176318        0.513334008307746       -0.315967642288856
        0.644291256776978        0.375320965414740       -1.661413113993504
        1.064367957954068       -0.702420349997114        1.053643176564624
       -0.382141981266049       -1.308465469789828        0.334719585337029
        1.213536985201521       -0.993219397272021       -0.833994962212704
       -1.404461644377192       -0.811029331595219        0.119104372486675
       -0.091124128575608        1.108723591821293       -1.212585659325012
        1.439183484257858        0.329014746793015        0.935614011552847
       -1.693413894563767       -0.162486749361593        0.957146680760666
       -0.257925258393601        0.909685851707426        1.736174733924557
        1.140364197618332        1.508078430109418        0.209794747938456
        0.124823398343372        1.513186813005769       -0.204263690085519
       -0.950451856589375       -1.535692812153611       -0.567553084634044
        0.737243620685049        1.155167426458920        1.174894597748946
       -0.602035103440741       -0.995774182310838       -1.432408471344047
       -0.972321116014065        1.311542805614685       -0.012992040766527
       -1.126467825057953        0.764612974099369       -0.986528430366418
       -1.177032446868729        0.776690034745500        1.006112042253063
        0.892172652184168       -1.393520543863233        0.182602830135721
       -1.406441718437846       -0.337474138929752       -0.972250106200852
        1.747783833715915        0.652229033603691       -0.099354787182554
       -0.739979013919206       -0.082649630127614        1.662584960003784
       -0.008132576587125       -0.881241957850826        1.273804980121923
        0.448418811499887       -0.713925213898756       -1.594579180559068
        1.521022149541531        0.057187132889318       -1.016176827090655
       -0.192526009815774        0.940918808249894        0.660250148543021
        0.176382687411229       -1.264327172983292       -0.647944654283707
        0.892477050244851        0.936699818583123       -0.754004973429272
        1.353634433339697       -0.351684209215112        0.035127050870582
       -0.364497527532044        0.053010312835245       -1.332991654294062
        0.326619038037315        0.137561123841034        1.185178378979761
       -1.356409708680727        0.278218843594751       -0.035300395609186
       -1.074244252190039       -1.033116022215069        1.150524521995002
       -0.612264827229714       -0.125760561527559        0.609359215586866
        0.316361774066029       -0.496360924902512        0.284740244193873
        0.674128964570153        0.515443366572824        0.203154456534688
        0.506594049889769       -0.129073564453654       -0.686970698288586
       -0.521023431568319       -0.511165363354695       -0.411187164812060
       -0.286512024029849        0.506095515962282       -0.312030840854307
        0.673203069082852        0.404658418144843       -1.691822013036828
        1.137349254007530       -0.668711865148936        1.021172807111720
       -0.410168191307746       -1.311154913313290        0.262534148687731
        0.892035527716044       -1.006805275870400       -0.543550139392686
       -1.422241961120667       -0.803374232690027        0.121358619007337
       -0.062858619617028        1.079383860675328       -1.150590762800068
        1.453230694093014        0.410091598328792        0.937062712214626
       -1.641342428837708       -0.178666364209252        1.000705141672978
       -0.232242374177221        0.932892980727000        1.735353634620058
        1.160912812370768        1.587480523209772        0.196962618272145
        0.123591314020855        1.442658766023452       -0.136358129561696
       -1.051956964829132       -1.460830559446284       -0.644680323140172
        0.665735430812929        1.204219862877300        1.103836254998765
       -0.642644567803019       -0.994610693161112       -1.536260927602560
       -0.961203746945327        1.309209452443999        0.004812810356488
       -1.136172236987856        0.776930190556421       -0.972540057947174
       -1.232729827532883        0.820391830924939        1.051000375240890
        0.660231729369686       -1.491755880876256        0.420461581639718
       -1.271548222668853       -0.325456513696564       -0.866543352250912
        1.787611262183841        0.745594240147018       -0.098203770635455
       -0.661812769448135       -0.063666562444589        1.564010007464350
        0.046302082693453       -0.901826222450492        1.190113966703163
        0.413475371561267       -0.719942737551104       -1.477783968243464
        1.570442901509809        0.109160677123117       -1.016771556244392
       -0.251140678910239        0.798342862242004        0.664944713837123
        0.030102155184301       -1.625477210541478       -0.785116196238657
        0.963944366491331        1.032189372645744       -0.774583746153956
        1.419848311485677       -0.256524054427959        0.031055668384191
       -0.359356575050285        0.066265561684761       -1.380472195032455
        0.391814794747615        0.131195190944238        1.195366925762975
       -1.401954351124348        0.314892466268987        0.030209079093826
       -1.030488506528884       -1.066327317479481        1.142090286660283
       -0.606251601338168       -0.230146837416346        0.517186153041447
        0.384777413492946       -0.451301253072833        0.258153947993308
        0.695277999889927        0.578501479028526        0.193148588117968
        0.552625564490745        0.020736112783188       -0.701240596156219
       -0.296738481514499       -0.630689764323023       -0.547013109897912
       -0.349659949262593        0.422472811439992       -0.318009196346487
        0.866419173789620        0.471510951767131       -1.401957158643674
        1.259507832135709       -0.863046260908752        1.073904164244094
       -0.284608303633555       -1.262001942162147        0.296728700306785
        1.256974989136382       -1.212447398279933       -0.853322997597389
       -1.276383600783639       -0.470732754440104        0.160651045363195
       -0.011736032975801        1.158916318319031       -1.510405292415011
        1.318807515056860        0.222601159878819        0.758754082810905
       -1.334794513435012        0.068095035341398        1.117601128026741
       -0.381320672110641        0.649031203869175        1.310925823988029
        0.732282261578858        1.414674543849535        0.094188533099526
       -0.196472007322490        1.672265722470611       -0.518394283553879
       -0.947966902317301       -1.235852315726269       -0.558501823317497
        0.663376195744984        1.103414154808104        1.236185699364628
       -0.498303088717369       -0.954614170679516       -1.514708327804152
       -1.201009698970939        1.500711721053284       -0.105611635194025
       -0.846967837777161        0.797157036067784       -0.871626020816080
       -1.292025376098567        1.146063046781209        0.921345146354253
        0.864740718969069       -1.520031421074693        0.158802380968131
       -1.198488493454511       -0.231649812607104       -0.945376567899004
        1.255886196061462        0.525472099600481       -0.291445828408816
       -0.521586944559666       -0.346904833418733        1.826938465259377
        0.162489073466369       -1.089064723986227        1.271465729567151
        0.611929350215239       -0.695995653973450       -1.637180648615864
        1.681336902725278       -0.203619759221842       -1.069224441932739
       -0.257131316127922        1.446959802462659        0.567227356304851
        0.171540973002251       -1.236984671557126       -0.691919861187870
        0.183770698997793        0.669450618063333       -0.551978835692929
        1.552452589921737       -0.556870894381384       -0.005953351400163
       -0.166820843618505        0.054064351565180       -1.354404910499059
        0.484145690356511       -0.048114185938268        1.403295466999445
       -1.717667022361830        0.486010907967582       -0.213981262806295
       -1.033748669683960       -1.061140267498704        1.109184868905380
       -0.388080969672426       -0.283817809267265        0.763084523000945
        0.540799542000301       -0.535576432246347        0.359342771163129
        0.308293048278210        0.482044458960014        0.458171469374756
        0.684785737920849       -0.291854054322130       -0.656203208800392
       -0.316621309579237       -0.314478641887079       -0.323098939433170
       -0.727804885956953        0.546354870851742        0.187498041116684
        0.863942561942494        0.490672289259551       -1.404468132029631
        1.251215413102976       -0.861902545965825        1.068766970304057
       -0.338107841413325       -1.276938826305881        0.323604066258569
        1.250895124785532       -1.204944666757539       -0.861611113029883
       -1.281033326155988       -0.479779895905251        0.159875340651001
       -0.025599003752411        1.171956921183086       -1.515266454311369
        1.317724423844509        0.217859173779594        0.745952444204401
       -1.336923937622429        0.085579046692480        1.105969670733366
       -0.370661202655081        0.644263934422117        1.302237705428813
        0.735891595125100        1.403764199767788        0.094407824091980
       -0.203889069352175        1.686021525886560       -0.520504770955990
       -0.947991626770053       -1.237706321451322       -0.565697295721001
        0.669735370159812        1.081312372779468        1.209253848555468
       -0.435928217363090       -0.959600003595037       -1.484600173653623
       -1.204595638625213        1.495639081876917       -0.098613892703202
       -0.849514904379528        0.794751231619147       -0.864037186264756
       -1.275710024032878        1.168303449802065        0.940077053645531
        0.930632509339960       -1.541708470493049        0.168677618547131
       -1.196309705366601       -0.236789086121499       -0.957621131501785
        1.266136268003145        0.532625152126472       -0.304705711083872
       -0.522653770449813       -0.336153568812911        1.831398474113914
        0.149588055602765       -1.097552193711086        1.280874421012057
        0.648579112106404       -0.652621708806173       -1.646050638304176
        1.667361186093837       -0.201044832615766       -1.084082256227942
       -0.247714539297124        1.436817908089665        0.558419042747063
        0.186501849966126       -1.234095620440240       -0.624227932234242
        0.183208966687231        0.687616316174344       -0.559576471546025
        1.538704285156318       -0.553995729831075       -0.014239584294700
       -0.165881809454379        0.067943136620981       -1.358653815699738
        0.485486911701635       -0.060422030131520        1.391038335533553
       -1.719748018616374        0.474417194929685       -0.221794789667653
       -1.067862471884423       -1.039766765525818        1.136073087810864
       -0.395194951818412       -0.293321525230456        0.765900197943002
        0.518403052200080       -0.582526672094878        0.345146972759999
        0.308801886272969        0.449394686740553        0.436475804674858
        0.675583843877859       -0.275370522348390       -0.654307614719914
       -0.325439397614605       -0.305971127961389       -0.323480852228504
       -0.737632959144851        0.543274492454627        0.199390937362376
        0.850653112022043        0.535015636976187       -1.376387722318869
        1.243254385720681       -0.856966831163704        1.069687900910666
       -0.455122318319200       -1.285593217776717        0.371167203042082
        1.207872326177677       -1.211204287964153       -0.912851034543792
       -1.292992350241496       -0.499815199875239        0.158225589621057
       -0.033000455546811        1.209930974803847       -1.502038123853071
        1.332551826497143        0.206529088702507        0.744936453662251
       -1.343228967904744        0.118008965324211        1.073817581489184
       -0.357458279422200        0.642036536843626        1.294443211738157
        0.733002600759084        1.381372587362457        0.068322900175678
       -0.209096783588409        1.685078197396239       -0.512402459304432
       -0.935866265258074       -1.241400396424980       -0.598750942844106
        0.683009459865249        1.067272620104414        1.184158898208155
       -0.216021585993974       -0.939080859699556       -1.361735354127855
       -1.208347987104537        1.496915192619676       -0.090366181978584
       -0.880262644262371        0.816756580481468       -0.878500991582582
       -1.249225617822787        1.195008489987032        0.951101175522533
        1.071746533693334       -1.546911356902180        0.187558885958447
       -1.195822750151023       -0.226530736878277       -0.960171022044163
        1.210113658423055        0.482886929778951       -0.308616787498590
       -0.518072273473589       -0.317666811843462        1.838473588346508
        0.131463380856035       -1.103529950831939        1.281221045361993
        0.746588396395970       -0.522517809460008       -1.750083717595952
        1.636621173935841       -0.198419330730613       -1.103065713037815
       -0.231402243121678        1.428355495889851        0.555647881179641
        0.213243276724538       -1.325974279368128       -0.465506471545033
        0.138406008944130        0.666350164977155       -0.556864017694693
        1.508636020143235       -0.554837011593279       -0.048575821660438
       -0.189541279247332        0.115642175509091       -1.405830898718870
        0.489068330224784       -0.071566138923741        1.385531092802867
       -1.719171736427736        0.467794031693971       -0.202755925201708
       -1.130286162776908       -0.984823095613405        1.185791075351192
       -0.403975155997756       -0.296842986701787        0.768304095728535
        0.497781263103938       -0.632494649362791        0.331022992132010
        0.320807875069348        0.414896262323381        0.426501359936626
        0.623179500980178       -0.320190248562694       -0.706847144875461
       -0.341492537819189       -0.335608976909805       -0.322541155306095
       -0.727611734856451        0.542124245912394        0.187978554764527
        0.849606666294993        0.419873543989210       -1.457641106895310
        1.288941973776323       -0.819223304190960        1.074032970216473
       -0.294809981085288       -1.333112558170968        0.306564213207488
        1.328635561064670       -1.156665947356255       -0.864856807477749
       -1.386949379590292       -0.268233283870709        0.239170539514318
        0.048630898228127        1.190335341979592       -1.558677163386577
        1.312175450299034        0.264635792738785        0.749018779200442
       -1.343492803986220       -0.032358323565928        1.308906030062987
       -0.408332409149320        0.595853777847894        1.297734605060797
        0.724148390885195        1.399005757901895        0.124396240016689
       -0.148856504592239        1.709777553095857       -0.532542291271329
       -1.132963461756150       -1.140212237166644       -0.358838298998317
        0.614114763002766        1.051912944467888        1.205404673445237
       -0.530043266762339       -0.960641858363273       -1.266061296747849
       -1.148404992661970        1.558740776234845       -0.114336430238172
       -0.845860232578800        0.922533349859351       -0.978513647746846
       -1.339815181955471        0.913661911654221        0.763553475742092
        1.056214174805975       -1.518201366626788        0.178064529054637
       -1.197182061726785       -0.121694810255677       -0.857949679348958
        1.272708739191567        0.565136841585890       -0.308787528273543
       -0.468451985555944       -0.451340015494614        1.811533338230804
        0.196894036543196       -1.135864901832584        1.251267000605105
        0.541019103890241       -0.730074972292799       -1.581921319296574
        1.709028622052877       -0.142125244040738       -1.050821178573133
       -0.279466666676512        1.374931859255934        0.545693458474888
        0.285089891500975       -1.277801139272138       -0.601972567578898
        0.207368394711977        0.705610209571826       -0.600359515289360
        1.557754596042259       -0.506378477347211        0.004870552285178
       -0.204624579244028        0.072065031248202       -1.346602372014930
        0.473643002224119       -0.077926299893661        1.356495396182699
       -1.738284043232267        0.648680256462503       -0.278152750841612
       -1.100438518342309       -1.085958255856925        1.019620580682517
       -0.425144140948461       -0.308204073875414        0.731279839497630
        0.527416405704149       -0.610023137880253        0.350259152060222
        0.301848844950935        0.420119596471059        0.398086348486330
        0.694242747955113       -0.264896685297295       -0.636444170209161
       -0.308947604480466       -0.401330644956025       -0.329831622616745
       -0.687414448599632        0.529392993341904        0.008358024978526
        0.804855477285400        0.494063826888190       -1.385662212633327
        1.379977059292263       -0.651315759008736        1.106898657827445
       -0.272976281933045       -1.431071570342648        0.560875464441339
        1.108883290908069       -1.110608886565737       -0.581427105997755
       -1.552755417636839       -0.190638338279084        0.262130393570551
       -0.021354942164842        1.244150468028149       -1.596055585354544
        1.268956069029459        0.297216629566941        0.609084055845580
       -1.275098482532287       -0.108199059197309        1.335137330467518
       -0.472355601433743        0.609265623930809        1.114389928047877
        0.917947709976947        1.124444453911006       -0.018519368170070
       -0.246603848817752        1.813994988335090       -0.652371502520792
       -0.960256716155587       -0.998071631885688       -0.209024530348430
        0.588999163160547        0.992887361655769        1.137944957450582
       -0.587522291381405       -0.886067913588767       -1.260804067021804
       -1.139758387714069        1.556445304369557       -0.026548919660251
       -0.930451986402903        0.987828479917256       -0.972949310781007
       -1.503129186988430        0.822688930727910        0.754567008430924
        1.217721445126962       -1.524607396755776        0.434912513759854
       -1.191661723303751       -0.079171222660564       -0.794455821474350
        1.809816376055511        0.529801798889538       -0.364062919175988
       -0.463196041011524       -0.851964609502535        1.550255356273541
        0.517317271465012       -1.277054059840610        1.287812899040050
        0.481908737402950       -0.565986825265653       -1.273449325252908
        1.610177268841020       -0.286706156013570       -1.133372571652979
       -0.121884925250849        1.366289464812869        0.351182109968149
        0.063541610415343       -1.327901197373434       -0.476537107134434
        0.084711872555804        0.777501032767265       -0.614210529562676
        1.723159894954782       -0.519841497105671        0.059261144920125
       -0.310048417842024        0.181816655837828       -1.437738579952198
        0.376248329304033       -0.152497336686818        1.284752421801129
       -1.804630153804129        0.719150591524196       -0.324289309853915
       -1.297681142552491       -1.107878176930933        0.846057653315608
       -0.509482981753514       -0.371434622675065        0.585796308804045
        0.537718380958048       -0.691499049507426        0.328932423216944
        0.235956968059171        0.350909437553178        0.351452381872035
        0.871750791099931        0.008205088821619       -0.415745701917006
       -0.172212476166578       -0.271569097831643       -0.440591485996705
       -0.766586710845488        0.527424269580491        0.016372945607837
        0.807458391689529        0.496171701305307       -1.383849092376637
        1.384256651176235       -0.676739755584868        1.072089321246116
       -0.265600694644117       -1.429518445289689        0.566892677962058
        1.115343531872037       -1.103441481821503       -0.573751401982925
       -1.551401821819308       -0.193795745577761        0.260483720524397
       -0.020345484537882        1.243700803228241       -1.595377277769931
        1.268512133157371        0.291937327002234        0.608703573060534
       -1.280419472700031       -0.106136641876911        1.333435554800260
       -0.472447412260395        0.607800772055620        1.117482482412715
        0.914142184710652        1.129420822054424       -0.008980689937454
       -0.248086708907478        1.813391925263341       -0.651583120359579
       -0.953921154813961       -1.000880084343310       -0.206146299000530
        0.590555736552273        0.994781515244917        1.137141288886332
       -0.580131628592804       -0.889671756362348       -1.257699121247592
       -1.143311723051779        1.554915346795790       -0.030582279639897
       -0.929191661414398        0.984678852154610       -0.974325934949862
       -1.502923615167558        0.822575587390627        0.751895517480495
        1.148715274189615       -1.564950494796348        0.425951841387910
       -1.188527645973384       -0.083399985406203       -0.795069147281798
        1.802994819082170        0.548618393740315       -0.371330453616787
       -0.464742850436461       -0.838433099467633        1.556832528284929
        0.511988593360974       -1.269502852426625        1.304644570641265
        0.487593925562520       -0.565550572737881       -1.270305317400521
        1.613592202537320       -0.280186139133379       -1.131585894953852
       -0.127587741781710        1.367194913007658        0.354071092071661
        0.071591704641996       -1.328750467723082       -0.470787238473391
        0.086449854560299        0.778721682901424       -0.612851729716215
        1.745105932150716       -0.502584371992971        0.040718544129859
       -0.305865855567375        0.180117213805122       -1.436421821527691
        0.385637374920962       -0.149421824349026        1.285294857439714
       -1.804402573593766        0.714503489407696       -0.327238822561609
       -1.292630386697840       -1.108611769004363        0.848972073068050
       -0.508961045523864       -0.370151868248359        0.587628729593973
        0.534711823020438       -0.686580630138293        0.330092538914308
        0.234741682301750        0.353392851901953        0.352907975630458
        0.873396041091345        0.011498322132150       -0.413423627236683
       -0.169619780398205       -0.271584061715626       -0.439311950960030
       -0.766668598495888        0.526470528704744        0.015382333657949
        0.816951319560154        0.464851951452031       -1.370488442583985
        1.491062494311741       -0.924983017215132        0.698539160604928
       -0.264379608910831       -1.422238219169419        0.614030008863512
        1.198269523842441       -1.019805562824090       -0.385677699160678
       -1.555604458586542       -0.198844592937248        0.245744395091149
        0.014402805575602        1.228130047024020       -1.586054885660767
        1.208376426595524        0.147052231266457        0.711142881506194
       -1.297382914045503       -0.100534449562866        1.336808489183310
       -0.515288081554903        0.649829756798681        1.113450434406894
        0.962065743744556        1.074770863363637        0.089110129874132
       -0.248389694052616        1.817326043114506       -0.661085269344949
       -0.922545143085905       -1.008630657928858       -0.189932590734464
        0.580010961518682        0.986309638273919        1.170909271590020
       -0.534038357065161       -0.907395765734357       -1.230537281733718
       -1.139256281537320        1.551667425266189       -0.039214646928954
       -0.896133855187043        0.968082438842196       -0.979962268558454
       -1.539246629286049        0.814156344460704        0.726233305011261
        0.782320491325436       -1.727890610027938        0.371029965246357
       -1.165077526724889       -0.099464688150449       -0.797762295004445
        1.675201464043050        0.715416769132014       -0.680521032577253
       -0.482032421825696       -0.864902944601552        1.566233290892534
        0.572446370330171       -1.181793798578892        1.325100007400747
        0.535720840789109       -0.603641141483017       -1.188235460294053
        1.604240506156376       -0.301871014498055       -1.140563170103724
       -0.113757383965538        1.384338125793817        0.352482983227947
        0.124242641055474       -1.319172301320552       -0.429822416810736
        0.123801371618646        0.794216521050749       -0.587773992431949
        1.909742859934425       -0.213715332593889       -0.066257686828284
       -0.258741398832714        0.160194878441820       -1.411624484394004
        0.295882195793809       -0.110239699336412        1.338288299700293
       -1.793091524695854        0.707400542536418       -0.361106931401794
       -1.308962201522880       -1.106704814198791        0.849798834845971
       -0.533372560442354       -0.357755038094641        0.607469816485343
        0.489607207076986       -0.662644275808615        0.373743464803627
        0.213839584504513        0.365049594863707        0.382516246751777
        0.892380351299127        0.033357684107954       -0.364713684916165
       -0.155671768615348       -0.262001481190460       -0.414778807649294
       -0.767593348938678        0.532078549566410        0.013482061831674
        0.803727344974300        0.443265038778353       -1.403005588838374
        1.494869237092573       -1.007351528016150        0.669893745485399
       -0.266422934566361       -1.416386523206743        0.610564950506075
        1.177924625699764       -1.049620972678709       -0.413930230132627
       -1.542192609167517       -0.191391195770455        0.257524139315825
       -0.001966880135531        1.217604212745425       -1.600618613498913
        1.228796015074772        0.057075020713299        0.723935415605444
       -1.282664079786106       -0.096489554379192        1.340219876852183
       -0.482864024653660        0.624670578051032        1.127281678785577
        0.756048674080069        1.412394027849815       -0.115021660610052
       -0.216833312972175        1.775857065978359       -0.630257301772995
       -0.927751183311086       -1.006498075168891       -0.184497376510790
        0.805265550210146        1.078499693925765        0.959758614460914
       -0.551400937165971       -0.921304821121568       -1.231758967466247
       -1.160941198286814        1.553889155225194       -0.073181287401185
       -0.910131472018714        0.960786439930072       -0.994158252523897
       -1.500435885002243        0.828802812061276        0.731628828140253
        0.754006265482194       -1.756773200450856        0.348894518303812
       -1.164097606264421       -0.103159246362883       -0.792871146357570
        1.619541890634933        0.771697898569708        0.001514214773226
       -0.463941016620545       -0.851881276524347        1.562061522306847
        0.579844856759647       -1.187005778245678        1.304706531179464
        0.523356727225254       -0.616328186224320       -1.202063824443582
        1.602359468809800       -0.315881682324971       -1.155422267468603
       -0.189865818052235        1.391527249001408        0.412551457768895
        0.106046867455700       -1.334829262137843       -0.441162813915192
        0.099849560734013        0.745152364014500       -0.629260565429240
        1.917136652984352       -0.299186171643932       -0.076607371156195
       -0.281743297122090        0.135263206447475       -1.442510586547635
        0.319392124146615       -0.110654760328897        1.317408072712553
       -1.794668213614129        0.695898271796606       -0.352512269009675
       -1.298085472104312       -1.096443965378372        0.858197773761622
       -0.511139751022520       -0.345998227720480        0.600323125004573
        0.496910084395186       -0.669214634735341        0.351822515400240
        0.256074450301591        0.396586248973506        0.361061558008041
        0.911623111678246        0.028614007212163       -0.386923259058964
       -0.151330712427997       -0.274808892770023       -0.421583448162690
       -0.754297103244727        0.533624664015691        0.007998292133482
        0.819034750316801        0.460159277402726       -1.360648575378912
        1.488111186323953       -1.013479027576903        0.679270965115327
       -0.275990300809118       -1.435165881349234        0.604254578215966
        1.182317923516522       -1.058579757524857       -0.405424892554866
       -1.547622233882733       -0.200245690540502        0.256441936292548
        0.021261021043276        1.225543858354562       -1.570647319039294
        1.223931041269936        0.053663883335257        0.741260634902788
       -1.282671209104349       -0.109890348376117        1.342931618469472
       -0.495064713903498        0.630270093806781        1.118404727421488
        0.776057157561618        1.535147829788421       -0.238235619587929
       -0.242618269732777        1.801821981452169       -0.647118250573262
       -0.929583829503129       -1.010712026137242       -0.189930459546123
        0.879441663740280        1.133651831447535        0.809756230320626
       -0.545976032633254       -0.909682479536139       -1.233723674620410
       -1.146425971169966        1.544999639047417       -0.041319131058745
       -0.898499470035439        0.962164859100652       -0.974563335527892
       -1.520982745009818        0.811663921436409        0.738773587597330
        0.750814207751359       -1.769019757518381        0.347619536545363
       -1.162819975439672       -0.100476484558139       -0.790109475116429
        1.549069511717903        0.784452283154483       -0.026803720464151
       -0.481207393558800       -0.888216096668615        1.562145408044605
        0.567467203800237       -1.216492935933514        1.309999655271170
        0.528067919037067       -0.615226802856798       -1.199204769597038
        1.605577215988491       -0.313033396444630       -1.137310256312623
       -0.138435759976324        1.376699483543502        0.368630444770741
        0.107162716123677       -1.333795046707033       -0.442747927682027
        0.111276433930358        0.765176326163077       -0.586356356020696
        1.907551732748958       -0.286273098518986       -0.059010675135654
       -0.262386097263150        0.152406929461003       -1.415407208929135
        0.299062315192938       -0.140930679055093        1.335611791553596
       -1.790278782599731        0.698712427289125       -0.347411984053449
       -1.310134743732216       -1.109812909099213        0.849534346120698
       -0.518640848626808       -0.363019264898076        0.607282211001365
        0.490880959486898       -0.687067045859908        0.364862442718726
        0.254994214697221        0.372044702239415        0.388676824903679
        0.896434911801821        0.002685288885227       -0.371602336893530
       -0.153309831234984       -0.273832356776810       -0.411737260225078
       -0.755865877633547        0.523686470128427        0.023856289251750
        0.847732961324225        0.507986569904634       -1.295759497382068
        1.474607169363421       -1.005696142688127        0.700646750209910
       -0.285212903280480       -1.447055010306004        0.599588030872863
        1.184149371516537       -1.054838535126881       -0.392276421399346
       -1.557882477679149       -0.211127177677720        0.251491566596017
        0.042744814644424        1.242350727697817       -1.535225847280958
        1.225376255709788        0.071490388387416        0.728496952846377
       -1.301364569400854       -0.127008314079276        1.342988468058068
       -0.518880560674320        0.625583515595052        1.127964760602774
        0.800777388359995        1.536129810225234       -0.368851747169514
       -0.256167053525630        1.813619166257685       -0.635258264797433
       -0.932631741251426       -1.015654078474989       -0.196333919976206
        0.934066533368056        1.149824254642354        0.667463950572373
       -0.533087693159616       -0.897021016927748       -1.235889520830178
       -1.144849411439764        1.538137325527497       -0.015818562243972
       -0.898446724053029        0.967633393681827       -0.961901360011023
       -1.546767177243117        0.795918668985636        0.745787932187061
        0.749721588293112       -1.771290178769810        0.350798609786589
       -1.158998467230609       -0.096065675179644       -0.790116327392292
        1.585642951194171        0.773923390873561       -0.154177650256724
       -0.497864949009419       -0.907311050194583        1.562759097303462
        0.550181884137691       -1.240491885502760        1.319338650563628
        0.539842110571164       -0.593057003686622       -1.187833236382992
        1.612342282391654       -0.281932609495428       -1.105914593040276
       -0.117804580055889        1.375893913111262        0.361114464031420
        0.111443953441411       -1.329830689110955       -0.442629037979112
        0.096084479589173        0.762781240321507       -0.556449805997642
        1.915571370724867       -0.295421705691467       -0.041251368800519
       -0.244025669727513        0.168180560875968       -1.402234239452714
        0.291748476395668       -0.161642815305025        1.349685395738080
       -1.793335628427881        0.698349488654739       -0.344770157351121
       -1.321688655833863       -1.124178033383538        0.840772590819519
       -0.531866132466228       -0.374483695910614        0.614930091922602
        0.480689554585699       -0.694731061189423        0.381778352321086
        0.238684855522441        0.363035791532591        0.416318696109900
        0.885887473420853       -0.004220098362055       -0.340425442226150
       -0.158502294708193       -0.275611601953344       -0.399070422497553
       -0.767918785187366        0.517830172841228        0.040263062126065
        0.847654128567740        0.517682977133137       -1.261043392358200
        1.463412681719995       -0.985366727553466        0.750164834698067
       -0.293211990387172       -1.466229034376143        0.583903024601785
        1.202313315636858       -1.007715657006577       -0.340140366553964
       -1.572156637392128       -0.224207233889792        0.234090215249182
        0.055325036306781        1.277131292091198       -1.475270734091043
        1.182589502949553        0.079949139291208        0.817253134964065
       -1.362952060084456       -0.187203265025888        1.335136048735250
       -0.582737532252613        0.578476266581872        1.182621943733034
        0.880405722320463        1.522161772514349       -0.763662784315484
       -0.203882346835600        1.828363990694995       -0.539248321442877
       -0.922944101584321       -1.011430712622573       -0.216757583817736
        0.956928587179231        1.050522757915160        0.231305198350577
       -0.498205744555645       -0.860354655209261       -1.233235791071084
       -1.138805330977814        1.541725801138367        0.038414549369082
       -0.867062614179540        1.001917819056720       -0.906149381899386
       -1.584666149840043        0.766394953470072        0.759436382460377
        0.761722392847358       -1.761102599373494        0.358950643426693
       -1.141259488805321       -0.072450402953541       -0.783632228432336
        1.679934012534745        0.745715713170908       -0.544978424714624
       -0.554221164214886       -0.972586307165794        1.556337521499110
        0.517728661556332       -1.275304222402935        1.334476608047613
        0.566603991763162       -0.554749886728157       -1.137107818789780
        1.629677471955573       -0.251769922403727       -1.044658945541557
       -0.134103540911445        1.358629501483827        0.457115487763881
        0.132573577063084       -1.309508179592711       -0.435217525770631
        0.124094705469669        0.791993369760834       -0.481054966849919
        1.904200046264258       -0.218858485677102        0.037347583832106
       -0.220668135091907        0.209793855379726       -1.352439955319243
        0.231023512186343       -0.211791703249997        1.405199227117571
       -1.785633385729255        0.712711545951772       -0.337793851377747
       -1.349055805349897       -1.165020282439104        0.795817313616001
       -0.562523724397511       -0.402003484217859        0.629306894408482
        0.469460746351041       -0.693435190386470        0.415717602732217
        0.198652716708181        0.343054667664972        0.491735927285164
        0.893814275398168        0.044495451511755       -0.270523754822534
       -0.148053654340773       -0.255674793480593       -0.366485269191072
       -0.775971677648210        0.516041871044309        0.075070954668960
