         1    0.8670085140    
         2    0.8670085140    
         3    0.8670085140    
         4    0.8670085140    
         5    0.8670085140    
         6    0.8670085140    
         7    0.8670085140    
         8    0.8670085140    
         9    0.8670085140    
        10    -3.167123070    
        11    -3.167123070    
        12    -3.167123070    
        13    -3.167123070    
        14    -3.167123070    
        15    -3.167123070    
        16    -3.167123070    
        17    -3.167123070    
        18    -3.167123070    
        19    -3.167123070    
        20    -3.167123070    
        21    -3.167123070    
        22    -3.167123070    
        23    -3.167123070    
        24    -3.167123070    
        25    -3.167123070    
        26    -3.167123070    
        27    -3.167123070    
        28    -3.167123070    
        29    -3.167123070    
        30    -3.167123070    
        31    -3.167123070    
        32    -3.167123070    
        33    -3.167123070    
        34    -3.167123070    
        35    -3.167123079    
        36    -3.167123079    
        37    -3.167123079    
        38    -3.167123079    
        39    -3.167123079    
        40    -3.167123079    
        41    -3.167123079    
        42    -3.167123079    
        43    -3.167123079    
        44    -3.167123079    
        45    -3.167123079    
        46    -3.167123079    
        47    -3.167123079    
        48    -3.167123079    
        49    -3.167123079    
        50    -3.167123079    
        51    -3.167123079    
        52    -3.167123079    
        53    -3.167123079    
        54    -3.167123079    
        55    -4.318780777    
        56    -4.318780777    
        57    -4.318780777    
        58    -4.318780777    
        59    -4.318780777    
        60    -4.318780777    
        61    -4.318780777    
        62    -4.318780777    
        63    -4.318780778    
        64    -4.318780778    
        65    -4.318780778    
        66    -4.318780778    
        67    -4.318780778    
        68    -4.318780783    
        69    -4.318780783    
        70    -4.979964774    
        71    -4.979964774    
        72    -4.979964790    
        73    -4.979964790    
        74    -4.979964790    
        75    -4.979964790    
        76    -4.979964790    
        77    -4.979964790    
        78    -4.979964790    
        79    -4.979964790    
        80    -4.979964790    
        81    -4.979964790    
        82    -4.979964790    
        83    -4.979964790    
        84    -4.979964790    
        85    -4.979964790    
        86    -4.979964790    
        87    -4.979964790    
        88    -4.979964790    
        89    -4.979964790    
        90    -4.979964790    
        91    -4.979964790    
        92    -4.979964790    
        93    -4.979964790    
        94    -4.979964790    
        95    -4.979964790    
        96    -4.979964793    
        97    -4.979964793    
        98    -4.979964793    
        99    -4.979964793    
       100    -4.979964793    
       101    -4.979964793    
       102    -4.979964793    
       103    -4.979964793    
       104    -4.979964793    
       105    -4.979964793    
       106    -4.979964793    
       107    -4.979964793    
       108    -4.979964793    
       109    -4.979964793    
       110    -4.979964793    
       111    -4.979964793    
       112    -4.979964793    
       113    -4.979964793    
       114    -4.979964793    
       115    -4.979964793    
       116    -4.979964793    
       117    -4.979964793    
       118    -4.979964793    
       119    -4.979964793    
       120    -4.979964793    
       121    -4.979964793    
       122    -4.979964793    
       123    -4.979964793    
       124    -4.979964793    
       125    -4.979964793    
       126    -4.979964793    
       127    -4.979964793    
       128    -4.979964793    
       129    -4.979964793    
       130    -4.979964793    
       131    -4.979964793    
       132    -4.979964793    
       133    -4.979964793    
       134    -4.979964793    
       135    -4.979964793    
       136    -4.979964793    
       137    -4.979964793    
       138    -4.979964793    
       139    -4.979964793    
       140    -4.979964793    
       141    -4.979964796    
       142    -4.979964796    
       143    -4.979964796    
       144    -4.979964796    
       145    -4.979964796    
       146    -4.979964796    
       147    -4.979964796    
       148    -4.979964796    
       149    -4.979964796    
       150    -4.979964796    
       151    -4.979964796    
       152    -4.979964796    
       153    -4.979964796    
       154    -4.979964796    
       155    -4.979964796    
       156    -4.979964796    
       157    -4.979964796    
       158    -4.979964796    
       159    -4.979964796    
       160    -4.979964801    
       161    -4.979964801    
       162    -4.979964801    
       163    -4.979964801    
       164    -4.979964801    
       165    -4.979964801    
       166    -4.979964801    
       167    -4.979964801    
       168    -4.979964801    
       169    -4.979964801    
       170    -4.979964801    
       171    -4.979964801    
       172    -4.979964801    
       173    -4.979964801    
       174    -4.979964801    
       175    -4.979964801    
       176    -4.979964801    
       177    -4.979964801    
       178    -4.979964801    
       179    -4.979964801    
       180    -12.94781155    
       181    -12.94781156    
       182    -12.94781156    
       183    -12.94781156    
       184    -12.94781156    
       185    -12.94781156    
       186    -12.94781156    
       187    -12.94781156    
       188    -12.94781156    
       189    -12.94781156    
       190    -12.94781156    
       191    -12.94781156    
       192    -12.94781156    
       193    -12.94781156    
       194    -12.94781156    
       195    -12.94781156    
       196    -12.94781156    
       197    -12.94781156    
       198    -12.94781156    
       199    -12.94781156    
       200    -12.94781156    
       201    -12.94781156    
       202    -12.94781156    
       203    -12.94781156    
       204    -12.94781156    
       205    -12.94781156    
       206    -12.94781156    
       207    -12.94781156    
       208    -12.94781156    
       209    -12.94781156    
       210    -12.94781156    
       211    -12.94781156    
       212    -12.94781156    
       213    -12.94781156    
       214    -12.94781156    
       215    -12.94781156    
       216    -12.94781156    
       217    -12.94781156    
       218    -12.94781156    
       219    -12.94781156    
       220    -12.94781156    
       221    -12.94781156    
       222    -12.94781156    
       223    -12.94781156    
       224    -12.94781156    
       225    -12.94781156    
       226    -12.94781156    
       227    -12.94781156    
       228    -12.94781156    
       229    -12.94781156    
       230    -12.94781156    
       231    -12.94781156    
       232    -12.94781156    
       233    -12.94781156    
       234    -12.94781156    
       235    -12.94781156    
       236    -12.94781156    
       237    -12.94781156    
       238    -12.94781156    
       239    -12.94781156    
       240    -12.94781156    
       241    -12.94781156    
       242    -12.94781156    
       243    -12.94781156    
       244    -12.94781156    
       245    -12.94781156    
       246    -12.94781156    
       247    -12.94781156    
       248    -12.94781156    
       249    -12.94781156    
       250    -12.94781156    
       251    -12.94781156    
       252    -12.94781156    
       253    -12.94781156    
       254    -12.94781156    
       255    -12.94781156    
       256    -12.94781156    
       257    -12.94781156    
       258    -12.94781156    
       259    -12.94781156    
       260    -12.94781156    
       261    -12.94781156    
       262    -12.94781156    
       263    -12.94781156    
       264    -12.94781156    
       265    -12.94781156    
       266    -12.94781156    
       267    -12.94781156    
       268    -12.94781156    
       269    -12.94781156    
       270    -12.94781156    
       271    -12.94781156    
       272    -12.94781156    
       273    -12.94781156    
       274    -12.94781156    
       275    -12.94781156    
       276    -12.94781156    
       277    -12.94781156    
       278    -12.94781156    
       279    -12.94781156    
       280    -12.94781156    
       281    -12.94781156    
       282    -12.94781156    
       283    -12.94781156    
       284    -12.94781156    
       285    -12.94781156    
       286    -12.94781156    
       287    -12.94781156    
       288    -12.94781156    
       289    -12.94781156    
       290    -12.94781156    
       291    -12.94781156    
       292    -12.94781156    
       293    -12.94781156    
       294    -12.94781156    
       295    -12.94781156    
       296    -12.94781156    
       297    -12.94781156    
       298    -12.94781156    
       299    -12.94781156    
       300    -12.94781156    
       301    -12.94781156    
       302    -12.94781156    
       303    -12.94781156    
       304    -12.94781156    
       305    -12.94781156    
       306    -12.94781156    
       307    -12.94781156    
       308    -12.94781156    
       309    -12.94781156    
       310    -12.94781156    
       311    -12.94781156    
       312    -12.94781156    
       313    -12.94781156    
       314    -12.94781156    
       315    -12.94781156    
       316    -12.94781156    
       317    -12.94781156    
       318    -12.94781156    
       319    -12.94781156    
       320    -12.94781156    
       321    -12.94781156    
       322    -12.94781156    
       323    -12.94781156    
       324    -12.94781156    
       325    -12.94781156    
       326    -12.94781156    
       327    -12.94781156    
       328    -12.94781156    
       329    -12.94781156    
       330    -12.94781156    
       331    -12.94781156    
       332    -12.94781156    
       333    -12.94781156    
       334    -12.94781156    
       335    -12.94781156    
       336    -12.94781156    
       337    -12.94781156    
       338    -12.94781156    
       339    -12.94781156    
       340    -12.94781156    
       341    -12.94781156    
       342    -12.94781156    
       343    -12.94781156    
       344    -12.94781156    
       345    -12.94781156    
       346    -12.94781156    
       347    -12.94781156    
       348    -12.94781156    
       349    -12.94781156    
       350    -12.94781156    
       351    -12.94781156    
       352    -12.94781156    
       353    -12.94781156    
       354    -12.94781156    
       355    -12.94781156    
       356    -12.94781156    
       357    -12.94781156    
       358    -12.94781156    
       359    -12.94781156    
       360    -12.94781156    
       361    -12.94781156    
       362    -12.94781156    
       363    -12.94781156    
       364    -12.94781156    
       365    -12.94781156    
       366    -12.94781156    
       367    -12.94781156    
       368    -12.94781156    
       369    -12.94781156    
       370    -12.94781156    
       371    -12.94781156    
       372    -12.94781156    
       373    -12.94781156    
       374    -12.94781156    
       375    -12.94781156    
       376    -12.94781156    
       377    -12.94781156    
       378    -12.94781156    
       379    -12.94781156    
       380    -12.94781156    
       381    -12.94781156    
       382    -12.94781156    
       383    -12.94781156    
       384    -12.94781156    
       385    -12.94781156    
       386    -12.94781156    
       387    -12.94781156    
       388    -12.94781156    
       389    -12.94781156    
       390    -12.94781156    
       391    -12.94781156    
       392    -12.94781156    
       393    -12.94781156    
       394    -12.94781156    
       395    -12.94781156    
       396    -12.94781156    
       397    -12.94781156    
       398    -12.94781156    
       399    -12.94781156    
       400    -12.94781156    
       401    -12.94781156    
       402    -12.94781156    
       403    -12.94781156    
       404    -12.94781156    
       405    -12.94781156    
       406    -12.94781156    
       407    -12.94781156    
       408    -12.94781156    
       409    -12.94781156    
       410    -12.94781156    
       411    -12.94781156    
       412    -12.94781156    
       413    -12.94781156    
       414    -12.94781156    
       415    -12.94781156    
       416    -12.94781156    
       417    -12.94781156    
       418    -12.94781156    
       419    -12.94781156    
       420    -12.94781156    
       421    -12.94781156    
       422    -12.94781156    
       423    -12.94781156    
       424    -12.94781156    
       425    -12.94781156    
       426    -12.94781156    
       427    -12.94781156    
       428    -12.94781156    
       429    -12.94781156    
       430    -12.94781156    
       431    -12.94781156    
       432    -12.94781156    
       433    -12.94781156    
       434    -12.94781156    
       435    -12.94781156    
       436    -12.94781156    
       437    -12.94781156    
       438    -12.94781156    
       439    -12.94781156    
       440    -12.94781156    
       441    -12.94781156    
       442    -12.94781156    
       443    -12.94781156    
       444    -12.94781156    
       445    -12.94781156    
       446    -12.94781156    
       447    -12.94781156    
       448    -12.94781156    
       449    -12.94781156    
       450    -12.94781156    
       451    -12.94781156    
       452    -12.94781156    
       453    -12.94781156    
       454    -12.94781156    
       455    -12.94781156    
       456    -12.94781156    
       457    -12.94781156    
       458    -12.94781156    
       459    -12.94781156    
       460    -12.94781156    
       461    -12.94781156    
       462    -12.94781156    
       463    -12.94781156    
       464    -12.94781156    
       465    -12.94781156    
       466    -12.94781156    
       467    -12.94781156    
       468    -12.94781156    
       469    -12.94781156    
       470    -12.94781156    
       471    -12.94781156    
       472    -12.94781156    
       473    -12.94781156    
       474    -12.94781156    
       475    -12.94781156    
       476    -12.94781156    
       477    -12.94781156    
       478    -12.94781156    
       479    -12.94781156    
       480    -12.94781156    
       481    -12.94781156    
       482    -12.94781156    
       483    -12.94781156    
       484    -12.94781156    
       485    -12.94781156    
       486    -12.94781156    
       487    -12.94781156    
       488    -12.94781156    
       489    -12.94781156    
       490    -12.94781156    
       491    -12.94781156    
       492    -12.94781156    
       493    -12.94781156    
       494    -12.94781156    
       495    -12.94781156    
       496    -12.94781156    
       497    -12.94781156    
       498    -12.94781156    
       499    -12.94781156    
       500    -12.94781156    
