     -4.52180975225051007271      4.89543219343934055132     -1.26655393997647180981
     -3.46467475389260171070      4.92803519501882192344     -1.00595243395952071985
     -2.92917749594347931463      5.54254256695526681398     -1.72666972094705251095
     -3.34906752655571482435      5.33902846586708079712     -0.00480020838453261954
     -2.91129838637303839377      3.52276548255942767440     -1.03466008618582927525
     -3.63833855389578753048      2.58013523821435741823     -1.31814246629426290447
     -1.62110880602180418286      3.38353223377375078584     -0.73982190118162927117
     -1.09710502912808260945      4.20003498117592410921     -0.47516647891686869531
     -0.95676464314680431666      2.08517944205191385620     -0.64296821099929135634
     -1.36097858870915033869      1.42267170946114207553     -1.41132196028324541359
      0.53967713090979130275      2.27525680010805020359     -0.92573112284674141659
      1.05033571615812082456      1.31361525471888085370     -0.87356284874664491547
      0.97858665341383643810      2.94480814703478266381     -0.18463421121195328078
      0.67897904995092706049      2.69532172192729602145     -1.92219584126714870820
     -1.20451526306290612744      1.43082650014731282972      0.72848440078228060557
     -0.97972712499590930424      2.04948275695648884920      1.77024609303859237208
     -1.57340943119898057923      0.14889780223443599416      0.74150134420056346141
     -1.62484900217575400916     -0.32961150748879813888     -0.15014760781702662928
     -1.67869863474140901261     -0.67772202316182517112      1.94749022576933250583
     -2.05629375893025745370     -0.06136383424749402432      2.76505439472005232204
     -2.70413646795167927905     -1.78956769298967000026      1.68331585083800083780
     -3.66778489818282116275     -1.35061268539120837850      1.42187498912107379567
     -2.82328289131445098192     -2.39902239407354356260      2.57990777076603272633
     -2.36260231038781487456     -2.42496134448927724847      0.86449736097496798770
     -0.28344160345444940896     -1.19219724383534875223      2.36422593014465931560
     -0.03861703536365784784     -2.39700666523989802670      2.42058820577359856685
      0.66225630901602927647     -0.25858962552391540068      2.53277019289555038739
      0.32562813860642286778      0.69787313199986167334      2.50809474203543203430
      2.11414166882028364824     -0.42607169030486286010      2.36234691492904369525
      2.55170010237903843731      0.56810275465006554452      2.46333427492773582301
      2.70313038639087110937     -1.27094954844948260231      3.50198007309716441426
      2.34677300449588210896     -2.29952036437759632648      3.44001445436241271025
      3.79117688350354731242     -1.27119604852581002952      3.42833106943523313603
      2.41319725006930640987     -0.84820694276538699530      4.46448971900043467542
      2.52070333879919994402     -0.90821005022112677452      0.95046781640116917433
      3.33320037050178097360     -0.26038659272960318347      0.29443544410856259397
      1.91230066793675357317     -1.98199806838689629451      0.44231856542890118922
      1.23863875034171910805     -2.45613191309307676846      1.03394705596359681721
      1.96004640778073180307     -2.35964295320541017631     -0.96742406279840209571
      2.97444581172467614749     -2.19562870793008535486     -1.33479211417595844402
      1.64919455966946015835     -3.85637841024423355663     -1.08537602922556630780
      2.36549381969512184654     -4.43091861814304621703     -0.49652779962684473469
      0.64080181721631890301     -4.05534872733457874006     -0.71791928838843910299
      1.71616659325277054471     -4.16739138509919371245     -2.12829365409178450363
      0.99882054113343865520     -1.50006772859331016789     -1.81611882753194620044
     -0.09034746794378943624     -1.13516710894365990825     -1.36814480207686051116
      1.39154184983134032727     -1.19717791934366735163     -3.05934995889183669604
      2.29862320190310986945     -1.51972546212627857010     -3.35837606358282236840
      0.59957840836125209094     -0.40288244261250616418     -3.99726372871697854805
      0.47624080556376136020      0.61039055654266227702     -3.61050525883560480267
      1.09530098632592420849     -0.35870952354113128102     -4.96802240978691855844
     -0.38865079813054886904     -0.85156771242493189966     -4.11927385196621020924
