         1        4.3696443152
         2        0.8670086001
         3        0.8670085400
         4        0.8670085340
         5       -3.0200093152
         6        0.8670085807
         7  1000000.0000000000
         8        0.8670085433
         9        0.8670085615
        10       -1.0602479462
        11        4.3696442089
        12        4.9378430668
        13        0.8670086125
        14        8.2097569796
        15  1000000.0000000000
        16        0.8670085876
        17        0.8670085720
        18        0.8670085446
        19        0.8670085365
        20        4.1185311183
        21        0.8670085680
        22        0.8670085374
        23        0.8670085337
        24        0.8670085508
        25        0.8670085544
        26        0.8670086107
        27       -1.0602479324
        28        0.8670085605
        29        0.8670085402
        30        0.8670085561
        31        0.8670085750
        32        4.6160835606
        33        0.8670086068
        34        0.8670085645
        35        0.8670085375
        36        8.4817220408
        37       -1.0602479644
        38        0.8670085830
        39        0.8670085321
        40        0.8670085370
        41        0.8670085366
        42        0.8670085563
        43        0.8670085266
        44  1000000.0000000000
        45        0.8670085539
        46        0.8670085802
        47        0.8670085561
        48        0.8670085364
        49        0.8670085363
        50        0.8670085449
        51       -3.0200093256
        52  1000000.0000000000
        53        0.8670086123
        54  1000000.0000000000
        55        8.4817220451
        56        0.8670085973
        57       15.1131761019
        58        0.8670085448
        59        0.8670085409
        60       -1.9089937191
        61       -1.9089936383
        62       -3.6134835444
        63       -1.9089937748
        64  1000000.0000000000
        65       -1.9089937586
        66       13.5545456568
        67       -3.0105508029
        68       -3.0105508091
        69       -3.1671230618
        70  1000000.0000000000
        71       -2.6803973806
        72       -3.1671230695
        73       -3.1671230691
        74       -3.0105508205
        75       -3.0105508208
        76       -2.4516632270
        77       -3.0105508213
        78       -3.1671230623
        79       -3.1671230668
        80       -1.9778617467
        81       -3.1671230633
        82       -2.7634768688
        83       -3.1671228439
        84       -3.1671230527
        85       -3.1671230562
        86        1.8145990565
        87       -3.1671230565
        88       -4.7755615806
        89       -3.1671230386
        90       -3.1671230310
        91       -4.7755615591
        92       -3.1671230597
        93       -4.7755615866
        94       -3.1671229634
        95       -3.1671230464
        96  1000000.0000000000
        97       -3.1671230557
        98       -3.1671230699
        99       -3.1671230718
       100       -3.1671230470
       101       -3.1671230583
       102       -2.4276576802
       103       -2.7634768669
       104       -3.1671230526
       105        1.8145990487
       106        1.4122734796
       107        1.8145990447
       108       -3.1671229452
       109       -3.1671230580
       110       -3.1671230541
       111       -3.1671230683
       112       -3.1671230250
       113       -3.1671230609
       114        0.8670085252
       115       -3.1671230663
       116       -2.3946692764
       117       -0.6894944358
       118       -2.2003452229
       119       -2.2003452093
       120  1000000.0000000000
       121       -2.2003451985
       122       -2.2003452260
       123       -2.2003452120
       124      141.9602969066
       125       -2.2003451943
       126       -4.3018300364
       127       -2.2003452165
       128       -4.3187807477
       129       -4.3187805467
       130       -4.3187807775
       131       -3.8107599774
       132       -4.3187807678
       133       -4.3187807779
       134       -4.9799647824
       135       -4.9799647796
       136  1000000.0000000000
       137       -4.9799647747
       138       -4.9799647824
       139       -4.9799645841
       140       -4.9799647924
       141       -2.1875649009
       142  1000000.0000000000
       143       -4.9799647735
       144       -4.9799647878
       145       -4.9799647763
       146       -2.1875648854
       147       -4.9799647847
       148       -4.9799647930
       149       -4.9799647763
       150       -5.3296620801
       151       -4.9799647880
       152       -4.9799647579
       153       -4.9799647591
       154       -4.9799647704
       155       -4.9799647680
       156       -2.1875648788
       157       -4.9799647752
       158       -4.9799647644
       159       -6.8238998233
       160       -4.9799647618
       161       -4.9799647851
       162       -0.1493144872
       163      -12.6696840098
       164       -1.7221466977
       165       -4.9799647898
       166       -5.3296620282
       167       -4.9799647498
       168  1000000.0000000000
       169       -4.8011161515
       170       -4.9799647926
       171       -6.1803093092
       172       -5.3296620698
       173       -4.9799647578
       174       -4.9799647848
       175      129.5151725643
       176      -12.6696839979
       177       -4.9799647905
       178       -4.9799647882
       179       -5.7301001975
       180       -4.9799647598
       181       -0.1038151866
       182       -2.1875649023
       183       -4.9799647903
       184       -2.1875649086
       185  1000000.0000000000
       186       -4.9799647906
       187        0.0548381728
       188       -4.9799647622
       189       -9.0871728263
       190       -4.9799647853
       191      129.6633834086
       192       -5.3296620814
       193       -4.9799647802
       194       -4.9799647839
       195       -4.9799647858
       196       -4.9799647723
       197       -4.9799647588
       198      112.5076426421
       199       -4.9799647835
       200       -4.9799647514
       201       -1.9778617170
       202      129.5151725768
       203      125.5773190991
       204        1.6489740273
       205       -4.9799647657
       206       -4.3187807595
       207       -4.9799647848
       208       -5.3296620634
       209       -6.8238998256
       210      -12.6696839992
       211       -4.9799647711
       212       -4.9799647902
       213       -5.8153376487
       214       -6.8238998239
       215       -2.6261272609
       216       -4.9799647677
       217       -4.9799647760
       218  1000000.0000000000
       219       -2.6048700019
       220       -4.9799647144
       221  1000000.0000000000
       222       -4.9799647727
       223       -5.3296620517
       224       -4.9799647604
       225       -4.9799647779
       226       -4.9799647740
       227       -4.9799647692
       228       -4.9799647902
       229       -4.9799647861
       230       -4.9799647827
       231       -4.9799647767
       232       -2.4516632191
       233       -4.9799647893
       234       -6.8238998031
       235       -4.9799647509
       236       -0.1493144780
       237       -4.9799647946
       238       -2.6048700157
       239       -4.9799647378
       240       -4.9799647757
       241       -2.1875648819
       242       -5.4868323714
       243       -4.2248230991
       244       -3.6714029833
       245       -5.4868326670
       246       -3.6714029274
       247       -6.1478572396
       248        4.3687838136
       249  1000000.0000000000
       250  1000000.0000000000
       251       -2.1648586798
       252       -8.1699553280
       253       -2.7907582023
       254       -6.1478571974
       255       -6.1478572357
       256       -2.1648590291
       257       -6.1478570236
       258       -6.1478572505
       259       -6.1478570185
       260      133.8058361137
       261       -6.1478571471
       262       -7.2124247160
       263      127.1662818338
       264      -12.6696840024
       265       -1.6692250650
       266       -2.9368731024
       267       -4.1156479285
       268  1000000.0000000000
       269        0.3585052591
       270       -7.2124247206
       271       -7.2124247022
       272       -7.2124246955
       273  1000000.0000000000
       274       -7.2124247044
       275  1000000.0000000000
       276      125.4871866608
       277       -2.7907582053
       278       -7.2124247154
       279       -1.4670712627
       280       -7.2124247080
       281       -7.2124247174
       282        2.4176159215
       283       -7.2124247115
       284       -2.9507579583
       285       -7.2124247098
       286       -7.2124247175
       287       -7.2124246904
       288       -7.2124246949
       289       -7.2124247159
       290      127.6685549213
       291       -7.2124247178
       292       -7.2124246742
       293      -12.6696516783
       294        4.2618257553
       295       -9.3936968552
       296       -7.2124247072
       297       -9.3936968540
       298       -7.2124247088
       299       -7.2124247070
       300       -9.3936968597
       301       -7.2124247115
       302      -10.2387100874
       303      -10.2387100970
       304       -7.2124247111
       305       -7.2124246978
       306       -7.2124246979
       307       -7.2124247142
       308       -7.2124246888
       309       -7.2124246960
       310       -7.2124247133
       311       -7.2124247174
       312       -7.2124246952
       313       -7.2124247144
       314       -4.2505676558
       315       -4.1156479257
       316       -9.3936968528
       317       -7.2124247060
       318       -2.3608025263
       319        8.0560953608
       320       -9.3936968613
       321       -7.2124247149
       322        2.6759693478
       323       -3.5151620291
       324       10.5953274576
       325      -10.2387101131
       326       11.0334319864
       327  1000000.0000000000
       328       -9.3936968395
       329  1000000.0000000000
       330       -7.2124247074
       331       -2.9368731040
       332       -6.1478571749
       333       -1.4495347629
       334       -2.5069387759
       335       -2.3863329831
       336       -9.3936968435
       337       -2.9368731085
       338       -6.2172258832
       339       10.4957124052
       340       -4.6522245895
       341       -1.4670712407
       342       -7.2124246906
       343       -7.2124246871
       344       -7.2124247069
       345       -6.6218220763
       346      -11.0843426914
       347      118.1662671381
       348      -12.6696839890
       349       -7.2124247050
       350       -7.2124247204
       351       -7.2124246958
       352       -4.4559045114
       353       -8.0968256728
       354       -7.8602261520
       355       -8.0968256613
       356        3.8749028268
       357       -8.4398725730
       358       -8.0968256710
       359       -9.9968921661
       360       -8.0968256570
       361        5.9511611390
       362       -8.4398725814
       363       -9.6596452613
       364       -9.6303608806
       365  1000000.0000000000
       366        6.8050982009
       367       -8.0968256756
       368       -8.0968256368
       369       -0.4743382055
       370       -8.0968256732
       371       -8.0968256513
       372  1000000.0000000000
       373       -9.6303609055
       374        0.6415898488
       375       -9.6397762672
       376       -1.2027442125
       377       -8.0968256583
       378       -9.6397762642
       379       -8.0968256686
       380       -6.2140418438
       381       -8.0968256082
       382        2.9020043063
       383       -8.0968256621
       384      128.9196276258
       385        1.0052457619
       386       -8.0968256381
       387       -8.4398726038
       388      117.5262306075
       389  1000000.0000000000
       390       -8.0968256625
       391        6.6148291263
       392       -8.0968256653
       393       -8.4398725588
       394       -6.2140418635
       395  1000000.0000000000
       396       -8.0968256532
       397  1000000.0000000000
       398       -8.0968256514
       399        5.9262036927
       400       -6.2140418640
       401       -8.4398725874
       402       -9.6303609006
       403       -9.6303609065
       404        6.8050982051
       405       -6.7146118180
       406       -8.0968256597
       407  1000000.0000000000
       408       -8.4398725981
       409       -9.8881115286
       410       -6.2140418370
       411       -8.0968256594
       412       -4.7442838047
       413        4.8519618535
       414       -1.8865872024
       415       -6.2140418190
       416      119.0069393448
       417       -8.0968256424
       418       -8.4398725855
       419       -8.0968256716
       420       -8.0968256100
       421       -8.0968256631
       422       -4.1074288644
       423       12.4836395144
       424       -9.6397762672
       425       -6.2140418589
       426  1000000.0000000000
       427       -8.0968256636
       428  1000000.0000000000
       429        0.9090660834
       430       -8.0968256695
       431       -5.9062279451
       432  1000000.0000000000
       433      -12.9478115409
       434      -12.9478115467
       435      -12.1297369870
       436      -11.1852273594
       437      -11.1852273309
       438  1000000.0000000000
       439       -7.8892794638
       440      -12.1297369763
       441      -12.9478115173
       442       -8.4176730869
       443      -11.7575547454
       444  1000000.0000000000
       445      -12.1297369971
       446      -13.8718644088
       447      -12.9478115297
       448      -12.9478115367
       449      -12.9478115513
       450        4.4478516277
       451      -12.8861655443
       452      -12.9478115305
       453      -12.9478115139
       454      -13.8718644133
       455      -12.9478115280
       456       -9.9268893883
       457      -12.9478115496
       458       -7.5063664784
       459      -12.9478115382
       460      -11.1852273104
       461      -12.9478115553
       462      -12.1297369806
       463      -11.7575547516
       464  1000000.0000000000
       465  1000000.0000000000
       466        3.8832871794
       467      -12.9478115179
       468      -10.7964989804
       469  1000000.0000000000
       470      -12.9478115459
       471  1000000.0000000000
       472      -10.7964989899
       473      -12.9478113988
       474      -12.1297369860
       475      -12.9478115543
       476      -11.1852273196
       477      -11.7575547302
       478       -7.8590762816
       479      -12.9478115361
       480      -12.9478115547
       481      -12.9478115493
       482      -12.1297369855
       483  1000000.0000000000
       484       -5.4314897705
       485      -12.9478115284
       486  1000000.0000000000
       487      120.6073772544
       488      -12.9478115282
       489      -12.9478115453
       490       -9.9268893834
       491  1000000.0000000000
       492      -12.9478115558
       493      -12.9478115537
       494      -12.9478115418
       495  1000000.0000000000
       496      -12.9478115151
       497      -12.9478115389
       498       -5.4314898412
       499      -11.1852273478
       500      -12.9478115392
       501      -12.9478115402
       502       -9.4477721884
       503        2.2529160863
       504        1.2740296999
       505       -2.5960919025
       506       -1.9973364097
       507        2.0238722515
       508      -11.7575547341
       509       -5.4314898271
       510      -12.9478115334
       511       -1.4023889457
       512      -11.1852273504
       513      -11.7575547489
       514      121.9272909160
       515      -11.1852273479
       516        6.5816017117
       517  1000000.0000000000
       518      -13.8718644097
       519      -12.9478115494
       520  1000000.0000000000
       521        2.3140112471
       522      -13.8718644293
       523      -12.9478115471
       524  1000000.0000000000
       525      -12.1297369768
       526      -13.8718644207
       527      -12.9478115437
       528       -1.0389766611
       529       -1.0389766525
       530  1000000.0000000000
       531      -12.9478115485
       532      -12.9478115453
       533       -6.6813983205
       534      -13.8718644400
       535      -11.0685918711
       536        1.3053188539
       537      -11.1852273331
       538      -12.9478114930
       539      -12.9478115049
       540      -12.9478115244
       541        0.8694768770
       542      -12.9478115266
       543      -13.8718644323
       544      -12.9478115521
       545      -12.9478115565
       546      -12.9478115279
       547       -9.7959187573
       548       -1.0389766583
       549      -13.3109000898
       550      -12.9478115355
       551      -12.9478115494
       552      -12.9478115361
       553      -12.9478115397
       554      -12.9478115494
       555      -12.9478115434
       556      -11.1852273598
       557      -12.9478115531
       558      -12.9478115024
       559       -2.6467429390
       560      -12.9478115558
       561  1000000.0000000000
       562      -12.9478115458
       563      -12.9478115528
       564      -12.9478115473
       565        1.3337201233
       566       -2.7363243262
       567      -12.9478115516
       568      -12.7574150974
       569      -12.9478115508
       570      -11.1852273563
       571      -12.9478115494
       572      -12.1297369431
       573  1000000.0000000000
       574       -8.4520885540
       575        0.9198326832
       576      -12.9478115387
       577      -12.9478115447
       578       -1.0483610423
       579      -12.9478115496
       580      -12.9478115485
       581      -12.9478115131
       582       -1.0389766492
       583      -12.9478115533
       584  1000000.0000000000
       585      -12.9478115513
       586      -11.1852273622
       587      -12.9478115437
       588  1000000.0000000000
       589      -12.8861655459
       590  1000000.0000000000
       591      -12.9478115365
       592       -1.0389766623
       593  1000000.0000000000
       594  1000000.0000000000
       595      -12.9478115535
       596       -7.5063664702
       597       -3.7143686781
       598      -12.9478115561
       599      -13.3109000878
       600      -12.9478115429
       601  1000000.0000000000
       602      -12.9478115313
       603      -11.1852273368
       604      -12.9478115568
       605      -12.9478115401
       606       -6.3290848613
       607      -12.9478115464
       608      -12.1297369889
       609  1000000.0000000000
       610      -12.9478115493
       611       -6.9502824061
       612      -12.9478115545
       613      -12.8861655309
       614      -13.8718644396
       615      -12.9478115562
       616       -2.6467429308
       617      -12.9478115568
       618      -12.9478115437
       619  1000000.0000000000
       620  1000000.0000000000
       621      -12.1297369713
       622      -12.9478115252
       623       -1.4697074024
       624      -12.9478115541
       625      -11.1852273235
       626      -11.1852273663
       627       -1.0389766692
       628      -12.9478115552
       629      -11.1852273454
       630  1000000.0000000000
       631  1000000.0000000000
       632  1000000.0000000000
       633       -1.0389766548
       634      -12.9478115406
       635      -12.9478115524
       636      -12.9478115508
       637        1.3337201171
       638      126.3030802020
       639      -12.9478115475
       640      -12.9478115462
       641      -12.9478114973
       642      -11.7575547481
       643       10.5329578031
       644      -13.8718644059
       645      -11.1852273472
       646      -12.1297369833
       647       -7.5063664047
       648      -12.9478115395
       649      -12.9478115354
       650      -12.9478115555
       651      -12.9478115067
       652       -6.3290848879
       653       -8.3882748339
       654      -12.9478115531
       655        2.3754735131
       656        0.2709986364
       657      -13.8718644395
       658      -12.1297369549
       659      -12.9478115456
       660      -12.9478115290
       661      -12.9478115599
       662      -12.9478115433
       663      -11.7575547286
       664      -12.9478115472
       665        1.4969503809
       666      -12.9478115553
       667      -12.1297369884
       668      -12.1297369949
       669       -1.0389766217
       670  1000000.0000000000
       671       -7.5063664376
       672      -12.9478115318
       673  1000000.0000000000
       674      -11.1852273270
       675       -9.9268894121
       676       -7.5063664705
       677      -12.1042139517
       678       -9.4477722025
       679        1.9043537458
       680      -12.9478115392
       681        4.6279757333
       682      -11.1852273518
       683      -12.9478115438
       684       -8.4179121620
       685       -3.8792777140
       686        0.8592334971
       687       -7.9489169462
       688        6.5825132482
       689  1000000.0000000000
       690       18.9697547109
       691  1000000.0000000000
       692      -11.7575547493
       693       -1.0389766689
       694        4.1968939022
       695  1000000.0000000000
       696      -10.7964989929
       697      -11.7575547454
       698      -12.1297369929
       699      -12.8861655435
       700      -13.8718644368
       701      -12.9478115368
       702      -12.9478115551
       703       -4.8289773363
       704       -9.4477721874
       705      -12.9478115377
       706      -12.9478115542
       707      -12.9478115473
       708      -12.9478115510
       709      128.4397182068
       710       -4.3671697905
       711       -8.4179121653
       712  1000000.0000000000
       713  1000000.0000000000
       714       -3.1531735350
       715       -7.5063664572
       716      -12.9478115447
       717      -11.7575547308
       718      -12.9478115566
       719      -12.9478115291
       720  1000000.0000000000
       721       -7.9945992596
       722  1000000.0000000000
       723      -12.9478115495
       724      -12.9478115303
       725       -2.3036616396
       726      -10.7964989851
       727      -12.9478115454
       728      -12.9478115371
       729      -12.9478115580
       730        1.3337201347
       731       -9.1541504460
       732      -12.9478115438
       733      -12.9478115204
       734      -12.9478115449
       735      -12.9478115389
       736      -12.9478115244
       737       -7.5063664808
       738      -12.9478115437
       739      -12.9478115428
       740       -3.6780292513
       741      -12.9478115406
       742        4.4142578114
       743      -12.9478115473
       744        5.4007261178
       745       -6.6813983281
       746      -12.9478115557
       747      -11.7575547169
       748      -12.9478115486
       749       -9.9268894008
       750      -12.1297369844
       751       -7.5063664589
       752      -12.9478115519
       753       -6.6813982776
       754      -13.8718644381
       755      -11.7575547377
       756      121.3549660842
       757      -11.7575547499
       758      -12.9478115491
       759        2.3140112467
       760       -0.8098482448
       761       -4.0638998577
       762      -12.9478115292
       763      -12.9478115420
       764  1000000.0000000000
       765       -1.4023889416
       766       -4.7865744621
       767      -12.9478115434
       768  1000000.0000000000
       769      -12.9478115507
       770       -5.9762916132
       771      -11.1852273294
       772      -14.3064144052
       773       -0.2329813866
       774        3.2849494352
       775       -8.4179121245
       776      110.8898317251
       777      -13.8718644373
       778      -13.3109000929
       779      -13.8718644371
       780       -9.9110036753
       781      120.2128484298
       782      -12.9478115454
       783      -12.9478115481
       784      -11.7575547413
       785      -12.9478115543
       786      -11.7575547346
       787  1000000.0000000000
       788      -12.9478115512
       789        2.3191187278
       790      -13.8718644212
       791  1000000.0000000000
       792      -12.9478115407
       793      -12.1297369817
       794      -10.2303551852
       795  1000000.0000000000
       796      -12.1297369907
       797      -12.9478115486
       798      -11.1852273571
       799       12.8819165453
       800      -12.9478115139
       801       -1.0389766304
       802      -11.7575547463
       803      -11.7575547424
       804      -12.9478115419
       805      -12.1297369868
       806      -11.7575547546
       807      -13.8718644267
       808       -5.3515667096
       809      -12.9478115493
       810      -12.9478115300
       811      -12.9478115489
       812      -11.1852273568
       813      -12.9478115598
       814  1000000.0000000000
       815      -12.9478115511
       816      -11.7575547183
       817  1000000.0000000000
       818      -12.9478115405
       819      -12.9478115341
       820      -11.1852273545
       821      -13.8718644295
       822      -12.1297369647
       823      -12.9478115376
       824      -12.9478115109
       825      -12.8861654772
       826      -12.9478115527
       827      -12.9478115512
       828       -2.3036616170
       829      -12.1297369844
       830       -1.0135881065
       831       -8.6203657244
       832      -13.8718644287
       833  1000000.0000000000
       834  1000000.0000000000
       835      -12.1297369886
       836  1000000.0000000000
       837  1000000.0000000000
       838       -5.4314898416
       839       74.1923918689
       840  1000000.0000000000
       841      -13.8718644332
       842      -12.9478115529
       843      -13.8718644444
       844      -12.9478115401
       845       -1.0389766645
       846       -5.9292837776
       847      -12.1297369941
       848      -12.9478115413
       849        2.3191187385
       850      -11.1852273012
       851      -12.9478115606
       852      -11.1852273401
       853      -13.8718644232
       854      -11.7575547515
       855      -12.9478115431
       856       -7.5063664633
       857      -12.9478115299
       858        4.6206581168
       859      -12.9478115530
       860       -0.0493803436
       861  1000000.0000000000
       862      -12.9478115430
       863       -4.5139119044
       864      -11.7575547489
       865      -12.9478115510
       866      -12.9478115530
       867      -12.9478115522
       868      -12.9478115521
       869      -12.9478115485
       870        0.7869983252
       871  1000000.0000000000
       872       -7.8892794735
       873      -11.7575547502
       874      -12.9478115465
       875       -3.8792777292
       876       -1.0389766507
       877       -5.4314898224
       878       -6.5819692422
       879  1000000.0000000000
       880      -12.9478115315
       881      -12.9478115430
       882  1000000.0000000000
       883      -12.1297369856
       884      -12.1297369936
       885      -12.9478115220
       886      -12.9478115360
       887      -12.9478115526
       888      -12.9478115405
       889      -12.9478115496
       890  1000000.0000000000
       891      -12.9478115436
       892       -7.5063664730
       893      -12.9478115485
       894      -12.9478115431
       895  1000000.0000000000
       896       -4.9140818496
       897      -12.9478115228
       898       -7.5247586448
       899       -9.9268893468
       900      -12.9478115291
       901      -13.8718644298
       902      -12.9478115547
       903      -11.7575547519
       904      -12.1297369678
       905        0.4794827147
       906       -7.5063664640
       907        2.3938171921
       908      -12.1297369689
       909      -11.7575546497
       910      -12.1297369976
       911      -12.9478115492
       912      -12.9478115530
       913      -11.7575547541
       914       -1.0701305648
       915      -12.9478115542
       916      -12.9478115501
       917      -12.9478115461
       918  1000000.0000000000
       919      -12.9478115315
       920      -12.9478115392
       921  1000000.0000000000
       922      -12.9478115283
       923        8.2339971699
       924       -5.6021833454
       925        3.8697915791
       926      -13.8718644392
       927      -13.8718644199
       928        0.0010340519
       929      -12.9478114510
       930  1000000.0000000000
       931       -7.9489158115
       932      -12.9478115367
       933        1.2869905362
       934      -12.9478115482
       935      -11.7575547365
       936      -12.9478115314
       937      -11.7575547384
       938       -7.8892794888
       939      -11.1852273485
       940      -12.9478115428
       941      -11.7575547495
       942      -12.9478115399
       943       -7.5063664708
       944      -12.1297369682
       945        2.2656831930
       946      -13.8718644393
       947      -12.9478115479
       948      -12.9478115077
       949      -11.1852273464
       950      -13.8718644362
       951  1000000.0000000000
       952      -12.9478115438
       953      -12.9478115503
       954      -13.8718644356
       955       -7.8892794898
       956      -11.1852273329
       957       -7.5247586427
       958       -9.4477721485
       959        2.2656831681
       960       -5.9292838097
       961      -12.9478115397
       962       -0.3910131865
       963       -7.5063664788
       964      -12.9478114936
       965        2.2529160729
       966        0.8694768897
       967       -1.0389766563
       968      -11.1852273295
       969        2.8420802798
       970  1000000.0000000000
       971      -12.9478115515
       972      -12.9478115482
       973       -1.0389766596
       974  1000000.0000000000
       975        6.5438364027
       976       -8.6563906799
       977      -10.7964989942
       978      -12.9478115529
       979      -12.9478115373
       980      -10.7964989809
       981      -12.9478115444
       982      -12.9478115500
       983       -5.3515667466
       984      -12.9478115488
       985      -13.0267428325
       986      -13.3109000905
       987        2.3191187338
       988      -12.9478114918
       989      -12.9478115471
       990       -5.3515667365
       991      -12.9478115421
       992      -12.9478115230
       993      -11.7575547527
       994  1000000.0000000000
       995  1000000.0000000000
       996        1.3337201304
       997      -12.9478115431
       998      -12.9478115545
       999      -12.9478115445
      1000      -12.9478115518
