         1    0.8670085140    
         2    0.8670085240    
         3    0.8670085431    
         4    0.8670085762    
         5    0.8670085269    
         6    0.8670085318    
         7    0.8670085307    
         8    0.8670085338    
         9    0.8670085338    
        10    0.8670085388    
        11    -3.167123070    
        12    -3.167123006    
        13    -3.167122860    
        14    -3.167123061    
        15    -3.167122863    
        16    -3.167122863    
        17    -3.167123054    
        18    -3.167123048    
        19    -3.167122748    
        20    -3.167122748    
        21    -3.167123043    
        22    -3.167122921    
        23    -3.167123053    
        24    -3.167122611    
        25    -3.167123044    
        26    -3.167123047    
        27    -3.167123047    
        28    -3.167122805    
        29    -3.167122826    
        30    -3.167123007    
        31    -3.167123013    
        32    -3.167123065    
        33    -3.167122940    
        34    -3.167123068    
        35    -3.167123017    
        36    -3.167123079    
        37    -3.167123039    
        38    -3.167123001    
        39    -3.167123021    
        40    -3.167122910    
        41    -3.167122910    
        42    -3.167123037    
        43    -3.167123037    
        44    -3.167123063    
        45    -3.167123025    
        46    -3.167123025    
        47    -3.167123054    
        48    -3.167123063    
        49    -3.167122819    
        50    -3.167123061    
        51    -3.167123031    
        52    -3.167123079    
        53    -3.167123061    
        54    -3.167123047    
        55    -3.167122978    
        56    -4.318780777    
        57    -4.318780776    
        58    -4.318780771    
        59    -4.318780771    
        60    -4.318780777    
        61    -4.318780777    
        62    -4.318780775    
        63    -4.318780531    
        64    -4.318780778    
        65    -4.318780761    
        66    -4.318780757    
        67    -4.318780775    
        68    -4.318780776    
        69    -4.318780783    
        70    -4.318780770    
        71    -4.979964774    
        72    -4.979964771    
        73    -4.979964790    
        74    -4.979964789    
        75    -4.979964742    
        76    -4.979964783    
        77    -4.979964764    
        78    -4.979964787    
        79    -4.979964784    
        80    -4.979964785    
        81    -4.979964777    
        82    -4.979964762    
        83    -4.979964744    
        84    -4.979964744    
        85    -4.979964778    
        86    -4.979964778    
        87    -4.979964755    
        88    -4.979964774    
        89    -4.979964774    
        90    -4.979964786    
        91    -4.979964785    
        92    -4.979964773    
        93    -4.979964790    
        94    -4.979964686    
        95    -4.979964093    
        96    -4.979964769    
        97    -4.979964793    
        98    -4.979964769    
        99    -4.979964756    
       100    -4.979964769    
       101    -4.979964789    
       102    -4.979964764    
       103    -4.979964773    
       104    -4.979964783    
       105    -4.979964785    
       106    -4.979964768    
       107    -4.979964773    
       108    -4.979964770    
       109    -4.979964770    
       110    -4.979964785    
       111    -4.979964785    
       112    -4.979964785    
       113    -4.979964786    
       114    -4.979964768    
       115    -4.979964749    
       116    -4.979964767    
       117    -4.979964772    
       118    -4.979964783    
       119    -4.979964783    
       120    -4.979964783    
       121    -4.979964754    
       122    -4.979964746    
       123    -4.979964776    
       124    -4.979964781    
       125    -4.979964767    
       126    -4.979964767    
       127    -4.979964788    
       128    -4.979964766    
       129    -4.979964791    
       130    -4.979964769    
       131    -4.979964769    
       132    -4.979964764    
       133    -4.979964761    
       134    -4.979964792    
       135    -4.979964792    
       136    -4.979964788    
       137    -4.979964772    
       138    -4.979964767    
       139    -4.979964777    
       140    -4.979964768    
       141    -4.979964759    
       142    -4.979964796    
       143    -4.979964744    
       144    -4.979964794    
       145    -4.979964783    
       146    -4.979964770    
       147    -4.979964782    
       148    -4.979964782    
       149    -4.979964774    
       150    -4.979964766    
       151    -4.979964766    
       152    -4.979964782    
       153    -4.979964770    
       154    -4.979964790    
       155    -4.979964784    
       156    -4.979964784    
       157    -4.979964760    
       158    -4.979964784    
       159    -4.979964784    
       160    -4.979964784    
       161    -4.979964801    
       162    -4.979964788    
       163    -4.979964750    
       164    -4.979964750    
       165    -4.979964750    
       166    -4.979964779    
       167    -2.260941727    
       168    -2.260941727    
       169    -2.260941684    
       170    -2.260941754    
       171    -2.260941754    
       172    -2.260941754    
       173    -2.260941760    
       174    -2.260941727    
       175    -2.260941759    
       176    -2.260941740    
       177    -2.260941753    
       178    -2.260941758    
       179    -2.260941751    
       180    -2.260941729    
       181    -12.94781155    
       182    -12.94781156    
       183    -12.94781152    
       184    -12.94781154    
       185    -12.94781154    
       186    -12.94781154    
       187    -12.94781155    
       188    -12.94781150    
       189    -12.94781150    
       190    -12.94781154    
       191    -12.94781154    
       192    -12.94781155    
       193    -12.94781155    
       194    -12.94781152    
       195    -12.94781146    
       196    -12.94781154    
       197    -12.94781155    
       198    -12.94781153    
       199    -12.94781155    
       200    -12.94781154    
       201    -12.94781151    
       202    -12.94781154    
       203    -12.94781154    
       204    -12.94781155    
       205    -12.94781154    
       206    -12.94781154    
       207    -12.94781154    
       208    -12.94781154    
       209    -12.94781154    
       210    -12.94781154    
       211    -12.94781154    
       212    -12.94781154    
       213    -12.94781154    
       214    -12.94781155    
       215    -12.94781155    
       216    -12.94781154    
       217    -12.94781150    
       218    -12.94781155    
       219    -12.94781155    
       220    -12.94781143    
       221    -12.94781143    
       222    -12.94781153    
       223    -12.94781155    
       224    -12.94781154    
       225    -12.94781154    
       226    -12.94781155    
       227    -12.94781155    
       228    -12.94781155    
       229    -12.94781155    
       230    -12.94781154    
       231    -12.94781154    
       232    -12.94781154    
       233    -12.94781155    
       234    -12.94781152    
       235    -12.94781153    
       236    -12.94781153    
       237    -12.94781149    
       238    -12.94781155    
       239    -12.94781135    
       240    -12.94781155    
       241    -12.94781153    
       242    -12.94781155    
       243    -12.94781154    
       244    -12.94781156    
       245    -12.94781154    
       246    -12.94781154    
       247    -12.94781147    
       248    -12.94781153    
       249    -12.94781153    
       250    -12.94781153    
       251    -12.94781154    
       252    -12.94781156    
       253    -12.94781152    
       254    -12.94781152    
       255    -12.94781154    
       256    -12.94781155    
       257    -12.94781155    
       258    -12.94781155    
       259    -12.94781155    
       260    -12.94781154    
       261    -12.94781153    
       262    -12.94781153    
       263    -12.94781152    
       264    -12.94781152    
       265    -12.94781152    
       266    -12.94781152    
       267    -12.94781152    
       268    -12.94781155    
       269    -12.94781153    
       270    -12.94781153    
       271    -12.94781153    
       272    -12.94781152    
       273    -12.94781152    
       274    -12.94781152    
       275    -12.94781154    
       276    -12.94781152    
       277    -12.94781152    
       278    -12.94781153    
       279    -12.94781155    
       280    -12.94781154    
       281    -12.94781154    
       282    -12.94781155    
       283    -12.94781154    
       284    -12.94781156    
       285    -12.94781150    
       286    -12.94781155    
       287    -12.94781155    
       288    -12.94781153    
       289    -12.94781153    
       290    -12.94781154    
       291    -12.94781156    
       292    -12.94781154    
       293    -12.94781154    
       294    -12.94781154    
       295    -12.94781154    
       296    -12.94781152    
       297    -12.94781154    
       298    -12.94781155    
       299    -12.94781154    
       300    -12.94781156    
       301    -12.94781156    
       302    -12.94781156    
       303    -12.94781154    
       304    -12.94781154    
       305    -12.94781154    
       306    -12.94781155    
       307    -12.94781154    
       308    -12.94781156    
       309    -12.94781155    
       310    -12.94781152    
       311    -12.94781155    
       312    -12.94781155    
       313    -12.94781152    
       314    -12.94781154    
       315    -12.94781152    
       316    -12.94781152    
       317    -12.94781155    
       318    -12.94781155    
       319    -12.94781153    
       320    -12.94781155    
       321    -12.94781155    
       322    -12.94781155    
       323    -12.94781154    
       324    -12.94781154    
       325    -12.94781154    
       326    -12.94781154    
       327    -12.94781154    
       328    -12.94781154    
       329    -12.94781154    
       330    -12.94781156    
       331    -12.94781156    
       332    -12.94781154    
       333    -12.94781154    
       334    -12.94781155    
       335    -12.94781150    
       336    -12.94781150    
       337    -12.94781156    
       338    -12.94781155    
       339    -12.94781155    
       340    -12.94781155    
       341    -12.94781155    
       342    -12.94781155    
       343    -12.94781154    
       344    -12.94781154    
       345    -12.94781153    
       346    -12.94781153    
       347    -12.94781154    
       348    -12.94781155    
       349    -12.94781154    
       350    -12.94781154    
       351    -12.94781151    
       352    -12.94781155    
       353    -12.94781155    
       354    -12.94781153    
       355    -12.94781153    
       356    -12.94781156    
       357    -12.94781154    
       358    -12.94781152    
       359    -12.94781155    
       360    -12.94781155    
       361    -12.94781152    
       362    -12.94781144    
       363    -12.94781154    
       364    -12.94781155    
       365    -12.94781155    
       366    -12.94781155    
       367    -12.94781155    
       368    -12.94781155    
       369    -12.94781154    
       370    -12.94781154    
       371    -12.94781154    
       372    -12.94781156    
       373    -12.94781153    
       374    -12.94781150    
       375    -12.94781155    
       376    -12.94781155    
       377    -12.94781155    
       378    -12.94781155    
       379    -12.94781155    
       380    -12.94781155    
       381    -12.94781155    
       382    -12.94781155    
       383    -12.94781155    
       384    -12.94781153    
       385    -12.94781154    
       386    -12.94781154    
       387    -12.94781154    
       388    -12.94781154    
       389    -12.94781156    
       390    -12.94781155    
       391    -12.94781155    
       392    -12.94781150    
       393    -12.94781155    
       394    -12.94781155    
       395    -12.94781155    
       396    -12.94781155    
       397    -12.94781155    
       398    -12.94781154    
       399    -12.94781154    
       400    -12.94781154    
       401    -12.94781154    
       402    -12.94781156    
       403    -12.94781156    
       404    -12.94781156    
       405    -12.94781156    
       406    -12.94781156    
       407    -12.94781156    
       408    -12.94781156    
       409    -12.94781156    
       410    -12.94781151    
       411    -12.94781151    
       412    -12.94781151    
       413    -12.94781153    
       414    -12.94781153    
       415    -12.94781152    
       416    -12.94781152    
       417    -12.94781152    
       418    -12.94781152    
       419    -12.94781152    
       420    -12.94781152    
       421    -12.94781154    
       422    -12.94781154    
       423    -12.94781154    
       424    -12.94781154    
       425    -12.94781154    
       426    -12.94781155    
       427    -12.94781155    
       428    -12.94781155    
       429    -12.94781155    
       430    -12.94781155    
       431    -12.94781155    
       432    -12.94781154    
       433    -12.94781155    
       434    -12.94781154    
       435    -12.94781155    
       436    -12.94781155    
       437    -12.94781155    
       438    -12.94781153    
       439    -12.94781154    
       440    -12.94781154    
       441    -12.94781154    
       442    -12.94781154    
       443    -12.94781155    
       444    -12.94781155    
       445    -12.94781155    
       446    -12.94781148    
       447    -12.94781156    
       448    -12.94781156    
       449    -12.94781153    
       450    -12.94781155    
       451    -12.94781155    
       452    -12.94781154    
       453    -12.94781154    
       454    -12.94781155    
       455    -12.94781155    
       456    -12.94781155    
       457    -12.94781154    
       458    -12.94781154    
       459    -12.94781154    
       460    -12.94781154    
       461    -12.94781156    
       462    -12.94781156    
       463    -12.94781156    
       464    -12.94781155    
       465    -12.94781151    
       466    -12.94781151    
       467    -12.94781155    
       468    -12.94781153    
       469    -12.94781153    
       470    -12.94781155    
       471    -12.94781155    
       472    -12.94781155    
       473    -12.94781155    
       474    -12.94781155    
       475    -12.94781155    
       476    -12.94781155    
       477    -12.94781151    
       478    -12.94781151    
       479    -12.94781154    
       480    -12.94781154    
       481    -12.94781154    
       482    -12.94781156    
       483    -12.94781155    
       484    -12.94781155    
       485    -12.94781154    
       486    -12.94781154    
       487    -12.94781154    
       488    -12.94781154    
       489    -12.94781154    
       490    -12.94781154    
       491    -12.94781154    
       492    -12.94781155    
       493    -12.94781156    
       494    -12.94781154    
       495    -12.94781133    
       496    -12.94781155    
       497    -12.94781155    
       498    -12.94781156    
       499    -12.94781153    
       500    -12.94781155    
