         1    -69.02914619    
         2    -69.02914619    
         3    -69.02914619    
         4    -69.02914619    
         5    -69.02914619    
         6    -69.02914619    
         7    -69.02914619    
         8    -69.02914619    
         9    -69.59167131    
        10    -69.59167131    
        11    -69.59167131    
        12    -69.59167131    
        13    -69.59167131    
        14    -69.59167131    
        15    -69.59167131    
        16    -69.59167131    
        17    -69.59167131    
        18    -69.59167131    
        19    -69.61201365    
        20    -69.61201365    
        21    -69.61201365    
        22    -69.61201365    
        23    -69.61201365    
        24    -69.61201365    
        25    -69.61201365    
        26    -69.61201365    
        27    -69.61201365    
        28    -69.61201365    
        29    -69.61201365    
        30    -69.61201365    
        31    -69.61201365    
        32    -69.61201365    
        33    -69.61201365    
        34    -69.61201365    
        35    -69.61201365    
        36    -70.13273975    
        37    -70.13273975    
        38    -70.13273975    
        39    -70.13273975    
        40    -70.13273975    
        41    -70.13273975    
        42    -70.13273975    
        43    -70.13273975    
        44    -70.13273975    
        45    -70.13273975    
        46    -70.13273975    
        47    -70.13273975    
        48    -70.13273975    
        49    -70.13273975    
        50    -70.13273975    
        51    -70.13273975    
        52    -70.13273975    
        53    -70.13273975    
        54    -70.13273975    
        55    -70.13273975    
        56    -70.13273975    
        57    -70.13273975    
        58    -70.13273975    
        59    -70.13273975    
        60    -70.13273975    
        61    -70.13273975    
        62    -70.13273975    
        63    -70.13273975    
        64    -70.13274264    
        65    -70.13274264    
        66    -70.13274264    
        67    -70.13274264    
        68    -70.13274264    
        69    -70.13274264    
        70    -70.25982585    
        71    -70.25982585    
        72    -70.25982585    
        73    -70.25982585    
        74    -70.25982585    
        75    -70.25982585    
        76    -70.25982585    
        77    -70.25982585    
        78    -70.25982585    
        79    -70.25982585    
        80    -70.25982585    
        81    -70.25982585    
        82    -70.25982585    
        83    -70.25982585    
        84    -70.25982585    
        85    -70.25982585    
        86    -70.25982585    
        87    -70.25982585    
        88    -70.25982585    
        89    -70.25982585    
        90    -70.25982585    
        91    -70.25982585    
        92    -70.25982585    
        93    -70.25982585    
        94    -70.25982585    
        95    -70.25982585    
        96    -70.25982585    
        97    -70.25982585    
        98    -70.25982585    
        99    -70.25982585    
       100    -70.25982585    
       101    -70.25982585    
       102    -70.25982585    
       103    -70.25982585    
       104    -70.25982585    
       105    -70.25982585    
       106    -70.25982585    
       107    -70.25982585    
       108    -70.25982585    
       109    -70.25982585    
       110    -70.25982585    
       111    -70.25982585    
       112    -70.25982585    
       113    -70.25982585    
       114    -70.25982585    
       115    -70.25982585    
       116    -70.25982585    
       117    -70.25982585    
       118    -70.25982585    
       119    -70.25982585    
       120    -70.25982585    
       121    -70.25982585    
       122    -70.25982585    
       123    -70.25982585    
       124    -70.25982585    
       125    -70.25982585    
       126    -70.25982585    
       127    -70.25982585    
       128    -70.25982585    
       129    -70.25982585    
       130    -70.25982585    
       131    -70.25982585    
       132    -70.25982585    
       133    -70.25982585    
       134    -70.25982585    
       135    -70.25982585    
       136    -70.25982585    
       137    -70.25982585    
       138    -70.25982585    
       139    -70.25982585    
       140    -70.25982585    
       141    -70.25982585    
       142    -70.25982585    
       143    -70.25982585    
       144    -70.25982585    
       145    -70.25982585    
       146    -70.25982585    
       147    -70.25982585    
       148    -70.25982585    
       149    -70.25982585    
       150    -70.25982585    
       151    -70.25982585    
       152    -70.25982585    
       153    -70.25982585    
       154    -70.25982585    
       155    -70.25982585    
       156    -70.25982585    
       157    -70.25982585    
       158    -70.25982585    
       159    -70.25982585    
       160    -70.25982585    
       161    -70.25982585    
       162    -70.25982585    
       163    -70.25982585    
       164    -70.25982585    
       165    -70.25982585    
       166    -70.25982585    
       167    -70.25982585    
       168    -70.25982585    
       169    -70.25982585    
       170    -70.25982585    
       171    -70.25982585    
       172    -70.25982585    
       173    -70.25982585    
       174    -70.25982585    
       175    -70.25982585    
       176    -70.25982585    
       177    -70.25982585    
       178    -70.25982585    
       179    -70.25982585    
       180    -70.25982585    
       181    -70.25982585    
       182    -70.25982585    
       183    -70.25982585    
       184    -70.25982585    
       185    -70.25982585    
       186    -70.25982585    
       187    -70.25982585    
       188    -70.25982585    
       189    -70.25982585    
       190    -70.25982585    
       191    -70.25982585    
       192    -70.25982585    
       193    -70.25982585    
       194    -70.25982585    
       195    -70.25982585    
       196    -70.25982585    
       197    -70.25982585    
       198    -70.25982585    
       199    -70.25982585    
       200    -70.25982585    
       201    -70.25982585    
       202    -70.25982585    
       203    -70.25982585    
       204    -70.25982585    
       205    -70.25982585    
       206    -70.25982585    
       207    -70.25982585    
       208    -70.25982585    
       209    -70.25982585    
       210    -70.25982585    
       211    -70.25982585    
       212    -70.25982585    
       213    -70.25982585    
       214    -70.25982585    
       215    -70.25982585    
       216    -70.25982585    
       217    -70.25982585    
       218    -70.25982585    
       219    -70.25982585    
       220    -70.25982585    
       221    -70.25982585    
       222    -70.25982585    
       223    -70.25982585    
       224    -70.25982585    
       225    -70.25982585    
       226    -70.25982585    
       227    -70.25982585    
       228    -70.25982585    
       229    -70.25982585    
       230    -70.25982585    
       231    -70.25982585    
       232    -70.25982585    
       233    -70.25982585    
       234    -70.25982585    
       235    -70.25982585    
       236    -70.25982585    
       237    -70.25982585    
       238    -70.25982585    
       239    -70.25982585    
       240    -70.25982585    
       241    -70.25982585    
       242    -70.25982585    
       243    -70.25982585    
       244    -70.25982585    
       245    -70.25982585    
       246    -70.25982585    
       247    -70.25982585    
       248    -70.25982585    
       249    -70.25982585    
       250    -70.25982585    
       251    -70.25982585    
       252    -70.25982585    
       253    -70.25982585    
       254    -70.25982585    
       255    -70.25982585    
       256    -70.25982585    
       257    -70.25982585    
       258    -70.25982585    
       259    -70.25982585    
       260    -70.25982585    
       261    -70.25982585    
       262    -70.25982585    
       263    -70.25982585    
       264    -70.25982585    
       265    -70.25982585    
       266    -70.25982585    
       267    -70.25982585    
       268    -70.25982585    
       269    -70.25982585    
       270    -70.25982585    
       271    -70.25982585    
       272    -70.25982585    
       273    -70.25982585    
       274    -70.25982585    
       275    -70.25982585    
       276    -70.25982585    
       277    -70.25982585    
       278    -70.25982585    
       279    -70.25982585    
       280    -70.25982585    
       281    -70.25982585    
       282    -70.25982585    
       283    -70.25982585    
       284    -70.25982585    
       285    -70.25982585    
       286    -70.25982585    
       287    -70.25982585    
       288    -70.25982585    
       289    -70.25982585    
       290    -70.25982585    
       291    -70.25982585    
       292    -70.25982585    
       293    -70.25982585    
       294    -70.25982585    
       295    -70.25982585    
       296    -70.25982585    
       297    -70.25982585    
       298    -70.25982585    
       299    -70.25982585    
       300    -70.25982585    
       301    -70.25982585    
       302    -70.25982585    
       303    -70.25982585    
       304    -70.25982585    
       305    -70.25982585    
       306    -70.25982585    
       307    -70.25982585    
       308    -70.25982585    
       309    -70.25982585    
       310    -70.25982585    
       311    -70.25982585    
       312    -70.25982585    
       313    -70.25982585    
       314    -70.25982585    
       315    -70.25982585    
       316    -70.25982585    
       317    -70.25982585    
       318    -70.25982585    
       319    -70.25982585    
       320    -70.25982585    
       321    -70.25982585    
       322    -70.25982585    
       323    -70.25982585    
       324    -70.25982585    
       325    -70.25982585    
       326    -70.25982585    
       327    -70.25982585    
       328    -70.25982585    
       329    -70.25982585    
       330    -70.25982585    
       331    -70.25982585    
       332    -70.25982585    
       333    -70.25982585    
       334    -70.25982585    
       335    -70.25982585    
       336    -70.25982585    
       337    -70.25982585    
       338    -70.25982585    
       339    -70.25982585    
       340    -70.25982585    
       341    -70.25982585    
       342    -70.25982585    
       343    -70.25982585    
       344    -70.25982585    
       345    -70.25982585    
       346    -70.25982585    
       347    -70.25982585    
       348    -70.25982585    
       349    -70.25982585    
       350    -70.25982585    
       351    -70.25982585    
       352    -70.25982585    
       353    -70.25982585    
       354    -70.25982585    
       355    -70.25982585    
       356    -70.25982585    
       357    -70.25982585    
       358    -70.25982585    
       359    -70.25982585    
       360    -70.25982585    
       361    -70.25982585    
       362    -70.25982585    
       363    -70.25982585    
       364    -70.25982585    
       365    -70.25982585    
       366    -70.25982585    
       367    -70.25982585    
       368    -70.25982585    
       369    -70.25982585    
       370    -70.25982585    
       371    -70.25982585    
       372    -70.25982585    
       373    -70.25982585    
       374    -70.25982585    
       375    -70.25982585    
       376    -70.25982585    
       377    -70.25982585    
       378    -70.25982585    
       379    -70.25982585    
       380    -70.25982585    
       381    -70.25982585    
       382    -70.25982585    
       383    -70.25982585    
       384    -70.25982585    
       385    -70.25982585    
       386    -70.25982585    
       387    -70.25982585    
       388    -70.25982585    
       389    -70.25982585    
       390    -70.25982585    
       391    -70.25982585    
       392    -70.25982585    
       393    -70.25982585    
       394    -70.25982585    
       395    -70.25982585    
       396    -70.25982585    
       397    -70.25982585    
       398    -70.25982585    
       399    -70.25982585    
       400    -70.25982585    
       401    -70.25982585    
       402    -70.25982585    
       403    -70.25982585    
       404    -70.25982585    
       405    -70.25982585    
       406    -70.25982585    
       407    -70.25982585    
       408    -70.25982585    
       409    -70.25982585    
       410    -70.25982585    
       411    -70.25982585    
       412    -70.25982585    
       413    -70.25982585    
       414    -70.25982585    
       415    -70.25982585    
       416    -70.25982585    
       417    -70.25982585    
       418    -70.25982585    
       419    -70.25982585    
       420    -70.25982585    
       421    -70.25982585    
       422    -70.25982585    
       423    -70.25982585    
       424    -70.25982585    
       425    -70.25982585    
       426    -70.25982585    
       427    -70.25982585    
       428    -70.25982585    
       429    -70.25982585    
       430    -70.25982585    
       431    -70.25982585    
       432    -70.25982585    
       433    -70.25982585    
       434    -70.25982585    
       435    -70.25982585    
       436    -70.25982585    
       437    -70.25982585    
       438    -70.25982585    
       439    -70.25982585    
       440    -70.25982585    
       441    -70.25982585    
       442    -70.25982585    
       443    -70.25982585    
       444    -70.25982585    
       445    -70.25982585    
       446    -70.25982585    
       447    -70.25982585    
       448    -70.25982585    
       449    -70.25982585    
       450    -70.25982585    
       451    -70.25982585    
       452    -70.25982585    
       453    -70.25982585    
       454    -70.25982585    
       455    -70.25982585    
       456    -70.25982585    
       457    -70.25982585    
       458    -70.25982585    
       459    -70.25982585    
       460    -70.25982585    
       461    -70.25982585    
       462    -70.25982585    
       463    -70.25982585    
       464    -70.25982585    
       465    -70.25982585    
       466    -70.25982585    
       467    -70.25982585    
       468    -70.25982585    
       469    -70.25982585    
       470    -70.25982585    
       471    -70.25982585    
       472    -70.25982585    
       473    -70.25982585    
       474    -70.25982585    
       475    -70.25982585    
       476    -70.25982585    
       477    -70.25982585    
       478    -70.25982585    
       479    -70.25982585    
       480    -70.25982585    
       481    -70.25982585    
       482    -70.25982585    
       483    -70.25982585    
       484    -70.25982585    
       485    -70.25982585    
       486    -70.25982585    
       487    -70.25982585    
       488    -70.25982585    
       489    -70.25982585    
       490    -70.25982585    
       491    -70.25982585    
       492    -70.25982585    
       493    -70.25982585    
       494    -70.25982585    
       495    -70.25982585    
       496    -70.25982585    
       497    -70.25982585    
       498    -70.25982585    
       499    -70.25982585    
       500    -70.25982585    
