     -5.28802391976063024259     -1.99189890287564863591     -2.54734035554973781146
     -5.01907957384101077736     -1.71090055390726614171     -1.52955825419819912980
     -5.86076423658431089336     -1.90645769707870371690     -0.86555908456596442058
     -4.77531366259811829167     -0.64928914255392533583     -1.50269806277884865331
     -3.81331382105779681524     -2.51779709202641610588     -1.08639213290435754367
     -3.87344711414470221911     -3.25007133959063532203     -0.09971765107746929924
     -2.69906548704040982756     -2.37376830777853964349     -1.80086160845268161701
     -2.70258755031761799259     -1.73444228052233739845     -2.58564942030471112133
     -1.44392439033398267689     -3.10622460136936551223     -1.54451002373197954221
     -1.67486892384882990470     -4.16840709523760821753     -1.44805521426192118639
     -0.50371540498789924012     -2.95043128355330797064     -2.75200753137913523005
     -0.96419033723539737668     -3.43390923217298382752     -3.61595537345212703073
      0.43984961217202905859     -3.45773162507051035064     -2.54097128119897375242
     -0.25560459267009438822     -1.57955563144404087517     -3.06213373310472647404
      0.34406555564881974307     -1.53044853959910587271     -3.83917425440128390335
     -0.72645593000800801065     -2.69838460974102556378     -0.23951136310508885918
      0.15502321270951774368     -3.41885903513168143419      0.23904537561509275889
     -1.13213839006155914113     -1.58230747230994972519      0.38252964042247661336
     -1.83835444293702909846     -1.02520886227257079781     -0.07917030803830035768
     -0.64699381034357017484     -1.12542695221753152879      1.69598495949825767148
      0.41235357060319566269     -1.37258520982945730893      1.78637711200388138444
     -0.78640556706558506495      0.40906247138056922585      1.77568372037740829228
     -1.83073930282900754207      0.68592371676860808272      1.61761856323087815923
     -0.49690626207941207548      0.72907804435239731422      2.77740951249709278059
      0.09999835992074219970      1.13958813540667525110      0.74872501597863416745
      1.14424598260253373994      0.87314593504109883071      0.91919956321275708699
     -0.17261432651559638352      0.81800696678753581637     -0.25707476192452771713
     -0.04507400728142472307      2.66833682858460852216      0.80816925000301620408
     -1.09455331469329641969      2.93348716932108199984      0.66496067828354576967
      0.53067875962436195092      3.09564313014548408987     -0.01517999289433938186
      0.46445356575406637756      3.25476603545083698066      2.13458938728124536510
     -0.12951202304290743150      2.84659310059247783187      2.95758075971320710806
      1.50256840065660868255      2.94132248651935501726      2.28223177873837856922
      0.38182805004042186248      4.74032867061187168645      2.14875451767231417932
      0.94008492720458269876      5.14505577990142271005      1.40945346410629612777
      0.72015719968216762581      5.11246605316000746200      3.02609683665986839429
     -0.57127383504676176873      5.05555430100134817195      2.02935282251750903626
     -1.34894921749939245004     -1.82020953044108013685      2.88888647965742562107
     -0.93190469557849953119     -1.64041494486584871204      4.03842996756741356990
     -2.39921580560053815390     -2.61332957952362310294      2.63604011860161069336
     -2.68012515334498324648     -2.71558877697092304615      1.66878443059304970575
     -3.16598647193414306500     -3.33984461568590340619      3.64408074169732154601
     -3.96689021672822850206     -3.90291319279747517257      3.16235624903935175212
     -2.51599767726962175729     -4.03487664091958908585      4.17849951803066055334
     -3.60456618892736058157     -2.63904191168389035127      4.35660750644971628276
