     -1.62327824981038504326      2.86852141755273359891      4.96191317562805433994
     -1.91791822594002181468      3.62729669072792981765      5.68621228201990813744
     -1.09228943201698580623      3.81296841934161179211      6.37282466881445586182
     -2.16554255215679258839      4.54881667759454444422      5.16023492450560272715
     -3.13241362671254597316      3.14566774644536062411      6.45715409228344583425
     -3.08841072479655665006      3.00563577472595522266      7.67854352207863133373
     -4.22302079937608088045      2.86679183698824813220      5.74610912548163632607
     -4.18970078189028694027      2.97471041649446776844      4.74018031800595451841
     -5.50664736933584020306      2.42727604309805577998      6.32640036183214249377
     -5.77084509009688595427      3.10539678603901458942      7.13955221176894738733
     -6.61308009245341921201      2.53483089883338186254      5.26318005375047182071
     -6.74296362050238506924      3.58693813201014943814      5.00166567567080821988
     -7.55253452283579651549      2.17015302603815563032      5.68344910417533366598
     -6.29361819779465569979      1.79714918325954164935      4.08385118764489973842
     -7.02299268679897981116      1.90155966238190776707      3.43360078178284711115
     -5.47447087463507298111      1.00954577333043404863      6.93717137514042914148
     -6.37076865377722612038      0.63903890570909027691      7.70163826505265625144
     -4.42090934983363581523      0.22733964074364063079      6.66288828009113931472
     -3.73780528275298573604      0.58337363479550208289      6.00794581240732661342
     -4.17120261424609228840     -1.09309424098823870786      7.26551562319469379503
     -5.12650415100746226216     -1.59971088354329005199      7.41431135403597085798
     -3.33095060074458793054     -1.93793262488675188671      6.28606431861337799916
     -3.09712215695093240342     -2.89385467627687553716      6.75862765523245823118
     -2.39094316399979645027     -1.42256912366292542771      6.07842075615516819198
     -4.06450532497965255629     -2.22147123713870797701      4.96365451365182952514
     -4.26806563956605433674     -1.28272706371288047755      4.44660472036489196057
     -5.01099669237837108682     -2.71608307276334892677      5.18404115583631952546
     -3.21448625749790473094     -3.11695601887746143177      4.04852137580677684525
     -3.02303030225647084706     -4.07291802171759798057      4.54014493379205852364
     -2.25355556220436215042     -2.62689248714616319091      3.88009503608885619741
     -3.87232161664929863676     -3.35882071295204820416      2.67968192306659869217
     -3.13792643552474581625     -3.84248621796455092081      2.02832834349827528797
     -4.12268867432388219640     -2.39253891405513074986      2.23122970770226469739
     -5.08870945657639062176     -4.21386959287518525485      2.76519562179943712010
     -5.47456944354217789339     -4.38043367530127891740      1.84517522691060276152
     -5.81045893703428806276     -3.77815600465978818079      3.32252852865512071645
     -4.87479719894539531566     -5.11425973946183720642      3.17257455175862279617
     -3.50681912586812671861     -1.01942656007454823808      8.66236258940155146036
     -3.38026084551005023826     -2.04595588011040296905      9.33912004716363419732
     -3.08868741976306848684      0.17384224350135588089      9.10655066172771476829
     -3.23062755051342920254      0.97030520800097463940      8.49792001828478227310
     -2.44759559188779496353      0.41320642762326109665     10.39635441188825559777
     -2.20719597536624378975      1.47274358331186072668     10.49703824760678294581
     -3.11901855572757513713      0.12359368335895473678     11.20658233755522203978
     -1.52641444152012661917     -0.16757442186872029133     10.46909568342886842629
