     -3.86515786348524725824     -1.96353612135171884390      1.38417875078244678733
     -4.33849739660924349494     -1.92112574717556872095      2.36465108603464901904
     -4.32325150271808933411     -0.89465224282020006097      2.73027594122093342222
     -5.37056340935966325389     -2.26004144090505754150      2.28020517577173720269
     -3.58922159131895579520     -2.82328040616258224560      3.32699677790739078986
     -3.07194863197504020036     -2.36497955794277769925      4.34466835950375962483
     -3.51121083335509087675     -4.11267616175114270050      3.00240424948756867707
     -3.99688283223892826257     -4.42689870042101762948      2.17212062477054246301
     -2.92563059432855965269     -5.15864166660988754387      3.86519612817004176719
     -3.40840247361828918571     -5.11690142162203542853      4.84246081305452946708
     -3.21008306748454241841     -6.54530730715679442966      3.26298220150970319509
     -2.84847660676319636153     -7.31268355011743587113      3.95057985156653002079
     -2.66536533697909927554     -6.64138934025299221275      2.32123902804678072798
     -4.60342129929371601804     -6.74183879836446298128      3.02588793385748244802
     -4.74314758318269191761     -7.64352638638949333227      2.66002275426707779360
     -1.40858279372774020111     -5.01082465961655287856      4.11051177185613436649
     -0.86388806523496275425     -5.62446971121414307504      5.03218499410548059103
     -0.71799463297029131326     -4.17554556039712831961      3.32166539141741390395
     -1.22277557795215208181     -3.71514093612081808260      2.57514571300389683017
      0.70765814572571428265     -3.84554974458536458215      3.48759037891824652533
      1.22913658121153424041     -4.71764202858110870409      3.88399474124296073541
      1.30452274112832644626     -3.50468813866794892675      2.10478458297164205959
      0.81777870582648792830     -2.60272114288028744156      1.72864294546231045402
      2.36349854153017835401     -3.27032899608633931265      2.22349563530217242402
      1.16194074711592176818     -4.60488135714434321244      1.03292100707513401225
      1.63485375251572184752     -4.24856563202066439544      0.11662472545711939642
      0.10402641282742985940     -4.75163398930216018812      0.81191933651083947332
      1.77446420235206736571     -5.96844437578009667789      1.39621324394529233714
      1.59786619522002748539     -6.64952753796981710366      0.56132250995381760550
      1.26797316402628079679     -6.37621030649510789345      2.27263084058200437454
      3.28659575715942597895     -5.87509161480518216081      1.65682559723182021294
      3.76641566620330880966     -5.42800714180670951237      0.78050651944094096013
      3.46391518854286495355     -5.21214324061339517868      2.50895272915530087587
      3.88450698635652624802     -7.21079106548801362919      1.92775682537888815027
      4.87915309684170939164     -7.13405560418337270079      2.09449161273081774226
      3.46973206770283448819     -7.64172383837398072615      2.74290004162041212155
      3.75451724902027361708     -7.83572813414704860691      1.14360618635147459621
      0.96639787595869230952     -2.70963409092964724323      4.50742183064667489845
      2.12490552324730996858     -2.43086493439409423445      4.83499763377673996700
     -0.08724298842638081308     -2.05821537268674203958      5.01773745715169816606
     -1.00722848784254770393     -2.34427706025256776812      4.70354808266860047183
     -0.01276118761398291335     -0.96962410943362653537      5.98798008348944499346
      0.46824792286772892735     -1.31761940371022134855      6.90377948700066390586
     -1.01845713913821311891     -0.62022284888776590961      6.22679498865536817931
      0.56186480525038640099     -0.13905098888181180450      5.57429297111542076948
