     -4.34558758648967735638     -1.74488326604700239031     -2.41856141406848701436
     -3.43890560299756620211     -1.47085871174108007153     -1.88003432732127806482
     -3.64474505186413200164     -0.61653497552741798327     -1.23555238413883605730
     -2.66198506146897662106     -1.20558203595172375167     -2.59640521921039724162
     -2.97466076071110352430     -2.64826726349454366627     -1.04398530939884870428
     -2.87446186224076027926     -2.55081016126827186952      0.17815559944486880628
     -2.66903086128322941661     -3.76631856105643558763     -1.70072461159540888609
     -2.81047324193796876912     -3.78747032379798742596     -2.70303043882405358289
     -2.29572338551692034514     -5.04101406393083273372     -1.05498245743108953754
     -3.07652882635423763347     -5.31646083408359526601     -0.34441919407339083303
     -2.20604839994881851695     -6.15111079387543657759     -2.11774975898576656164
     -1.35078673873943810868     -5.94576624150629484689     -2.76455311817777404926
     -2.03547901294335265021     -7.11047776305967804689     -1.62475363841658326791
     -3.38138356141832030488     -6.23053889582160369542     -2.92510095289078364544
     -4.12345175417402121099     -6.58786292513386140257     -2.38863267606389095832
     -0.97256013150792008926     -4.98796103031872739564     -0.26079754890036760395
     -0.71196539351037058108     -5.85722388436866570061      0.57546482052404746010
     -0.14747187451681695314     -3.95322821620240993923     -0.47492616216572164367
     -0.41040724361183972269     -3.28939409395722659468     -1.19097686645814859752
      1.08264235050997159604     -3.68668924011774734595      0.28957638300166216316
      1.58360430029831178445     -4.64019620563551082881      0.46703642761825892027
      2.02992624362356632872     -2.82739629773620038122     -0.57301584067542721268
      2.20227841188196382660     -3.34216950054358363786     -1.52030369510497820329
      2.99052888945879802307     -2.74851287249826947701     -0.06041931350479524954
      1.50446115614789333037     -1.40857205856879219574     -0.86051279430575999818
      1.35399027093439561220     -0.87690413994552607324      0.08001782835734130850
      0.55100741957621202083     -1.46886411532219640641     -1.38702337892246796436
      2.50070317802635155857     -0.62191466097382253064     -1.72291329272405402406
      2.65097234357967881380     -1.14693316040293935565     -2.66862592102379858616
      3.45607927508368373282     -0.55500403144245347153     -1.19816658737346370955
      1.96357618095280384019      0.79024554239567823544     -1.99691849797837650549
      1.79583250904052782460      1.29586836623619805486     -1.04088184546498041527
      0.99822809728157257947      0.70862484309034168284     -2.50601511960706835325
      2.90485409626381985149      1.58766394147014300309     -2.82868508638374560604
      2.53830863387810357068      2.51434161706497594224     -3.00059719633930832572
      3.79973717286194601073      1.69272870839798672549     -2.37026270571334984893
      3.06241127837319293548      1.14935351839004074037     -3.72592968762917386982
      0.84206243621458298776     -3.07236696464792480299      1.69026610914390307272
      1.77997886380175485144     -2.97739837713928467977      2.48909245592954464499
     -0.39404888046758052011     -2.65792430205725827008      1.99870498942393481911
     -1.11092801846154620726     -2.76514483748595818469      1.29049853930129554413
     -0.78495986093967295982     -2.05714749293758503157      3.27045036122231369546
     -0.21149654841259826754     -1.14500516013621367328      3.44446077140771977909
     -0.60085868001646192127     -2.75786511768708031411      4.08667785794980531477
     -1.84727823571421745363     -1.80911391196721860197      3.24906453589703136942
