     -1.75697704574144508705     -0.33048230191321165128      4.16696819842361687591
     -1.77870984754201844069      0.75198297478008946371      4.28918915407571610388
     -0.85321378637006173307      1.08224493915350161721      4.76032191738317056462
     -1.87458920688816510491      1.22192265854906834122      3.31085182223690699388
     -2.96450693107823637362      1.13963698221871023719      5.15227470571940493471
     -2.80091935354669940850      1.72997590859794159179      6.21906028183289105726
     -4.17009553681127353997      0.79089361950855563421      4.70765163373898598564
     -4.23941860274750048632      0.28138380218146175071      3.83572450061671377242
     -5.43706404484096506025      1.11939019693556018886      5.38917090838941081898
     -5.43649591959596989454      2.18380075409760054939      5.62978377366945270666
     -6.61428236255619950157      0.86750457355550503191      4.43159478828110398041
     -7.55188722604100792779      1.07043393811922604719      4.95305388171407479092
     -6.53453899260342030431      1.56141649038071772537      3.59236159312878466920
     -6.61951725308313232432     -0.46952173300805555289      3.93222421600328209124
     -7.38413065563893145082     -0.58158589197676535676      3.32511629181420786949
     -5.65187560380970399621      0.37334419199021873226      6.72380392740766819060
     -6.50454012522916702466      0.76482484126435579253      7.52678762993555494631
     -4.84812974859838252684     -0.66194604769482645601      7.00560810696600011482
     -4.19091199544761217055     -0.94561013142868211023      6.29162400604288674089
     -4.83352222237803186289     -1.39394000900254999564      8.28367671813474792941
     -5.85195961519167706655     -1.44355589393812655530      8.67322804433954530623
     -4.35120008834714777635     -2.83667730204116619319      8.02808802912233510085
     -3.35110153189320669753     -2.80659829630985324656      7.59242509832728451613
     -4.29254637096817592834     -3.36050886772812562597      8.98405263184489832895
     -5.30313577818096160144     -3.62181956780373459637      7.10588254994501955508
     -5.31267845066866151171     -3.17093992925086887169      6.11257335609193130921
     -6.31275626393235711475     -3.56513255379093019215      7.51547224040228734054
     -4.92265354670007226900     -5.10461586283009260967      6.97315834091702502207
     -4.90819762514437574197     -5.56047164140067362581      7.96523337519550089780
     -5.69292954204940393481     -5.60138711621516893757      6.37998154508321491107
     -3.55868071903288951674     -5.29761683927521787041      6.29139647645022215272
     -3.57860653721942867378     -4.79974192512307507030      5.31697819710799635118
     -2.78513958911175940614     -4.81755522302081207187      6.89810583986373782039
     -3.23070505290266307696     -6.73797849016988070758      6.11284688595986835935
     -3.92060974757434266280     -7.20195251303601136073      5.53766999410744453769
     -3.19125263871681719152     -7.21775144084877773309      7.00186736137413934244
     -2.33181714742575429966     -6.85093611583212069860      5.66345826144017294723
     -3.99201331207594867223     -0.70128536347799064199      9.38373123415852106177
     -4.01271181471342242020     -1.13610533606515451410     10.54053871278351550700
     -3.25999450872077245478      0.36928446269577364092      9.04605587688591405993
     -3.29723867994196773168      0.66999891177133930054      8.08006829601177400946
     -2.41734311572031579374      1.13397803872931857150      9.96100121657140746834
     -3.02427699346261391611      1.55375211825708237079     10.76510328497869828368
     -1.65016190578382571097      0.48756064784271674339     10.39082398355701108983
     -1.93227847785680917347      1.94862434077744239858      9.42098784589618354346
