     -5.41131420681003127982     -2.29709252224725313241      0.57214332482843921479
     -5.12832175363390074807     -3.34793406488943867672      0.51519908414385984230
     -6.01387900642279316088     -3.95094808271475228523      0.31675548888918986234
     -4.41080723230140048230     -3.48680456519903136936     -0.29293510791231663903
     -4.50408653666747671451     -3.78633165918559866370      1.82644016459342961589
     -4.37765033406883130596     -2.99331869657572680055      2.75835616258267180001
     -4.09204019055920920067     -5.05089345158598312935      1.90090249834410740526
     -4.26797567292286572638     -5.65904987557518346364      1.11133141486695730116
     -3.56304473846972058482     -5.68784132928248187255      3.12407247546183564069
     -4.29460582466793105993     -5.56980315878190701540      3.92458493760014137663
     -3.37402076089976743489     -7.19525249577987402461      2.88357861642778345868
     -2.58233856669238504011     -7.34011813018780134854      2.14534325409393833439
     -3.06517854824325475249     -7.66831135176109235374      3.81805612610932021411
     -4.57446440469228399195     -7.80928571717931241380      2.41661019361340834166
     -4.41617878087642612428     -8.77184114844964923918      2.29441782754316303539
     -2.23846622274604722946     -5.08280289429210618835      3.63668636023261981904
     -1.86768004683968147361     -5.28592071898977788891      4.79608922006244409175
     -1.53586883503644311411     -4.30116739868976782901      2.80431840107038610199
     -1.88406074512726440240     -4.19527011050665787906      1.86085366441350874567
     -0.32530812370978817727     -3.55048257786521226365      3.17826435009822150235
      0.27966582099240588910     -4.18746910608774491891      3.82628021739735579843
      0.50425739425488103063     -3.27593174161701528035      1.90680271384868538220
      0.70476572894088318488     -4.22783910801059814588      1.41098670209337262449
      1.46471238521205893157     -2.85029082130366040460      2.20375424141665643418
     -0.17156316052160094920     -2.31986015999966621592      0.90578741552379693491
     -0.34046759208196497593     -1.35584117065457832041      1.38571107783509583911
     -1.13201361393882438122     -2.73274084130352035160      0.59454085531729949921
      0.71171190879708290389     -2.12433019600855610420     -0.33687385611382147932
      1.67369464484933883064     -1.69870433131046105757     -0.04392483065156238542
      0.90018834611968179260     -3.10227932818553231442     -0.78431236175657592646
      0.05217248681905772151     -1.23335349964260032607     -1.40318345800965293968
      0.64341780615373822538     -1.30660964252266320607     -2.32124094957489690572
     -0.94595221463392420436     -1.62350550089426048928     -1.62496216226756118317
     -0.03468535026748623129      0.19581028358244664811     -0.99211705037857145228
      0.88105481708247057604      0.57438784462333025704     -0.79005415608492246538
     -0.43779840329594671422      0.75661172048867708639     -1.73130363553342814242
     -0.61374112801589253419      0.31396140666713545642     -0.17230978127212148721
     -0.59956970226374983746     -2.26366148531193633886      3.99429964144833560269
      0.34060040265813107396     -1.65342996499791738962      4.51421328569227053862
     -1.86658981091220343984     -1.84518369795839842773      4.11402670253215063667
     -2.58367791699584969933     -2.39613516542344751059      3.65637967571020450208
     -2.29253749662251804509     -0.65679165783035564630      4.84724293117407700748
     -3.37574704553171223154     -0.54799796852450199935      4.77417270652119096752
     -1.81797673643107127184      0.23166707369309050280      4.42707144933782359431
     -2.01566384472268023131     -0.74787807893827684680      5.89899792270872680433
