     -1.97516771209065122861     -1.22612765300948534097     -1.70035806453995186338
     -2.78645779391483428000     -1.16849549444459754888     -0.97532698076843094004
     -3.72329164492457032054     -0.98012019950999396123     -1.49883775108578221058
     -2.59172874736570157950     -0.35445687843861972688     -0.27744988973414708155
     -2.88575940770711447669     -2.48150372906456961886     -0.22222377598641609997
     -2.73868088379727758763     -2.52014902103454918603      0.99846169916884097706
     -3.11319272014944559146     -3.57447966417574969356     -0.94806639812333848294
     -3.19907595500563379787     -3.48341010516813387454     -1.95263910468734480652
     -3.27447997205969620893     -4.92946680195674780123     -0.38554802056998371818
     -4.01123840664718667171     -4.88661744497627026362      0.41838289145971269134
     -3.83103074426880674253     -5.87166362304897671009     -1.46652620213181572595
     -3.90668265631411548711     -6.88172511416674392848     -1.05873389430832998137
     -4.83483271511693413203     -5.53731476352353801929     -1.73631587222677286064
     -3.01322119566294066573     -5.88344202418493011919     -2.63612720630426577983
     -3.40661099773141229363     -6.49655566826589758733     -3.29594374026887537710
     -1.98727881125779060056     -5.51345946489996840967      0.23583852439609861995
     -2.04676854744220504401     -6.47682759164049848266      1.00597560620966564038
     -0.82434038468476711348     -4.90256795033013226259     -0.03174259480565477798
     -0.84518304795035059662     -4.14221811885430479805     -0.69717124424391807569
      0.46425460204341068016     -5.22805813774551975115      0.60151209693678187040
      0.52852882665830680509     -6.31344982107977070740      0.69800325858938105927
      1.60720219590919088937     -4.78472759080594656211     -0.33554063324155358750
      2.55356884703564501748     -5.13244248125565327712      0.08302683501052118831
      1.46939937656527552789     -5.27800430397072251054     -1.29890197277207963822
      1.68866514644769183384     -3.25910846021649369675     -0.54636490613466748290
      1.78170852449219152547     -2.76861121854799918651      0.42315517106449768159
      0.77394584942321520415     -2.90226103561384896068     -1.02158691812286583911
      2.89117110018447531772     -2.83811209492632432472     -1.40564386336679136846
      2.92872969750293243862     -1.74709119559368519781     -1.42661659080616032291
      3.80873056238570084631     -3.20230732666930340002     -0.93890931942458222270
      2.79520477752831775220     -3.36607837175624835524     -2.84622660310068109624
      2.77830446105623751762     -4.45982519499267837659     -2.82547717367865480753
      1.85276436962048363100     -3.02416313793025981482     -3.28520781551906848605
      3.93587730231718468943     -2.90094978635210898332     -3.68095890222649479995
      4.81887741914769751617     -3.21822220175845075119     -3.30441581634673298140
      3.96333197484464294647     -1.89174001225099752688     -3.73428201190764808004
      3.86062983410002180662     -3.25517575214284748952     -4.62521410861965343031
      0.62632775636881599102     -4.67031025158860568780      2.03703306062481237504
      1.58977678056774451854     -5.01973380016999914943      2.72735583434510964196
     -0.29747478239455604765     -3.81419339184011718658      2.49431518943508434560
     -1.05768132126448155539     -3.57369323651744164039      1.86996935850627710174
     -0.28878914566422342336     -3.19805134671656032808      3.81776147314251446119
     -1.15332410651363170828     -2.54084544306753468135      3.92352200586424793016
      0.62134010502647207819     -2.61041233241227699224      3.95006050371171957281
     -0.33317052928417872915     -3.96910185919093505547      4.58889362932974798071
