     -2.57577879682350197044     -3.75345099533893700183      0.20749634403564551355
     -3.29573627569255434011     -3.13694987376595602058      0.74489292991017719281
     -3.12873092563079424622     -2.08818610848428010129      0.50034973289977069388
     -4.30469111408088433990     -3.42163926277255470154      0.44797267821543956812
     -3.13062026104489321554     -3.35169827834476796724      2.23743427842611941614
     -2.83575622511469171982     -2.41599210244520890001      2.97959429686330157239
     -3.29637398093253253251     -4.59395980405908055388      2.68742859706007131138
     -3.51161072442250032921     -5.32797319906700739267      2.02432316272660406398
     -3.20721984093883083489     -4.98420210011135456085      4.10804886738705832272
     -3.84158352477597997421     -4.31572458820245863365      4.69258050291107942087
     -3.75847870029184738527     -6.40924695927512910743      4.28532649952438049468
     -3.64948234162318962959     -6.70948994814368049333      5.32946281819262868140
     -4.82290029146967480500     -6.40337964314399155086      4.04207022192105025482
     -3.09228103308456603315     -7.34772043433873278673      3.44130739538297714120
     -3.47659313036325379187     -8.24029259525937263220      3.58857009918795988312
     -1.78855654304075706307     -4.87034298494025730264      4.70683110968460738377
     -1.62625180079310682757     -4.85608948310880617072      5.93084773944038534665
     -0.75800855542888190275     -4.71904380875841944487      3.86292266663723182774
     -0.95895721227545027698     -4.77662357429650619167      2.87407763682606542943
      0.62889794951829969261     -4.43597337748690812020      4.26740208736792681066
      0.85175472454610312578     -5.03778719651702555637      5.15040009571082446627
      1.58116903813539599888     -4.89977156396444968323      3.14533174702860529592
      2.60468898670348192326     -4.82654439131358614645      3.51559733664968909750
      1.38020044978103872957     -5.95119226149581148633      2.93030684265518281961
      1.45393016961111842811     -4.08629234379988126591      1.84117877670787044586
      0.41910155199048787500     -4.11549885733739806426      1.49818718504520131951
      1.71984430942398369702     -3.04540649428736109883      2.03012301968569230937
      2.34166085325205175494     -4.62793067790757017832      0.70974543671497491992
      2.12218585426093531154     -4.05941150454042443130     -0.19623338325915160030
      2.08825110430156479779     -5.67412304412434220779      0.52623372105166654755
      3.83986886753321687848     -4.50382789326427257492      1.03097349226727241778
      4.06712201925511074307     -3.45658137077798155445      1.25337463399217940996
      4.06353020072815418473     -5.09293703961251864598      1.92532906935095948775
      4.68697077180093213400     -4.97217629488542378624     -0.09916343933131695210
      4.50693698757649219289     -5.94348413293819710645     -0.31420923246221760250
      4.51536219036962815920     -4.42979644714963249896     -0.93489809201296114605
      5.66916954994429200809     -4.88513081295245932267      0.12546005563771753244
      0.88264372656101475201     -2.96659319130649468121      4.68484363394068470399
      1.95843630240937049969     -2.65257092431124652521      5.20522508612877565781
     -0.08610311403226911242     -2.06723461358930515885      4.46567080822054318645
     -0.93922161254032776601     -2.39947021592357190301      4.03277948185112755652
     -0.00387226350401541916     -0.64761238358959127837      4.79601251893223690104
      0.82962486852736605503     -0.18770293975397300823      4.26223090133559256998
     -0.92937930836087589981     -0.14791690826999079333      4.50571633457403741829
      0.14495760251868081148     -0.52214775323305095966      5.86990622466525113765
