         1      -67.4283718132
         2      -65.1550620910
         3      -68.2308507785
         4      -69.0291461938
         5      -69.0291461938
         6      -68.2308507785
         7      -67.4046315310
         8      -69.0291461938
         9      -69.5916713108
        10      -69.5916713108
        11      -67.3651167925
        12      -69.5916683626
        13      -69.5916683626
        14      -69.5916683626
        15      -68.6475404091
        16      -65.7529868772
        17      -67.3651138398
        18      -69.5916683626
        19      -69.6120136548
        20      -69.6120136548
        21      -67.9986136041
        22       66.8328005487
        23      -69.5916683626
        24      -66.6134264577
        25      -69.5916683626
        26      -69.5916683626
        27      -66.6134264577
        28      -65.2999639917
        29      -69.5916683626
        30      -69.5916683626
        31      -69.5916683626
        32      -69.5916683626
        33      -69.5916683626
        34      -69.6120136548
        35      -65.3877107443
        36      -70.1327397475
        37      -69.5916683626
        38      -69.1822364623
        39      -70.1327397475
        40      -66.3037473484
        41      -66.2518723533
        42      -68.5306665850
        43      -70.1327397475
        44      -68.6402086800
        45      -66.2518723533
        46      -68.7127209066
        47      -68.6340143212
        48      -70.1327397475
        49      -68.7127198951
        50      -68.7127198951
        51      -67.9701017184
        52      -70.1327387382
        53      -67.2676074803
        54  1000000.0000000000
        55      -70.1327387382
        56      -69.1822354596
        57      -70.1327387382
        58      -70.1327387382
        59      -70.1327387382
        60      -68.9376266369
        61      -69.3719494961
        62      -70.1327387382
        63      -69.4543321675
        64      -70.1327426417
        65      -67.6400330135
        66      -70.1327426417
        67      -70.1327426417
        68      -69.1822393596
        69      -70.1327426417
        70      -70.2598258537
        71      -70.2598258537
        72      -68.7127238073
        73      -70.2598258537
        74      -69.1380349053
        75      -70.2598258537
        76      -67.3170637489
        77      -67.1924315709
        78      -70.2598258537
        79      -70.2598258537
        80      -70.2598258537
        81      -67.2435554686
        82      -68.6402116721
        83      -70.2598258537
        84      -69.4650451469
        85      -65.0541377554
        86      -70.1327426417
        87      -67.6400300907
        88      -69.3719533777
        89      -63.5393306911
        90        3.7941617145
        91      -68.4692400331
        92      -70.0890533272
        93      -70.0890533272
        94      -70.0890533272
        95      -70.0890533272
        96      -68.9417528872
        97      -70.0890533272
        98      -70.0890533272
        99      -66.5647626968
       100      -70.2132807979
       101      -70.0890505475
       102      -66.8414183763
       103      -68.7907746809
       104      -68.7907746809
       105      -68.7907724969
       106      -68.6301625719
       107      -63.6656903870
       108      -67.8490189504
       109      -68.6301625719
       110      -68.6301625719
       111      -68.6301625719
       112      -65.1894953211
       113      -68.6301625719
       114      -68.9417485680
       115      -68.9417485680
       116      -68.9417485680
       117      -68.9417485680
       118      -65.8167921237
       119      -69.0712973902
       120      -70.2132795211
       121       65.8637127754
       122      -68.7507396207
       123      -70.2132836308
       124      -64.2761913026
       125  1000000.0000000000
       126      -69.3961843117
       127      -69.3961843117
       128      -67.9692806245
       129      -69.4166441225
       130      -64.3784953076
       131      -69.4166441225
       132      -69.4166441225
       133      -68.9236874367
       134      -67.2533561004
       135      -65.7160406385
       136      -69.4166441225
       137      -69.4166441225
       138      -69.4166441225
       139  1000000.0000000000
       140      -68.0853797423
       141      -68.7188079817
       142      -62.8233584698
       143      -69.5293312888
       144      -69.5293324616
       145      -69.5293324616
       146      -69.5293324616
       147      -69.5293324616
       148      -69.5293324616
       149      -69.4282648059
       150      -69.4282648059
       151      -69.4282648059
       152      -66.4903572167
       153      -69.4282648059
       154      -69.4282648059
       155      -69.5525202918
       156      -69.5525202918
       157      -69.5525202918
       158      -66.6005629600
       159      -69.4282648059
       160      -62.9260771106
       161      -68.7365959370
       162      -65.0010698039
       163      -67.9739929035
       164       58.2693994366
       165      -69.4282648059
       166      -69.4282634807
       167      -69.4282634807
       168      -69.4282648059
       169      -65.3836240042
       170      -65.7160437413
       171      -64.8315643417
       172      -67.9701024780
       173      -68.9417485680
       174      -69.4282648059
       175      -69.4282648059
       176      -66.6005617871
       177      -65.7458390539
       178      -69.4282648059
       179      -66.9743779239
       180      -69.4166441225
       181      -69.4166441225
       182  1000000.0000000000
       183      -69.4166441225
       184      -69.5293324616
       185      -69.5293324616
       186      -69.5293324616
       187      -69.5293324616
       188      -70.2132807979
       189      -64.2493236070
       190      -67.2533574902
       191      -70.2132795211
       192      -70.2132795211
       193      -69.3961801756
       194      -70.2132795211
       195      -63.8418067622
       196      -67.2533561004
       197      -70.2132795211
       198      -70.0890489783
       199      -70.0890489783
       200      -68.9417485680
       201      -66.0401044178
       202      -68.6301625719
       203      -70.0890489783
       204      -68.9417501701
       205      -70.0890489783
       206      -70.2132795211
       207      -70.2132795211
       208      -62.0974793094
       209  1000000.0000000000
       210      -69.5525192114
       211        1.1182034298
       212      -67.6269142243
       213      -70.2132795211
       214      -70.0890489783
       215      -67.8987592509
       216      -70.0890489783
       217      -67.9183296256
       218      -64.4470866261
       219      -70.2132795211
       220      -68.7754735787
       221      -70.2132795211
       222      -70.0890489783
       223      -70.2132795211
       224      -70.2132795211
       225      -70.0890489783
       226      -70.0890489783
       227      -70.2132807979
       228      -68.7907746809
       229      -63.3014057083
       230      -68.1132582515
       231  1000000.0000000000
       232       64.2408309789
       233      -69.0712986903
       234      -68.5487200494
       235      -69.5293324616
       236      -67.1707844071
       237      -68.7188079817
       238      -68.5432457748
       239      -69.5293324616
       240        2.1334449094
       241      -66.3287531231
       242      -67.6531119665
       243      -69.5293324616
       244      -64.5635169938
       245      -57.8888059908
       246       59.5677136321
       247      -65.5294489533
       248      -69.5293353611
       249      -69.5293353611
       250      -60.9850384762
       251      -68.7188091798
       252      -69.5293324616
       253      -69.5293324616
       254      -66.6389080278
       255      -66.8320813261
       256      -69.5525202918
       257      -69.5525202918
       258      -69.5525202917
       259      -69.4282648059
       260      -69.5525202918
       261      -68.2166102415
       262      -69.5525202918
       263      -69.5525202918
       264      -69.5525231767
       265      -65.7458421360
       266      -66.6534051203
       267      -65.5606690532
       268      -63.6750678902
       269      -66.8372325127
       270      -68.7365988198
       271      -69.5525231767
       272      -64.4720493159
       273      -66.6534051203
       274      -67.8665749120
       275      -66.6005660876
       276      -69.5525231767
       277      -68.9643630227
       278      -66.9743779239
       279      -69.5525231767
       280      -69.5525231767
       281      -69.4282676399
       282      -69.4282676399
       283      -69.5525231767
       284      -69.0291461938
       285      -68.9643630227
       286      -65.0487109142
       287      -69.0291461938
       288      -69.0291461938
       289      -62.7041718460
       290      -67.3651167925
       291      -69.0291461938
       292      -69.0291461938
       293      -69.0291432602
       294      -69.0291432602
       295      -65.1472742257
       296      -68.9643601384
       297      -68.0589232465
       298      -68.9643601384
       299      -68.0589222651
       300      -69.6120136548
       301  1000000.0000000000
       302  1000000.0000000000
       303      -68.4130363330
       304      -66.9851847781
       305      -69.6120136548
       306      -69.6120136548
       307      -68.9376306673
       308      -66.3788246549
       309      -69.6120136548
       310      -69.5916683626
       311      -67.9331856638
       312      -68.0553818596
       313      -69.5916675581
       314      -69.5916675581
       315      -69.5916713108
       316      -62.2278645213
       317      -69.5916713108
       318      -63.2658691332
       319      -61.9686490661
       320      -67.3651167925
       321      -67.3651167925
       322      -66.8835855555
       323      -69.5916713108
       324      -69.5916713108
       325      -68.8091853783
       326      -65.6381406713
       327      -65.4165600432
       328      -64.3086837828
       329      -69.5914302656
       330      -68.2805283058
       331      -59.9735793426
       332      -63.3418106525
       333      -69.5914264186
       334      -65.7706680402
       335      -65.5714100791
       336      -69.5914264186
       337  1000000.0000000000
       338      -68.7905035078
       339      -67.9589841005
       340      -69.5914264186
       341       66.8048041539
       342      -69.2929877793
       343      -69.2929877793
       344      -69.1822354596
       345      -64.3391680817
       346      -68.3766004820
       347      -67.6803796722
       348      -69.2929877793
       349      -66.3037464610
       350      -69.2929877793
       351  1000000.0000000000
       352  1000000.0000000000
       353  1000000.0000000000
       354      -69.1822364623
       355      -69.1822364623
       356  1000000.0000000000
       357      -66.8907302235
       358      -69.1822364623
       359      -69.2929886103
       360      -69.2929915552
       361      -60.3580833285
       362      -69.2929915552
       363      -70.2598258537
       364      -64.9659846886
       365      -66.1331034759
       366      -66.8783044522
       367      -70.2598258537
       368      -66.1331034759
       369  1000000.0000000000
       370      -68.3942625844
       371  1000000.0000000000
       372      -68.5011851781
       373      -67.2676115485
       374      -67.3651130300
       375      -69.4650451469
       376      -68.6340143212
       377      -67.4735023501
       378      -70.2598229123
       379      -70.1327397475
       380      -70.1327387382
       381      -70.1327387382
       382      -70.1327397475
       383      -68.1013778079
       384      -69.3719504999
       385      -70.1327397475
       386      -70.1327397475
       387       65.2914595835
       388      -70.1327397475
       389      -67.4469974335
       390      -68.6340143212
       391      -69.1822364623
       392      -70.1327426417
       393      -70.1327426417
       394      -66.3788246549
       395       68.4913595163
       396      -66.4695828732
       397      -66.9116815069
       398  1000000.0000000000
       399      -70.1327426417
       400      -70.1327397475
       401      -70.1327426417
       402      -67.8178634376
       403      -65.6552994650
       404      -69.4543361545
       405      -65.5249232369
       406      -70.1327426417
       407        2.7147541814
       408      -70.1327426417
       409      -68.5206861991
       410      -70.1327426417
       411      -70.1327426417
       412  1000000.0000000000
       413      -65.2604858612
       414      -60.0832129641
       415      -69.1822393596
       416      -70.1327426417
       417      -69.5914302656
       418  1000000.0000000000
       419      -70.1327426417
       420      -67.8178596475
       421      -70.1327426417
       422      -70.1327426417
       423      -70.1327426416
       424      -69.5914302656
       425      -67.4231768745
       426      -62.4305499306
       427      -67.1600429799
       428      -69.5914302656
       429      -67.9589883332
       430      -68.3766045436
       431      -67.5811625532
       432      -68.3766016046
       433      -64.1958443544
       434      -67.5811596134
       435      -59.0037660970
       436       70.3170231439
       437      -68.3766016046
       438      -53.6510015958
       439  1000000.0000000000
       440      -68.7905044487
       441  1000000.0000000000
       442      -67.9589883332
       443      -67.9589883332
       444      -67.9589883332
       445      -66.9937385106
       446      -68.7905044487
       447      -66.5953730738
       448      -68.7905044487
       449      -69.5914264186
       450      -69.5914264186
       451      -68.3766004820
       452      -67.8215699847
       453      -69.5914264186
       454      -67.2207462070
       455       -1.0788273454
       456      -69.5914273426
       457       -1.0788282069
       458      -69.4650422067
       459       68.8565801116
       460      -66.4457688299
       461      -66.4457719707
       462      -63.2460456291
       463      -65.5881592491
       464      -69.4650451469
       465      -68.6475433535
       466      -64.6431457409
       467      -70.2598258537
       468      -68.6402116721
       469      -69.4543361545
       470      -70.1327397475
       471      -70.1327387382
       472      -66.3788207710
       473      -68.7127198951
       474      -68.9376266369
       475      -68.9376266369
       476      -68.9376266369
       477      -65.1145178113
       478      -69.4543321675
       479      -67.9861326902
       480      -69.4543332760
       481      -69.7247791604
       482      -69.4543332760
       483      -67.9589853568
       484      -67.9861339784
       485      -69.4543332760
       486      -66.5953699102
       487      -69.4543361545
       488      -69.4543361545
       489      -58.9560977963
       490      -68.9315659588
       491      -66.7167224283
       492      -69.4543361545
       493      -62.9304124652
       494  1000000.0000000000
       495      -61.9436923224
       496      -66.2370082707
       497      -69.1822393596
       498  1000000.0000000000
       499      -69.1822393596
       500      -67.7067282904
