          45
Energy of minimum      1=    -70.25982585     first found at step       70 after                23878 function calls
HH31       -5.0523014171       -2.8369218949       -2.7384830364
CH3        -4.8686308325       -2.2820412072       -1.8189543818
HH32       -5.7028174960       -2.4306405870       -1.1336694889
HH33       -4.7755131719       -1.2217187376       -2.0517849298
C          -3.5828891328       -2.7743886246       -1.1818033253
O          -3.5863571025       -3.2538592050       -0.0488996109
N          -2.4693336924       -2.6437358908       -1.9008317216
H          -2.5475202205       -2.2801893033       -2.8419185106
CA         -1.1477144792       -3.1657387604       -1.4981717535
HA         -1.2443273603       -4.2294520956       -1.2766946443
CB         -0.1559875305       -3.0204557121       -2.6650123854
HB2         0.7914814048       -3.4863437417       -2.3863479551
HB3         0.0224405600       -1.9587338828       -2.8485531696
OG         -0.6501970822       -3.6302453836       -3.8567291605
HG          0.0202008556       -3.5329715311       -4.5691472130
C          -0.5533377690       -2.5000085617       -0.2383389345
O           0.3737221807       -3.0393890956        0.3722831217
N          -1.0973617289       -1.3512960643        0.1877649511
H          -1.8452335877       -0.9552983370       -0.3665922559
CA         -0.7172148741       -0.6496906347        1.4261433492
HA          0.3569470812       -0.7651698304        1.5823142991
CB         -1.0145014815        0.8543743820        1.2595774599
HB2        -2.0754989913        0.9923040675        1.0416802078
HB3        -0.7918531143        1.3619639742        2.2000555520
CG         -0.1727582212        1.5071190053        0.1497519352
HG2        -0.4108022883        1.0496749283       -0.8115855004
HG3         0.8856493033        1.3485652621        0.3627138937
CD         -0.4495699939        3.0141083156        0.0650059874
HD2        -0.2047743693        3.4796073888        1.0219839422
HD3        -1.5086785212        3.1737424987       -0.1476914057
CE          0.4008955788        3.6443749664       -1.0469987244
HE2         1.4573708636        3.4557469826       -0.8327973520
HE3         0.1596791002        3.1554428746       -1.9958617036
NZ          0.1645871523        5.1087484314       -1.1611061954
HZ1        -0.8027673507        5.3078151081       -1.3766712334
HZ2         0.7311991382        5.5092349215       -1.8966933154
HZ3         0.3982085788        5.5852870907       -0.3007422289
C          -1.3944506085       -1.2216269619        2.6956647879
O          -1.0396646386       -0.8286053008        3.8125644121
N          -2.3536496223       -2.1450587116        2.5454608776
H          -2.5894821674       -2.4198800063        1.5990969077
CH3        -3.0840321746       -2.7833523228        3.6366890764
HH31       -3.8089056550       -3.4903329810        3.2301840365
HH32       -2.3907297001       -3.3206158854        4.2861625501
HH33       -3.6137944337       -2.0301297640        4.2224878471
          45
Energy of minimum      2=    -70.21328363     first found at step      100 after                34341 function calls
HH31       -4.8565761147       -2.2370508800       -2.5406218003
CH3        -3.9470411550       -1.8352430013       -2.0950882719
HH32       -4.1876164435       -0.9342528436       -1.5312246027
HH33       -3.2381470377       -1.5897159290       -2.8852594063
C          -3.3366205568       -2.8737360693       -1.1730555703
O          -3.1758575575       -2.6351585791        0.0229973159
N          -2.9748386439       -4.0294649455       -1.7279558164
H          -3.1775724469       -4.1738503941       -2.7089026677
CA         -2.4656910595       -5.1949959573       -0.9768657247
HA         -3.1878214207       -5.4544146840       -0.2015156214
CB         -2.3385036989       -6.4040460975       -1.9191385170
HB2        -1.5570544878       -6.2001172769       -2.6543153293
HB3        -2.0440850538       -7.2793714024       -1.3364392643
OG         -3.5649699459       -6.6766790139       -2.5956077207
HG         -3.4460681201       -7.4652219781       -3.1705493114
C          -1.1152749741       -4.9562745565       -0.2677254237
O          -0.7461477109       -5.7066354106        0.6398404749
N          -0.3872045596       -3.8923530268       -0.6354476255
H          -0.7367822651       -3.3318758878       -1.4010555521
CA          0.8525220227       -3.4529147443        0.0267873002
HA          1.4385576385       -4.3411178598        0.2702500570
CB          1.6821641560       -2.6181017977       -0.9704894003
HB2         1.8499727959       -3.2143300392       -1.8696002631
HB3         2.6568529940       -2.4119981398       -0.5241300005
CG          1.0276352769       -1.2820328865       -1.3684248334
HG2         0.8798159514       -0.6681384156       -0.4789353329
HG3         0.0578451761       -1.4706144002       -1.8308850017
CD          1.9119578118       -0.5151730622       -2.3608700115
HD2         2.0587088263       -1.1229463005       -3.2562304982
HD3         2.8830409011       -0.3201196199       -1.9009452917
CE          1.2469907740        0.8148363673       -2.7438523086
HE2         1.0848714883        1.4030442786       -1.8352669632
HE3         0.2679925131        0.6060507466       -3.1862422440
NZ          2.0772191016        1.5914463297       -3.7037007395
HZ1         1.6272216422        2.4639474801       -3.9463631291
HZ2         2.9816524632        1.8127403767       -3.3099566569
HZ3         2.2265017915        1.0753367897       -4.5600485038
C           0.6309017739       -2.7155467331        1.3700564074
O           1.5955580128       -2.4669673570        2.1011449488
N          -0.6183471654       -2.3658653638        1.7045503309
H          -1.3575087183       -2.6002562617        1.0520011153
CH3        -0.9948900242       -1.6670657540        2.9296601163
HH31       -0.4895500160       -0.7009663249        2.9788620345
HH32       -0.7154525753       -2.2628868855        3.8003110118
HH33       -2.0736142679       -1.5037834516        2.9433061986
          45
Energy of minimum      3=    -70.13274264     first found at step       36 after                12467 function calls
HH31       -5.6749391800        0.8824038750        3.2961676803
CH3        -6.0458670922        0.4407084879        4.2205465207
HH32       -6.0608925727        1.1982902160        5.0037565015
HH33       -7.0564016841        0.0664866953        4.0594610152
C          -5.1430257297       -0.7075818630        4.6299904044
O          -4.5477251488       -0.6879220234        5.7063636083
N          -5.0165736753       -1.7103008137        3.7631929602
H          -5.5095121965       -1.6567122899        2.8807109887
CA         -4.2166623944       -2.9263260238        4.0061388479
HA         -4.4837886428       -3.3283207881        4.9848692539
CB         -4.5767588694       -3.9942330294        2.9591666886
HB2        -5.6193946730       -4.2847076048        3.1031211080
HB3        -3.9529324406       -4.8765169134        3.1160513801
OG         -4.4063653725       -3.5137570006        1.6260627358
HG         -4.6522826295       -4.2259945181        0.9952054681
C          -2.6915989627       -2.6869520535        4.0372678832
O          -1.9360304869       -3.5392335144        4.5145849197
N          -2.2274313672       -1.5106419377        3.5923937697
H          -2.8982651244       -0.8704405311        3.1894519353
CA         -0.8234799645       -1.0729812814        3.6735235140
HA         -0.1748956377       -1.9385798383        3.5270088180
CB         -0.5455157308       -0.0717267154        2.5336980314
HB2         0.4774551624        0.2964308204        2.6320618004
HB3        -1.2235457065        0.7792383985        2.6251767260
CG         -0.6979944764       -0.7023381692        1.1387998811
HG2        -0.0332001674       -1.5641248318        1.0605978145
HG3        -1.7263864375       -1.0368427908        0.9951345910
CD         -0.3461863561        0.3070364729        0.0378694796
HD2        -1.0102396406        1.1703582147        0.1160260109
HD3         0.6858430491        0.6386733671        0.1694986015
CE         -0.5063008961       -0.3438873830       -1.3432777405
HE2        -1.5388367842       -0.6895084941       -1.4527008785
HE3         0.1470290321       -1.2200791555       -1.3980216699
NZ         -0.1728347526        0.6016805900       -2.4423102736
HZ1        -0.7761540109        1.4125480350       -2.4232891091
HZ2        -0.2828307455        0.1589016141       -3.3447319439
HZ3         0.7836695920        0.9212392560       -2.3725197037
C          -0.4387435610       -0.4818631832        5.0521168918
O           0.7424621672       -0.2152199380        5.3000726690
N          -1.4108819719       -0.2802621971        5.9523187300
H          -2.3538147555       -0.5272359998        5.6788416654
CH3        -1.2155281932        0.2648262423        7.2926848606
HH31       -2.1749183663        0.3257293608        7.8088312225
HH32       -0.7829038627        1.2648522495        7.2298135264
HH33       -0.5459321868       -0.3802668778        7.8642164895
          45
Energy of minimum      4=    -70.08905333     first found at step       92 after                31778 function calls
HH31       -4.9509841934       -2.0088125367       -2.6596524965
CH3        -4.4244772254       -1.4405914326       -1.8934043517
HH32       -5.1485890753       -0.9195332018       -1.2674822499
HH33       -3.7694781414       -0.7133128317       -2.3721740703
C          -3.5954851084       -2.3867069907       -1.0456436472
O          -3.7818352433       -2.4730307496        0.1672259011
N          -2.6544334898       -3.0883559277       -1.6743599352
H          -2.5300566026       -2.9545391393       -2.6700773253
CA         -1.7774184236       -4.0791470137       -1.0204495413
HA         -2.3991649009       -4.7686871439       -0.4469282141
CB         -1.0466782888       -4.9055747966       -2.0924024671
HB2        -1.7863489686       -5.4823793177       -2.6513139782
HB3        -0.3664543034       -5.6064078075       -1.6041654032
OG         -0.3182298926       -4.0782795762       -2.9989654004
HG          0.1306337312       -4.6477896226       -3.6624776534
C          -0.7698767625       -3.4697749767       -0.0216345085
O          -0.2071372505       -4.1850508314        0.8129135948
N          -0.5819193113       -2.1426582333       -0.0456080608
H          -1.0461135720       -1.6239326087       -0.7782939963
CA          0.2131757865       -1.3859107989        0.9354243704
HA          1.1114004984       -1.9640544453        1.1599349113
CB          0.6712110223       -0.0610391354        0.2910565143
HB2         1.2126488718       -0.2895137410       -0.6291089008
HB3         1.3683530613        0.4329193761        0.9705467372
CG         -0.4789282461        0.9111970531       -0.0313145425
HG2        -1.1772983234        0.4386064499       -0.7233828230
HG3        -1.0108636742        1.1653477219        0.8865005395
CD          0.0580317539        2.1999384239       -0.6684110729
HD2         0.5868912134        1.9519499031       -1.5911266628
HD3         0.7548048929        2.6793707999        0.0224087505
CE         -1.1001858737        3.1587737694       -0.9797974480
HE2        -1.7995680174        2.6598577443       -1.6577979679
HE3        -1.6350023476        3.3798546318       -0.0508721271
NZ         -0.6190233239        4.4246731281       -1.5960107703
HZ1         0.0156117276        4.9138730778       -0.9796232086
HZ2        -1.3919104097        5.0456714939       -1.7951418980
HZ3        -0.1360282889        4.2480289594       -2.4663591941
C          -0.4954509316       -1.1655167494        2.2944807909
O           0.1369543289       -0.7022409781        3.2496335888
N          -1.7917507949       -1.4895076246        2.3951868997
H          -2.2429706673       -1.8626483042        1.5689127412
CH3        -2.6029141830       -1.3407899429        3.5997916912
HH31       -3.6223642187       -1.6748548217        3.4006789382
HH32       -2.1842675193       -1.9424313484        4.4084298106
HH33       -2.6267069652       -0.2937908588        3.9069994156
          45
Energy of minimum      5=    -69.61201365     first found at step       19 after                 6709 function calls
HH31       -3.9051930076       -1.6800692106        1.0296630852
CH3        -4.6027219937       -2.1485199397        1.7233294946
HH32       -5.2522854226       -2.8294953191        1.1742358874
HH33       -5.2074711661       -1.3797139980        2.2037338658
C          -3.8284431212       -2.9261168438        2.7707684530
O          -3.9273648428       -2.6455693448        3.9644486089
N          -3.0324653812       -3.8982006495        2.3298796277
H          -2.9714370606       -4.0633637868        1.3330418152
CA         -2.2369470141       -4.7840359832        3.2016629580
HA         -2.8869371350       -5.1766758155        3.9853424698
CB         -1.7279554858       -5.9831540599        2.3837456422
HB2        -2.5884492450       -6.5638522662        2.0453565877
HB3        -1.1166130017       -6.6221447267        3.0241163346
OG         -0.9675328847       -5.5699347566        1.2487885762
HG         -0.6887179617       -6.3653689945        0.7438952205
C          -1.0650279174       -4.0811101139        3.9197210910
O          -0.5037914964       -4.6230307423        4.8768185952
N          -0.7196121668       -2.8530140792        3.5085778368
H          -1.2050841986       -2.4813716252        2.7030137697
CA          0.3017995593       -2.0043513014        4.1442036704
HA          1.0730310408       -2.6425988095        4.5773307985
CB          0.9573920747       -1.1164305581        3.0639868157
HB2         1.7585125143       -0.5371445694        3.5267033245
HB3         0.2134557929       -0.4084595302        2.6937474550
CG          1.5471476849       -1.8662988478        1.8536410450
HG2         0.7455204605       -2.3629349170        1.3051748331
HG3         1.9959293442       -1.1278990908        1.1874002662
CD          2.6166207034       -2.9023153150        2.2317351939
HD2         3.4044801718       -2.4126418902        2.8077200583
HD3         2.1654853670       -3.6910679470        2.8361323856
CE          3.2134768987       -3.5212710921        0.9599537630
HE2         2.4083502702       -3.9903349532        0.3859077899
HE3         3.6405903082       -2.7225549473        0.3457642854
NZ          4.2616015606       -4.5294681262        1.2735766534
HZ1         4.6446721286       -4.9264238360        0.4260214613
HZ2         3.8861903839       -5.2890500533        1.8249661366
HZ3         5.0256988097       -4.1148725190        1.7896404304
C          -0.2428490187       -1.1564795160        5.3196087305
O           0.5340673417       -0.4836323052        6.0060593054
N          -1.5600261439       -1.1822750390        5.5649255849
H          -2.1312927442       -1.7610828767        4.9623067011
CH3        -2.2315273983       -0.4440439142        6.6308483284
HH31       -1.8425494091       -0.7541426298        7.6022912736
HH32       -3.3037115021       -0.6438702051        6.5983646179
HH33       -2.0668949692        0.6274196554        6.5041549427
          45
Energy of minimum      6=    -69.59167131     first found at step        9 after                 3372 function calls
HH31       -1.9415634570        0.1531962187       -2.1361309719
CH3        -2.0944065745       -0.8799427789       -2.4466687551
HH32       -3.0766415686       -1.2162944516       -2.1155412069
HH33       -2.0382954167       -0.9404937846       -3.5331027641
C          -1.0160781071       -1.7556879836       -1.8370205730
O          -1.3107195106       -2.6851828507       -1.0870401855
N           0.2448099148       -1.4538624861       -2.1420578914
H           0.4109716691       -0.7028216160       -2.7995569795
CA          1.4176634530       -2.2563460827       -1.7398442536
HA          1.2615852448       -3.2878466858       -2.0584689409
CB          2.6739369693       -1.7319170870       -2.4561789451
HB2         2.8992535257       -0.7286733521       -2.0880411390
HB3         3.5170174132       -2.3840658536       -2.2188350010
OG          2.4945158328       -1.6875385805       -3.8711151577
HG          3.3239705124       -1.3674022595       -4.2905214637
C           1.6761317917       -2.2941130533       -0.2181793019
O           2.4233064610       -3.1487899755        0.2655764461
N           1.0404713517       -1.4020780914        0.5545663017
H           0.4534518420       -0.7194386398        0.0926665180
CA          1.0951183578       -1.3725220586        2.0261022210
HA          2.0801435536       -1.7090780685        2.3518213225
CB          0.8932589191        0.0816591885        2.5042735572
HB2        -0.1120798886        0.4045398279        2.2271273343
HB3         0.9546311461        0.1047236694        3.5938743740
CG          1.8977221154        1.1092939278        1.9485280839
HG2         1.8024818595        1.1666178590        0.8633683523
HG3         1.6367839534        2.0868785604        2.3568974097
CD          3.3575391837        0.7987860703        2.3133307427
HD2         3.4428013083        0.6946984214        3.3969901075
HD3         3.6642306406       -0.1341235089        1.8372602160
CE          4.2694288526        1.9364486802        1.8316453352
HE2         4.1618800086        2.0403614365        0.7475084314
HE3         3.9375063891        2.8726313038        2.2911509436
NZ          5.6955252678        1.6869788197        2.1750987932
HZ1         5.8226437866        1.6064684810        3.1748282132
HZ2         6.0329799532        0.8357769480        1.7466788874
HZ3         6.2817815169        2.4452980221        1.8526242416
C           0.0859501942       -2.3315875802        2.7035920728
O           0.1260332710       -2.5021320949        3.9270387896
N          -0.8093162340       -2.9635400140        1.9327199978
H          -0.7804372699       -2.7755233627        0.9374042599
CH3        -1.8220203747       -3.8983637574        2.4147455891
HH31       -2.4804532866       -3.4004394956        3.1286810769
HH32       -1.3430460760       -4.7495604404        2.9017684900
HH33       -2.4182732539       -4.2597850402        1.5754727941
          45
Energy of minimum      7=    -69.59143027     first found at step      329 after               115479 function calls
HH31       -4.9814935181        2.5154851374        4.9752541560
CH3        -3.9405806422        2.2288497130        4.8285943303
HH32       -3.3076635145        2.8067691794        5.5016442908
HH33       -3.6538204898        2.4325761713        3.7973739170
C          -3.7810300239        0.7475230894        5.1143906946
O          -3.0200076981        0.3563809058        5.9982336644
N          -4.4869154477       -0.0887740170        4.3551835635
H          -5.1254805857        0.3049066878        3.6760559189
CA         -4.5516384912       -1.5502551292        4.5580186394
HA         -4.8513582799       -1.7476221940        5.5881044661
CB         -5.6248400321       -2.1539720097        3.6361269596
HB2        -5.7237636721       -3.2190672396        3.8556469364
HB3        -5.3032239530       -2.0440579048        2.5982133935
OG         -6.8893937351       -1.5159947815        3.8098181870
HG         -7.5487635109       -1.9438125321        3.2193544107
C          -3.2139530793       -2.2876310997        4.3335791218
O          -3.0555243107       -3.4339838815        4.7625177138
N          -2.2290719322       -1.6348068126        3.7002890743
H          -2.4294501669       -0.7026035229        3.3623174579
CA         -0.8664885893       -2.1584994066        3.5010616430
HA         -0.9227048641       -3.2366744185        3.3399283880
CB         -0.2657904990       -1.5191229043        2.2325246803
HB2         0.7619227037       -1.8689101196        2.1176351426
HB3        -0.2465273859       -0.4348446893        2.3544575841
CG         -1.0468120178       -1.8914160188        0.9580979555
HG2        -1.1293468406       -2.9779094111        0.9032418269
HG3        -2.0540741326       -1.4753113654        1.0059568620
CD         -0.3668118373       -1.3971508414       -0.3281583108
HD2         0.6429784320       -1.8093329212       -0.3799160221
HD3        -0.9346248294       -1.7762140222       -1.1801560153
CE         -0.3074307156        0.1368926831       -0.4041669864
HE2        -1.3230190346        0.5337738849       -0.3100769212
HE3         0.2798238240        0.5136673983        0.4385228785
NZ          0.2972865162        0.6023255581       -1.6815928276
HZ1         0.3302930176        1.6123895891       -1.7189291967
HZ2        -0.2386310514        0.2842436391       -2.4776375952
HZ3         1.2432130774        0.2608398817       -1.7850688619
C           0.0591421534       -1.9614940767        4.7265671249
O           1.1764122051       -2.4897316359        4.7452112625
N          -0.3867105110       -1.2195592009        5.7493271137
H          -1.3141935466       -0.8204968346        5.6639309151
CH3         0.3585212931       -0.9418640447        6.9737676148
HH31        1.2896111214       -0.4247997237        6.7352920624
HH32       -0.2388910237       -0.3098783979        7.6327120329
HH33        0.5887080179       -1.8751134035        7.4906846567
          45
Energy of minimum      8=    -69.55252318     first found at step      155 after                53425 function calls
HH31       -2.7140893675       -2.6956553256        0.2172334768
CH3        -3.4024117225       -2.2924076022        0.9593977182
HH32       -3.3341595421       -1.2047915573        0.9636839831
HH33       -4.4192833630       -2.5902780365        0.7055667258
C          -3.0448875885       -2.8375431502        2.3291566323
O          -2.7321923594       -2.0786312963        3.2454759084
N          -3.0709889446       -4.1616053329        2.4730098562
H          -3.3804252212       -4.7223796610        1.6894549122
CA         -2.8583483343       -4.8683721333        3.7524928668
HA         -3.5622061820       -4.4784433583        4.4890209993
CB         -3.1538604663       -6.3671054704        3.5726672614
HB2        -2.4061932816       -6.7982513779        2.9034544064
HB3        -3.0762890068       -6.8634951726        4.5422007755
OG         -4.4558637832       -6.5866422934        3.0316020973
HG         -4.6110147754       -7.5540608337        2.9508185317
C          -1.4451820107       -4.6948005475        4.3494109381
O          -1.2358692074       -4.9442174466        5.5397674741
N          -0.4750806721       -4.2258534195        3.5517935652
H          -0.7089607548       -4.0631688305        2.5815003781
CA          0.8861202817       -3.8821879966        3.9963036638
HA          1.2101724113       -4.6429776533        4.7089580698
CB          1.8402139857       -3.9545726784        2.7859715854
HB2         2.8627140919       -3.8522461964        3.1521808707
HB3         1.7484460043       -4.9417388614        2.3286060027
CG          1.5748961337       -2.8768661586        1.7151101366
HG2         0.5370734902       -2.9434314124        1.3868304708
HG3         1.7325696722       -1.8863630388        2.1439173302
CD          2.4725171587       -3.0304732364        0.4772740917
HD2         2.1578440666       -2.2934327114       -0.2643000204
HD3         2.3279855760       -4.0258643125        0.0521634797
CE          3.9593963243       -2.8140500900        0.8021730804
HE2         4.2800389965       -3.5677946407        1.5274367312
HE3         4.0792947322       -1.8298674313        1.2656810837
NZ          4.8087449050       -2.9017308806       -0.4164550340
HZ1         4.5471198281       -2.2009172525       -1.0965206581
HZ2         4.7277432194       -3.8089322979       -0.8552222873
HZ3         5.7834323185       -2.7576519481       -0.1884835405
C           0.9898203185       -2.5322925752        4.7474308014
O           2.0407892060       -2.2278416658        5.3214309081
N          -0.0785543260       -1.7241001957        4.7527353650
H          -0.9032975200       -2.0401086753        4.2556631993
CH3        -0.1429817479       -0.4220946494        5.4097520698
HH31        0.6168505161        0.2430789291        4.9958151528
HH32       -1.1269740101        0.0217866600        5.2509156267
HH33        0.0256134493       -0.5361292148        6.4819924142
          45
Energy of minimum      9=    -69.52933536     first found at step      143 after                49086 function calls
HH31       -5.4081474835       -3.3874400431        1.6606240641
CH3        -5.6835647995       -3.2444033702        2.7050713031
HH32       -5.9609332057       -2.2030863984        2.8673140456
HH33       -6.5309703079       -3.8861771221        2.9442808374
C          -4.5086518624       -3.6099559855        3.5922781333
O          -4.0093413454       -2.7778658760        4.3483146612
N          -4.0467608396       -4.8554330700        3.4925645345
H          -4.5345036832       -5.4995892285        2.8831506149
CA         -2.9862076068       -5.4252269053        4.3483603171
HA         -3.2740785820       -5.2993150264        5.3929719177
CB         -2.8569729428       -6.9340548075        4.0788662663
HB2        -2.4858021744       -7.0823296468        3.0625122149
HB3        -2.1320896467       -7.3588974583        4.7763398748
OG         -4.1071791117       -7.6054100420        4.2286052712
HG         -3.9767899731       -8.5664867456        4.0679469428
C          -1.6045294100       -4.7567322052        4.1822215389
O          -0.7328898376       -4.9041492040        5.0432935965
N          -1.4014821112       -3.9830050832        3.1063445376
H          -2.1505985486       -3.9217838580        2.4299146906
CA         -0.1931784592       -3.1754980460        2.8681385818
HA          0.6722700689       -3.7608812159        3.1843670360
CB         -0.0472360991       -2.9298303372        1.3519472622
HB2         0.9095808423       -2.4362324589        1.1713673562
HB3        -0.0207718366       -3.8983171271        0.8502429214
CG         -1.1724497366       -2.0670527873        0.7453339054
HG2        -1.2240202026       -1.1184920445        1.2808225152
HG3        -2.1307463671       -2.5751468353        0.8606566353
CD         -0.9508765867       -1.7568568198       -0.7433968347
HD2        -1.7352531633       -1.0701363680       -1.0679683107
HD3         0.0122030858       -1.2566557145       -0.8645245433
CE         -0.9945556301       -3.0202192476       -1.6181848802
HE2        -0.1951330553       -3.6987958093       -1.3059667488
HE3        -1.9496543853       -3.5292297578       -1.4553407331
NZ         -0.8379576883       -2.6965093996       -3.0621308766
HZ1         0.0456126949       -2.2390248217       -3.2414246351
HZ2        -0.8683215982       -3.5355718971       -3.6258758906
HZ3        -1.5769573345       -2.0857232678       -3.3829457627
C          -0.1315457165       -1.8635210940        3.6881647514
O           0.9093621603       -1.1979018613        3.7055579788
N          -1.2237408001       -1.4854620953        4.3656007299
H          -2.0412748635       -2.0807759583        4.2997196640
CH3        -1.3297816331       -0.2798175943        5.1818235239
HH31       -2.3294311705       -0.2151014975        5.6142678089
HH32       -0.5956156988       -0.3094373247        5.9888209162
HH33       -1.1517045586        0.6041845752        4.5670271349
          45
Energy of minimum     10=    -69.46504515     first found at step       84 after                28927 function calls
HH31       -2.6765676801       -0.5466096982        2.2526715558
CH3        -2.4058935285        0.4101180876        2.6982631035
HH32       -1.3208264726        0.5103435936        2.7101816841
HH33       -2.8375559675        1.2168112253        2.1066191246
C          -2.9464552931        0.4790285419        4.1139287656
O          -2.1870120806        0.6252974291        5.0705322829
N          -4.2649218722        0.3563542967        4.2586010983
H          -4.8326603528        0.2743428056        3.4244897760
CA         -4.9834034159        0.5019795647        5.5404826288
HA         -4.7117631973        1.4590722852        5.9883074683
CB         -6.5011283426        0.5106072344        5.2824878174
HB2        -6.8027440718       -0.4834515948        4.9464573648
HB3        -7.0251638879        0.7261467360        6.2159972496
OG         -6.8816776494        1.4640384180        4.2896269253
HG         -6.7769657321        2.3722100500        4.6506884406
C          -4.6515958937       -0.5855366554        6.5852886461
O          -4.9375534025       -0.4148786901        7.7736579999
N          -4.0149890079       -1.6897628958        6.1699503866
H          -3.8235320455       -1.7734451967        5.1800810759
CA         -3.5357680541       -2.7668669838        7.0534718785
HA         -4.2429655417       -2.8908623101        7.8756963994
CB         -3.4974563658       -4.0865775195        6.2564247432
HB2        -2.8410871973       -3.9690505555        5.3917965343
HB3        -3.0826546732       -4.8694549546        6.8942000296
CG         -4.8910816328       -4.5372930910        5.7862765833
HG2        -5.3104323630       -3.7930465902        5.1077955092
HG3        -5.5475941129       -4.6335948456        6.6525532547
CD         -4.8156526842       -5.8862344079        5.0586349964
HD2        -4.4049071324       -6.6381532990        5.7356318955
HD3        -4.1584064368       -5.7909421556        4.1918134856
CE         -6.2161844015       -6.3162734133        4.5996446028
HE2        -6.6231646010       -5.5450709537        3.9384334303
HE3        -6.8688994014       -6.3842584827        5.4753981262
NZ         -6.1884195964       -7.6237507365        3.8904366359
HZ1        -5.6047931007       -7.5808557447        3.0661734370
HZ2        -7.1170646851       -7.8934030798        3.5947442162
HZ3        -5.8324693105       -8.3569667798        4.4884215008
C          -2.1675337096       -2.4652410113        7.7125793178
O          -1.7301498901       -3.2141947826        8.5932350645
N          -1.4908926516       -1.3812640794        7.3093560367
H          -1.9136276229       -0.8128954640        6.5849009287
CH3        -0.1947410534       -0.9574867496        7.8310239209
HH31        0.1265995747       -0.0470358815        7.3227582073
HH32       -0.2700131448       -0.7581303985        8.9014126236
HH33        0.5489758763       -1.7383979547        7.6630326621
          45
Energy of minimum     11=    -69.45433615     first found at step       63 after                21447 function calls
HH31       -1.7569770457       -0.3304823019        4.1669681984
CH3        -1.7787098475        0.7519829748        4.2891891541
HH32       -0.8532137864        1.0822449392        4.7603219174
HH33       -1.8745892069        1.2219226585        3.3108518222
C          -2.9645069311        1.1396369822        5.1522747057
O          -2.8009193535        1.7299759086        6.2190602818
N          -4.1700955368        0.7908936195        4.7076516337
H          -4.2394186027        0.2813838022        3.8357245006
CA         -5.4370640448        1.1193901969        5.3891709084
HA         -5.4364959196        2.1838007541        5.6297837737
CB         -6.6142823626        0.8675045736        4.4315947883
HB2        -7.5518872260        1.0704339381        4.9530538817
HB3        -6.5345389926        1.5614164904        3.5923615931
OG         -6.6195172531       -0.4695217330        3.9322242160
HG         -7.3841306556       -0.5815858920        3.3251162918
C          -5.6518756038        0.3733441920        6.7238039274
O          -6.5045401252        0.7648248413        7.5267876299
N          -4.8481297486       -0.6619460477        7.0056081070
H          -4.1909119954       -0.9456101314        6.2916240060
CA         -4.8335222224       -1.3939400090        8.2836767181
HA         -5.8519596152       -1.4435558939        8.6732280443
CB         -4.3512000883       -2.8366773020        8.0280880291
HB2        -3.3511015319       -2.8065982963        7.5924250983
HB3        -4.2925463710       -3.3605088677        8.9840526318
CG         -5.3031357782       -3.6218195678        7.1058825499
HG2        -5.3126784507       -3.1709399293        6.1125733561
HG3        -6.3127562639       -3.5651325538        7.5154722404
CD         -4.9226535467       -5.1046158628        6.9731583409
HD2        -4.9081976251       -5.5604716414        7.9652333752
HD3        -5.6929295420       -5.6013871162        6.3799815451
CE         -3.5586807190       -5.2976168393        6.2913964765
HE2        -3.5786065372       -4.7997419251        5.3169781971
HE3        -2.7851395891       -4.8175552230        6.8981058399
NZ         -3.2307050529       -6.7379784902        6.1128468860
HZ1        -3.9206097476       -7.2019525130        5.5376699941
HZ2        -3.1912526387       -7.2177514408        7.0018673614
HZ3        -2.3318171474       -6.8509361158        5.6634582614
C          -3.9920133121       -0.7012853635        9.3837312342
O          -4.0127118147       -1.1361053361       10.5405387128
N          -3.2599945087        0.3692844627        9.0460558769
H          -3.2972386799        0.6699989118        8.0800682960
CH3        -2.4173431157        1.1339780387        9.9610012166
HH31       -3.0242769935        1.5537521183       10.7651032850
HH32       -1.6501619058        0.4875606478       10.3908239836
HH33       -1.9322784779        1.9486243408        9.4209878459
          45
Energy of minimum     12=    -69.42826764     first found at step      149 after                51325 function calls
HH31       -2.5757787968       -3.7534509953        0.2074963440
CH3        -3.2957362757       -3.1369498738        0.7448929299
HH32       -3.1287309256       -2.0881861085        0.5003497329
HH33       -4.3046911141       -3.4216392628        0.4479726782
C          -3.1306202610       -3.3516982783        2.2374342784
O          -2.8357562251       -2.4159921024        2.9795942969
N          -3.2963739809       -4.5939598041        2.6874285971
H          -3.5116107244       -5.3279731991        2.0243231627
CA         -3.2072198409       -4.9842021001        4.1080488674
HA         -3.8415835248       -4.3157245882        4.6925805029
CB         -3.7584787003       -6.4092469593        4.2853264995
HB2        -3.6494823416       -6.7094899481        5.3294628182
HB3        -4.8229002915       -6.4033796431        4.0420702219
OG         -3.0922810331       -7.3477204343        3.4413073954
HG         -3.4765931304       -8.2402925953        3.5885700992
C          -1.7885565430       -4.8703429849        4.7068311097
O          -1.6262518008       -4.8560894831        5.9308477394
N          -0.7580085554       -4.7190438088        3.8629226666
H          -0.9589572123       -4.7766235743        2.8740776368
CA          0.6288979495       -4.4359733775        4.2674020874
HA          0.8517547245       -5.0377871965        5.1504000957
CB          1.5811690381       -4.8997715640        3.1453317470
HB2         2.6046889867       -4.8265443913        3.5155973366
HB3         1.3802004498       -5.9511922615        2.9303068427
CG          1.4539301696       -4.0862923438        1.8411787767
HG2         0.4191015520       -4.1154988573        1.4981871850
HG3         1.7198443094       -3.0454064943        2.0301230197
CD          2.3416608533       -4.6279306779        0.7097454367
HD2         2.1221858543       -4.0594115045       -0.1962333833
HD3         2.0882511043       -5.6741230441        0.5262337211
CE          3.8398688675       -4.5038278933        1.0309734923
HE2         4.0671220193       -3.4565813708        1.2533746340
HE3         4.0635302007       -5.0929370396        1.9253290694
NZ          4.6869707718       -4.9721762949       -0.0991634393
HZ1         4.5069369876       -5.9434841329       -0.3142092325
HZ2         4.5153621904       -4.4297964471       -0.9348980920
HZ3         5.6691695499       -4.8851308130        0.1254600556
C           0.8826437266       -2.9665931913        4.6848436339
O           1.9584363024       -2.6525709243        5.2052250861
N          -0.0861031140       -2.0672346136        4.4656708082
H          -0.9392216125       -2.3994702159        4.0327794819
CH3        -0.0038722635       -0.6476123836        4.7960125189
HH31        0.8296248685       -0.1877029398        4.2622309013
HH32       -0.9293793084       -0.1479169083        4.5057163346
HH33        0.1449576025       -0.5221477532        5.8699062247
          45
Energy of minimum     13=    -69.41664412     first found at step      129 after                44581 function calls
HH31       -1.9751677121       -1.2261276530       -1.7003580645
CH3        -2.7864577939       -1.1684954944       -0.9753269808
HH32       -3.7232916449       -0.9801201995       -1.4988377511
HH33       -2.5917287474       -0.3544568784       -0.2774498897
C          -2.8857594077       -2.4815037291       -0.2222237760
O          -2.7386808838       -2.5201490210        0.9984616992
N          -3.1131927201       -3.5744796642       -0.9480663981
H          -3.1990759550       -3.4834101052       -1.9526391047
CA         -3.2744799721       -4.9294668020       -0.3855480206
HA         -4.0112384066       -4.8866174450        0.4183828915
CB         -3.8310307443       -5.8716636230       -1.4665262021
HB2        -3.9066826563       -6.8817251142       -1.0587338943
HB3        -4.8348327151       -5.5373147635       -1.7363158722
OG         -3.0132211957       -5.8834420242       -2.6361272063
HG         -3.4066109977       -6.4965556683       -3.2959437403
C          -1.9872788113       -5.5134594649        0.2358385244
O          -2.0467685474       -6.4768275916        1.0059756062
N          -0.8243403847       -4.9025679503       -0.0317425948
H          -0.8451830480       -4.1422181189       -0.6971712442
CA          0.4642546020       -5.2280581377        0.6015120969
HA          0.5285288267       -6.3134498211        0.6980032586
CB          1.6072021959       -4.7847275908       -0.3355406332
HB2         2.5535688470       -5.1324424813        0.0830268350
HB3         1.4693993766       -5.2780043040       -1.2989019728
CG          1.6886651464       -3.2591084602       -0.5463649061
HG2         1.7817085245       -2.7686112185        0.4231551711
HG3         0.7739458494       -2.9022610356       -1.0215869181
CD          2.8911711002       -2.8381120949       -1.4056438634
HD2         2.9287296975       -1.7470911956       -1.4266165908
HD3         3.8087305624       -3.2023073267       -0.9389093194
CE          2.7952047775       -3.3660783718       -2.8462266031
HE2         2.7783044611       -4.4598251950       -2.8254771737
HE3         1.8527643696       -3.0241631379       -3.2852078155
NZ          3.9358773023       -2.9009497864       -3.6809589022
HZ1         4.8188774191       -3.2182222018       -3.3044158163
HZ2         3.9633319748       -1.8917400123       -3.7342820119
HZ3         3.8606298341       -3.2551757521       -4.6252141086
C           0.6263277564       -4.6703102516        2.0370330606
O           1.5897767806       -5.0197338002        2.7273558343
N          -0.2974747824       -3.8141933918        2.4943151894
H          -1.0576813213       -3.5736932365        1.8699693585
CH3        -0.2887891457       -3.1980513467        3.8177614731
HH31       -1.1533241065       -2.5408454431        3.9235220059
HH32        0.6213401050       -2.6104123324        3.9500605037
HH33       -0.3331705293       -3.9691018592        4.5888936293
          45
Energy of minimum     14=    -69.39618431     first found at step      126 after                43576 function calls
HH31       -4.3455875865       -1.7448832660       -2.4185614141
CH3        -3.4389056030       -1.4708587117       -1.8800343273
HH32       -3.6447450519       -0.6165349755       -1.2355523841
HH33       -2.6619850615       -1.2055820360       -2.5964052192
C          -2.9746607607       -2.6482672635       -1.0439853094
O          -2.8744618622       -2.5508101613        0.1781555994
N          -2.6690308613       -3.7663185611       -1.7007246116
H          -2.8104732419       -3.7874703238       -2.7030304388
CA         -2.2957233855       -5.0410140639       -1.0549824574
HA         -3.0765288264       -5.3164608341       -0.3444191941
CB         -2.2060483999       -6.1511107939       -2.1177497590
HB2        -1.3507867387       -5.9457662415       -2.7645531182
HB3        -2.0354790129       -7.1104777631       -1.6247536384
OG         -3.3813835614       -6.2305388958       -2.9251009529
HG         -4.1234517542       -6.5878629251       -2.3886326761
C          -0.9725601315       -4.9879610303       -0.2607975489
O          -0.7119653935       -5.8572238844        0.5754648205
N          -0.1474718745       -3.9532282162       -0.4749261622
H          -0.4104072436       -3.2893940940       -1.1909768665
CA          1.0826423505       -3.6866892401        0.2895763830
HA          1.5836043003       -4.6401962056        0.4670364276
CB          2.0299262436       -2.8273962977       -0.5730158407
HB2         2.2022784119       -3.3421695005       -1.5203036951
HB3         2.9905288895       -2.7485128725       -0.0604193135
CG          1.5044611561       -1.4085720586       -0.8605127943
HG2         1.3539902709       -0.8769041399        0.0800178284
HG3         0.5510074196       -1.4688641153       -1.3870233789
CD          2.5007031780       -0.6219146610       -1.7229132927
HD2         2.6509723436       -1.1469331604       -2.6686259210
HD3         3.4560792751       -0.5550040314       -1.1981665874
CE          1.9635761810        0.7902455424       -1.9969184980
HE2         1.7958325090        1.2958683662       -1.0408818455
HE3         0.9982280973        0.7086248431       -2.5060151196
NZ          2.9048540963        1.5876639415       -2.8286850864
HZ1         2.5383086339        2.5143416171       -3.0005971963
HZ2         3.7997371729        1.6927287084       -2.3702627057
HZ3         3.0624112784        1.1493535184       -3.7259296876
C           0.8420624362       -3.0723669646        1.6902661091
O           1.7799788638       -2.9773983771        2.4890924559
N          -0.3940488805       -2.6579243021        1.9987049894
H          -1.1109280185       -2.7651448375        1.2904985393
CH3        -0.7849598609       -2.0571474929        3.2704503612
HH31       -0.2114965484       -1.1450051601        3.4444607714
HH32       -0.6008586800       -2.7578651177        4.0866778579
HH33       -1.8472782357       -1.8091139120        3.2490645359
          45
Energy of minimum     15=    -69.37195338     first found at step       61 after                20726 function calls
HH31       -5.2880239198       -1.9918989029       -2.5473403555
CH3        -5.0190795738       -1.7109005539       -1.5295582542
HH32       -5.8607642366       -1.9064576971       -0.8655590846
HH33       -4.7753136626       -0.6492891426       -1.5026980628
C          -3.8133138211       -2.5177970920       -1.0863921329
O          -3.8734471141       -3.2500713396       -0.0997176511
N          -2.6990654870       -2.3737683078       -1.8008616085
H          -2.7025875503       -1.7344422805       -2.5856494203
CA         -1.4439243903       -3.1062246014       -1.5445100237
HA         -1.6748689238       -4.1684070952       -1.4480552143
CB         -0.5037154050       -2.9504312836       -2.7520075314
HB2        -0.9641903372       -3.4339092322       -3.6159553735
HB3         0.4398496122       -3.4577316251       -2.5409712812
OG         -0.2556045927       -1.5795556314       -3.0621337331
HG          0.3440655556       -1.5304485396       -3.8391742544
C          -0.7264559300       -2.6983846097       -0.2395113631
O           0.1550232127       -3.4188590351        0.2390453756
N          -1.1321383901       -1.5823074723        0.3825296404
H          -1.8383544429       -1.0252088623       -0.0791703080
CA         -0.6469938103       -1.1254269522        1.6959849595
HA          0.4123535706       -1.3725852098        1.7863771120
CB         -0.7864055671        0.4090624714        1.7756837204
HB2        -1.8307393028        0.6859237168        1.6176185632
HB3        -0.4969062621        0.7290780444        2.7774095125
CG          0.0999983599        1.1395881354        0.7487250160
HG2         1.1442459826        0.8731459350        0.9191995632
HG3        -0.1726143265        0.8180069668       -0.2570747619
CD         -0.0450740073        2.6683368286        0.8081692500
HD2        -1.0945533147        2.9334871693        0.6649606783
HD3         0.5306787596        3.0956431301       -0.0151799929
CE          0.4644535658        3.2547660355        2.1345893873
HE2        -0.1295120230        2.8465931006        2.9575807597
HE3         1.5025684007        2.9413224865        2.2822317787
NZ          0.3818280500        4.7403286706        2.1487545177
HZ1         0.9400849272        5.1450557799        1.4094534641
HZ2         0.7201571997        5.1124660532        3.0260968367
HZ3        -0.5712738350        5.0555543010        2.0293528225
C          -1.3489492175       -1.8202095304        2.8888864797
O          -0.9319046956       -1.6404149449        4.0384299676
N          -2.3992158056       -2.6133295795        2.6360401186
H          -2.6801251533       -2.7155887770        1.6687844306
CH3        -3.1659864719       -3.3398446157        3.6440807417
HH31       -3.9668902167       -3.9029131928        3.1623562490
HH32       -2.5159976773       -4.0348766409        4.1784995180
HH33       -3.6045661889       -2.6390419117        4.3566075064
          45
Energy of minimum     16=    -69.29299156     first found at step      342 after               119993 function calls
HH31       -4.9626347975        0.8122120384        1.5153624836
CH3        -5.6062906990        0.0909362599        2.0179915385
HH32       -6.1483223672        0.5877761661        2.8223024477
HH33       -6.3174058235       -0.3171379787        1.3003917211
C          -4.7597892679       -1.0338043493        2.5835623024
O          -4.7530811599       -1.2693441131        3.7909676857
N          -4.0255568901       -1.7266033914        1.7146569792
H          -4.1133960917       -1.5056437109        0.7310935046
CA         -3.2309006076       -2.9231732434        2.0582476407
HA         -3.8820279043       -3.6454497005        2.5524372552
CB         -2.6988608851       -3.5784325902        0.7722691856
HB2        -1.9772471260       -2.9056347343        0.3038883418
HB3        -2.1865080987       -4.5070594716        1.0321767316
OG         -3.7504215258       -3.8608923803       -0.1500676738
HG         -3.3713956713       -4.2958561756       -0.9460409550
C          -2.0525275846       -2.6546802927        3.0190149782
O          -1.5113997405       -3.5888801558        3.6170210224
N          -1.6676983313       -1.3848717455        3.2103526972
H          -2.1438479805       -0.6678699348        2.6786290903
CA         -0.6380609836       -0.9543765602        4.1720243380
HA          0.1504366443       -1.7084338346        4.2071628106
CB         -0.0133654669        0.3657566951        3.6766149455
HB2         0.7016424082        0.7173708231        4.4229029897
HB3        -0.7961056792        1.1201965774        3.5743468414
CG          0.7276433858        0.2085090462        2.3375670293
HG2         1.4936963663       -0.5598500434        2.4462349507
HG3         0.0253508154       -0.0996037251        1.5617867323
CD          1.3814142542        1.5343064311        1.9169237553
HD2         2.1044693701        1.8467601804        2.6731011917
HD3         0.6049643231        2.2995369239        1.8577748563
CE          2.0698612069        1.4469669746        0.5445145399
HE2         1.3534620081        1.0623342230       -0.1878368627
HE3         2.3435614442        2.4602011500        0.2346609231
NZ          3.2910975564        0.5946496934        0.5628992492
HZ1         3.7364387689        0.5876681123       -0.3452409609
HZ2         3.0725609409       -0.3629290687        0.8009349284
HZ3         3.9677358448        0.9397865097        1.2303419005
C          -1.1621790464       -0.8205361289        5.6228583334
O          -0.3669143677       -0.6259797801        6.5488487865
N          -2.4803802793       -0.9289779863        5.8370830479
H          -3.0703593249       -1.0906013139        5.0292584234
CH3        -3.1308655136       -0.8311828083        7.1405327637
HH31       -2.7566334975       -1.6125489346        7.8042757292
HH32       -2.9298298403        0.1446381755        7.5860820215
HH33       -4.2089534679       -0.9518969146        7.0236297097
          45
Energy of minimum     17=    -69.18223936     first found at step       38 after                13195 function calls
HH31       -1.6232782498        2.8685214176        4.9619131756
CH3        -1.9179182259        3.6272966907        5.6862122820
HH32       -1.0922894320        3.8129684193        6.3728246688
HH33       -2.1655425522        4.5488166776        5.1602349245
C          -3.1324136267        3.1456677464        6.4571540923
O          -3.0884107248        3.0056357747        7.6785435221
N          -4.2230207994        2.8667918370        5.7461091255
H          -4.1897007819        2.9747104165        4.7401803180
CA         -5.5066473693        2.4272760431        6.3264003618
HA         -5.7708450901        3.1053967860        7.1395522118
CB         -6.6130800925        2.5348308988        5.2631800538
HB2        -6.7429636205        3.5869381320        5.0016656757
HB3        -7.5525345228        2.1701530260        5.6834491042
OG         -6.2936181978        1.7971491833        4.0838511876
HG         -7.0229926868        1.9015596624        3.4336007818
C          -5.4744708746        1.0095457733        6.9371713751
O          -6.3707686538        0.6390389057        7.7016382651
N          -4.4209093498        0.2273396407        6.6628882801
H          -3.7378052828        0.5833736348        6.0079458124
CA         -4.1712026142       -1.0930942410        7.2655156232
HA         -5.1265041510       -1.5997108835        7.4143113540
CB         -3.3309506007       -1.9379326249        6.2860643186
HB2        -3.0971221570       -2.8938546763        6.7586276552
HB3        -2.3909431640       -1.4225691237        6.0784207562
CG         -4.0645053250       -2.2214712371        4.9636545137
HG2        -4.2680656396       -1.2827270637        4.4466047204
HG3        -5.0109966924       -2.7160830728        5.1840411558
CD         -3.2144862575       -3.1169560189        4.0485213758
HD2        -3.0230303023       -4.0729180217        4.5401449338
HD3        -2.2535555622       -2.6268924871        3.8800950361
CE         -3.8723216166       -3.3588207130        2.6796819231
HE2        -3.1379264355       -3.8424862180        2.0283283435
HE3        -4.1226886743       -2.3925389141        2.2312297077
NZ         -5.0887094566       -4.2138695929        2.7651956218
HZ1        -5.4745694435       -4.3804336753        1.8451752269
HZ2        -5.8104589370       -3.7781560047        3.3225285287
HZ3        -4.8747971989       -5.1142597395        3.1725745518
C          -3.5068191259       -1.0194265601        8.6623625894
O          -3.3802608455       -2.0459558801        9.3391200472
N          -3.0886874198        0.1738422435        9.1065506617
H          -3.2306275505        0.9703052080        8.4979200183
CH3        -2.4475955919        0.4132064276       10.3963544119
HH31       -2.2071959754        1.4727435833       10.4970382476
HH32       -3.1190185557        0.1235936834       11.2065823376
HH33       -1.5264144415       -0.1675744219       10.4690956834
          45
Energy of minimum     18=    -69.13803491     first found at step       74 after                25216 function calls
HH31       -4.9491362028       -3.2354526931       -2.0958645492
CH3        -4.6954169918       -2.6692151157       -1.2002304901
HH32       -5.3763059389       -2.9421854483       -0.3943473435
HH33       -4.7904110241       -1.6041982720       -1.4096534493
C          -3.2664487024       -2.9793901028       -0.7962166311
O          -3.0163053805       -3.4656415704        0.3057171629
N          -2.3157551726       -2.6842017169       -1.6811620316
H          -2.5979524131       -2.3272744198       -2.5850117329
CA         -0.8868703452       -3.0191846323       -1.5158840348
HA         -0.7995722636       -4.0875369298       -1.3136816398
CB         -0.1318275768       -2.7296096198       -2.8244105673
HB2        -0.1315902757       -1.6521730933       -3.0027302349
HB3         0.9029347763       -3.0620744777       -2.7188218824
OG         -0.7303451910       -3.3932052530       -3.9369115132
HG         -0.2061433764       -3.2006198196       -4.7459468977
C          -0.1881064935       -2.2867411612       -0.3500971703
O           0.8953424856       -2.6925483834        0.0795303035
N          -0.8085254693       -1.2331936499        0.2000897364
H          -1.6884657548       -0.9443025604       -0.2070970152
CA         -0.3301469886       -0.5040354519        1.3875837736
HA          0.7602091747       -0.4598634042        1.3599248635
CB         -0.8663299646        0.9410563458        1.3375927635
HB2        -1.9571951882        0.9221802343        1.2936061678
HB3        -0.5726262427        1.4544870518        2.2551530439
CG         -0.3168337220        1.7397333945        0.1429883449
HG2        -0.6363970717        1.2697535318       -0.7872548627
HG3         0.7735560495        1.7381409847        0.1837794529
CD         -0.8198267920        3.1917226571        0.1803957121
HD2        -1.9097958935        3.2067181974        0.1172993317
HD3        -0.5327335996        3.6335936464        1.1365620678
CE         -0.2211042471        4.0578809705       -0.9405609627
HE2        -0.4741565064        5.1028014938       -0.7363650751
HE3         0.8694921187        3.9729071725       -0.9100472448
NZ         -0.7260825014        3.6879043121       -2.2919342195
HZ1        -0.4693503813        2.7420968913       -2.5385912770
HZ2        -1.7331268486        3.7659358408       -2.3399250091
HZ3        -0.3400345004        4.3008983820       -2.9979396110
C          -0.6925013190       -1.1934122662        2.7258996725
O          -0.2087500595       -0.7756984830        3.7838515897
N          -1.5250529779       -2.2428637353        2.6977972117
H          -1.8802312301       -2.5299616644        1.7932382575
CH3        -1.9600943626       -3.0019252822        3.8666605876
HH31       -2.6385429045       -3.7981985977        3.5565540560
HH32       -1.0971707298       -3.4459547028        4.3659981053
HH33       -2.4805737154       -2.3452713445        4.5659900091
          45
Energy of minimum     19=    -69.07129869     first found at step      119 after                41311 function calls
HH31       -5.4113142068       -2.2970925222        0.5721433248
CH3        -5.1283217536       -3.3479340649        0.5151990841
HH32       -6.0138790064       -3.9509480827        0.3167554889
HH33       -4.4108072323       -3.4868045652       -0.2929351079
C          -4.5040865367       -3.7863316592        1.8264401646
O          -4.3776503341       -2.9933186966        2.7583561626
N          -4.0920401906       -5.0508934516        1.9009024983
H          -4.2679756729       -5.6590498756        1.1113314149
CA         -3.5630447385       -5.6878413293        3.1240724755
HA         -4.2946058247       -5.5698031588        3.9245849376
CB         -3.3740207609       -7.1952524958        2.8835786164
HB2        -2.5823385667       -7.3401181302        2.1453432541
HB3        -3.0651785482       -7.6683113518        3.8180561261
OG         -4.5744644047       -7.8092857172        2.4166101936
HG         -4.4161787809       -8.7718411484        2.2944178275
C          -2.2384662227       -5.0828028943        3.6366863602
O          -1.8676800468       -5.2859207190        4.7960892201
N          -1.5358688350       -4.3011673987        2.8043184011
H          -1.8840607451       -4.1952701105        1.8608536644
CA         -0.3253081237       -3.5504825779        3.1782643501
HA          0.2796658210       -4.1874691061        3.8262802174
CB          0.5042573943       -3.2759317416        1.9068027138
HB2         0.7047657289       -4.2278391080        1.4109867021
HB3         1.4647123852       -2.8502908213        2.2037542414
CG         -0.1715631605       -2.3198601600        0.9057874155
HG2        -0.3404675921       -1.3558411707        1.3857110778
HG3        -1.1320136139       -2.7327408413        0.5945408553
CD          0.7117119088       -2.1243301960       -0.3368738561
HD2         1.6736946448       -1.6987043313       -0.0439248307
HD3         0.9001883461       -3.1022793282       -0.7843123618
CE          0.0521724868       -1.2333534996       -1.4031834580
HE2         0.6434178062       -1.3066096425       -2.3212409496
HE3        -0.9459522146       -1.6235055009       -1.6249621623
NZ         -0.0346853503        0.1958102836       -0.9921170504
HZ1         0.8810548171        0.5743878446       -0.7900541561
HZ2        -0.4377984033        0.7566117205       -1.7313036355
HZ3        -0.6137411280        0.3139614067       -0.1723097813
C          -0.5995697023       -2.2636614853        3.9942996414
O           0.3406004027       -1.6534299650        4.5142132857
N          -1.8665898109       -1.8451836980        4.1140267025
H          -2.5836779170       -2.3961351654        3.6563796757
CH3        -2.2925374966       -0.6567916578        4.8472429312
HH31       -3.3757470455       -0.5479979685        4.7741727065
HH32       -1.8179767364        0.2316670737        4.4270714493
HH33       -2.0156638447       -0.7478780789        5.8989979227
          45
Energy of minimum     20=    -69.02914619     first found at step        0 after                  364 function calls
HH31       -3.8651578635       -1.9635361214        1.3841787508
CH3        -4.3384973966       -1.9211257472        2.3646510860
HH32       -4.3232515027       -0.8946522428        2.7302759412
HH33       -5.3705634094       -2.2600414409        2.2802051758
C          -3.5892215913       -2.8232804062        3.3269967779
O          -3.0719486320       -2.3649795579        4.3446683595
N          -3.5112108334       -4.1126761618        3.0024042495
H          -3.9968828322       -4.4268987004        2.1721206248
CA         -2.9256305943       -5.1586416666        3.8651961282
HA         -3.4084024736       -5.1169014216        4.8424608131
CB         -3.2100830675       -6.5453073072        3.2629822015
HB2        -2.8484766068       -7.3126835501        3.9505798516
HB3        -2.6653653370       -6.6413893403        2.3212390280
OG         -4.6034212993       -6.7418387984        3.0258879339
HG         -4.7431475832       -7.6435263864        2.6600227543
C          -1.4085827937       -5.0108246596        4.1105117719
O          -0.8638880652       -5.6244697112        5.0321849941
N          -0.7179946330       -4.1755455604        3.3216653914
H          -1.2227755780       -3.7151409361        2.5751457130
CA          0.7076581457       -3.8455497446        3.4875903789
HA          1.2291365812       -4.7176420286        3.8839947412
CB          1.3045227411       -3.5046881387        2.1047845830
HB2         0.8177787058       -2.6027211429        1.7286429455
HB3         2.3634985415       -3.2703289961        2.2234956353
CG          1.1619407471       -4.6048813571        1.0329210071
HG2         1.6348537525       -4.2485656320        0.1166247255
HG3         0.1040264128       -4.7516339893        0.8119193365
CD          1.7744642024       -5.9684443758        1.3962132439
HD2         1.5978661952       -6.6495275380        0.5613225100
HD3         1.2679731640       -6.3762103065        2.2726308406
CE          3.2865957572       -5.8750916148        1.6568255972
HE2         3.7664156662       -5.4280071418        0.7805065194
HE3         3.4639151885       -5.2121432406        2.5089527292
NZ          3.8845069864       -7.2107910655        1.9277568254
HZ1         4.8791530968       -7.1340556042        2.0944916127
HZ2         3.4697320677       -7.6417238384        2.7429000416
HZ3         3.7545172490       -7.8357281341        1.1436061864
C           0.9663978760       -2.7096340909        4.5074218306
O           2.1249055232       -2.4308649344        4.8349976338
N          -0.0872429884       -2.0582153727        5.0177374572
H          -1.0072284878       -2.3442770603        4.7035480827
CH3        -0.0127611876       -0.9696241094        5.9879800835
HH31        0.4682479229       -1.3176194037        6.9037794870
HH32       -1.0184571391       -0.6202228489        6.2267949887
HH33        0.5618648053       -0.1390509889        5.5742929711
