      2.10565943586282511291      3.28094649647757341526      3.43161919445933838446
      2.15910082147520876461      2.73805016349337293491      2.48883245350808879337
      2.44781540837022681956      3.41994826659288531090      1.68988097024253325351
      2.89641992863279673642      1.94067834628504343186      2.57225197182834008913
      0.80466174590917405318      2.14023718938827389735      2.18237995327762090980
      0.17624403798197091353      2.50564646829494153124      1.18905411108654801566
      0.35472294459463504790      1.22004456725571963638      3.03471941048110327444
      0.94206340267213861672      0.97259495340088963911      3.81720985274285951050
     -0.94567418002810121891      0.55322929632082851192      2.91601484831310298063
     -1.71659670519119056387      1.32546609726536090967      2.87524480562555284635
     -1.18778669817662363428     -0.28176632200245849136      4.18070825658909495104
     -1.14023332723230041985      0.35792279589900211079      5.06331938248081225851
     -0.43285677538443256829     -1.06563738466725710374      4.26204000442931985049
     -2.17540590196012750823     -0.74312940678315153598      4.13508895402766984972
     -1.07057067446571085867     -0.29945144766784514978      1.63373744880665405788
     -0.08539031850388066613     -0.84558107615189381789      1.12551985990330871701
     -2.29151107602681047837     -0.41141342400561614623      1.09765060047204987548
     -3.06430052204207514777      0.04169834369384595868      1.56621055233752803915
     -2.58929736441616276110     -1.20073750991418992662     -0.10435469588148986453
     -2.25457728668128831728     -2.22591816287743515801      0.06518455022596454651
     -4.11186667927936166933     -1.22199611593992019110     -0.29097401068760070375
     -4.36712976700151589426     -1.84475957669071166656     -1.14966683311153139435
     -4.48454389769610273220     -0.21066773442663527804     -0.46225087062418634964
     -4.58972062189133911403     -1.63808032438883688364      0.59727395939002581038
     -1.87324526136847069324     -0.68688411363099877160     -1.37483435492273597944
     -1.57431918616605193151     -1.47387011574167048344     -2.27719108334070030608
     -1.53860344550919148077      0.60922816088789755185     -1.43254326691053424092
     -1.81640317771046277961      1.20610019580866101307     -0.66604446109643122842
     -0.79136328401352784567      1.22074055400963010776     -2.53775158579625292887
     -1.25294796856005907770      0.91249283667630287642     -3.47773810280751760615
     -0.93276081890275153174      2.74375063166771138157     -2.42071356341944499135
     -1.98788620925008818752      3.02103280617496583460     -2.42638695482210708931
     -0.47135573735801522544      3.09447026448914241925     -1.49660459813698953901
     -0.43988992781905505991      3.22375875934108657717     -3.26725978660810811860
      0.69346332270500310457      0.78914013568769958429     -2.59523511524085037649
      1.32414221167855106209      0.89452740729217616877     -3.65153944677665265317
      1.24486406350358502770      0.27243810039079263685     -1.48868504331315643086
      0.67702197744790360012      0.23268537121820534463     -0.65209299609721838031
      2.60357857406011561352     -0.27581257551418109086     -1.39739368475231118261
      3.21625812727070048425      0.17674908208851816682     -2.17879982586499343356
      3.19785243564667931437      0.15364460972766083580     -0.04912942254759489202
      3.16893498074355806082      1.24045223320904485220      0.03630520788453698439
      4.23609617338483968041     -0.17358629091790495069      0.01804842533395412812
      2.63155532761337163095     -0.29087159591091743538      0.77014146514708836655
      2.67606014140958592407     -1.80848355967518759080     -1.61802485629742687223
      3.76799589474615359563     -2.38729436717809662127     -1.58458378475659444895
      1.53442414749107491900     -2.47662349144928350952     -1.84567783373314542317
      0.67805069066726275651     -1.93909936911458880004     -1.86938929582827206843
      1.43250474015649587045     -3.91936946370458372257     -2.06602313155096650732
      0.39114262292054369219     -4.19774070883633054763     -2.23947612829031905690
      2.02453501401982416397     -4.20936370662080161509     -2.93658493389240193849
      1.80106864167047242553     -4.45953628922673495083     -1.19148657148556269547
