         1      -38.7473509322
         2      -38.7473509230
         3      -38.7473508258
         4      -38.7473508557
         5      -38.7473507218
         6      -38.1350246319
         7      -38.7722803253
         8      -38.7722804008
         9      -38.7722804178
        10      -35.7441465352
        11      -38.7722804020
        12      -38.7473509343
        13      -38.7473505845
        14      -38.7473508846
        15      -38.7473509418
        16      -38.7473509471
        17      -38.7473509397
        18      -38.7473509190
        19      -38.7473507565
        20      -38.7473506426
        21      -38.7473509163
        22      -38.7473508997
        23      -38.7473509314
        24      -38.7473509370
        25       98.3372294472
        26      -38.7473509314
        27      -38.7473508871
        28      -38.7473509326
        29      -38.7473508144
        30      -36.6175995847
        31      -38.7473509394
        32      -38.7473506165
        33      -38.7473509267
        34      -35.6208348025
        35      -38.7473509135
        36       96.1248133917
        37      -38.7473509121
        38      -35.6208348205
        39      -38.7473509289
        40      -38.7473509384
        41      -36.6695655057
        42      -38.7473509291
        43      -38.7473508754
        44      -38.7473509359
        45      -38.7473509467
        46      -38.7473508459
        47      -38.7473509134
        48      -38.7473509392
        49      -38.7473509352
        50      -38.7473508660
        51      -38.7473509387
        52      -38.7473509111
        53      -38.7473509237
        54      -38.7473509417
        55      -38.7473508364
        56      -38.7473508722
        57      -38.7473508323
        58      -38.7473509050
        59      -38.7473509356
        60      -38.7473509144
        61      -35.6208348165
        62  1000000.0000000000
        63      -38.7473509371
        64      -38.7473509395
        65      -39.5414777180
        66      -39.5414777457
        67      -39.6424162697
        68      -39.6424162562
        69      -39.6424162385
        70      -39.6424162653
        71      -39.6424162209
        72      -39.6424162439
        73      -39.6424162045
        74      -37.3469386897
        75      -39.6424162568
        76      -39.6424162664
        77      -39.6424162636
        78      -39.6424162512
        79      -37.3469386412
        80      -39.6272838203
        81      -39.6424162723
        82      -39.6424162138
        83      108.7434414681
        84      -39.6424162357
        85      -39.6272839678
        86      -39.6272839746
        87      -39.6256124586
        88      -39.6272837517
        89      -41.1220673520
        90      -41.1220673468
        91      -41.1220673569
        92      -41.1220671133
        93      -41.1220673318
        94      -41.1220672614
        95       93.4231830948
        96      -41.1220673601
        97      -41.1220673608
        98      -41.1220672252
        99      -41.1220671840
       100      -32.2946085887
       101      -41.1220672174
       102      -41.1220673430
       103      -41.1220672689
       104      -41.1220673633
       105      -41.1220673393
       106      -41.1220673675
       107      -41.1220673047
       108      -38.9430867114
       109      -41.1220673189
       110      -41.1220673569
       111      -41.1220672780
       112      -41.1220673375
       113      -41.1220673529
       114      -41.1220672973
       115      -41.1220672724
       116      -41.1220673442
       117      -41.1220673643
       118      -40.8506102092
       119      -41.1220672394
       120      -41.1220673608
       121      -41.1220673476
       122      -41.1220673667
       123      -41.1220673610
       124      -41.1220673437
       125      -38.6710742007
       126      -41.1220673511
       127      -41.1220671781
       128      -41.1220673189
       129      -40.8506104647
       130  1000000.0000000000
       131      -40.8506104576
       132      -40.8506104314
       133      -38.6973936146
       134      -40.8506101704
       135      -34.2638170448
       136      -40.8506104525
       137      -40.8506104284
       138      -40.8506104580
       139      -40.8506104524
       140      -41.6474138153
       141      -41.6474138194
       142      -41.6474137685
       143      -41.6474138069
       144      -41.6474138085
       145      -41.6474137468
       146      -41.6474138086
       147      -41.6474137291
       148      -41.6474138240
       149      -41.6474137644
       150      -41.6474137719
       151      -41.6474137919
       152      -41.6474137909
       153      -41.6474137911
       154      -41.6474138228
       155       45.3210439621
       156      -41.6474138105
       157      -41.6474137891
       158      -34.2638170360
       159      -41.6474138055
       160      -41.6474138168
       161      -41.6474138248
       162  1000000.0000000000
       163      -41.6474137647
       164      -41.6474137978
       165      -41.6474136138
       166      -41.6474138091
       167      -41.6474138257
       168      -41.6474137633
       169      -41.6474138166
       170      -41.6474138301
       171      -41.6474137162
       172      -41.6474138044
       173      -41.6474138246
       174      -41.6474138184
       175      -41.6474138116
       176      -41.6474137936
       177      -40.6888472760
       178      -41.6474138215
       179      -41.6474138223
       180      -40.6888473084
       181      -40.6888473155
       182      -40.6888473267
       183      -40.6888472128
       184      -40.6888473184
       185      -40.6888472991
       186      -41.6474138260
       187      -39.7468586663
       188      -41.6474137919
       189      -41.6474138224
       190      -42.1892089556
       191      -42.1892089559
       192      -40.2501031176
       193      -42.1892089714
       194      -42.1892088273
       195      -42.1892089673
       196      -42.1892089652
       197      -42.1892089341
       198      -42.1892089724
       199      -42.1892089589
       200      -42.1892089451
       201      -42.1892089453
       202      -42.1892089774
       203      -42.1892089727
       204      -42.1892088931
       205      -42.1892089514
       206      -42.1892089465
       207      -40.2501032254
       208      -40.2181519277
       209      -41.6474138009
       210      -40.3252580276
       211      -42.1892089488
       212       86.6042491437
       213      -41.6474138251
       214      -42.1892089672
       215      -42.1892088484
       216      -42.1892089584
       217      -39.7468586829
       218      -40.2501032346
       219      -40.2501030808
       220      -41.0703445360
       221      -41.0703445205
       222      -41.0703445078
       223      -41.0703444750
       224      -41.0703445370
       225      -40.9313819059
       226      -40.9313819075
       227      -40.9313818861
       228      -39.2260714580
       229  1000000.0000000000
       230      -40.9313818857
       231       93.5481003629
       232      -40.9313819076
       233      -40.9313818882
       234      -40.9313818970
       235      -40.9313819030
       236      -40.9313818347
       237      -40.9313818688
       238      -40.9313818842
       239      -38.6981692424
       240      -40.6542568855
       241  1000000.0000000000
       242      -40.6542568749
       243      -40.6542568781
       244      -38.9850067766
       245       79.6046475947
       246      -40.6542568915
       247      -40.6542568730
       248      -40.6542568387
       249      -40.6542568899
       250      -40.6542568864
       251      -40.6542568584
       252      -36.1116328457
       253      -40.6542568870
       254      -40.6542568952
       255      -38.5561533877
       256      -40.6542568880
       257      -40.6542568803
       258       96.7046389277
       259      -40.6542568271
       260      -38.3009331920
       261      -38.5561534083
       262      -38.5561533750
       263      -36.1116328390
       264      -38.5561530461
       265      -36.9438497275
       266      -40.9313819047
       267      -40.9313818900
       268      -40.9313802674
       269      -40.9313819088
       270      -38.5561534009
       271      -40.9313819081
       272      -40.9313818922
       273  1000000.0000000000
       274      -40.9313818808
       275      -40.9313819010
       276      -40.9313818806
       277      -40.9313819091
       278      -39.2260713641
       279      -39.2260714637
       280      -39.2260714499
       281      -38.9850067772
       282      -39.2260714631
       283      -39.2260714483
       284      -39.2260714490
       285       85.3550405455
       286      -36.7817635576
       287      -39.2260714725
       288      -33.3421365853
       289      -39.2260714600
       290      -39.2260714622
       291      -39.2260714673
       292      -39.2260714557
       293      -37.8454003908
       294      -39.2260714481
       295      -39.2260714663
       296      -39.2260714666
       297      -39.2260714632
       298      -36.7817634106
       299      -39.2260714530
       300      -39.2260714667
       301      -31.9337612364
       302      -39.2260714573
       303      -39.2260714722
       304      -39.2260714705
       305      -39.2260714708
       306      -39.2260714681
       307      -38.9850067710
       308      -38.1796975397
       309      -38.1796975520
       310      -40.9128284343
       311  1000000.0000000000
       312      -40.9128284449
       313       97.4825634147
       314      -40.9128284618
       315      111.8038755596
       316      -40.9128284481
       317      -40.9128284178
       318      -40.9128284485
       319      -40.9128284435
       320  1000000.0000000000
       321      -38.4488212489
       322      -40.9128284603
       323  1000000.0000000000
       324      -40.9128284167
       325      -40.4685123073
       326      -40.9128271372
       327  1000000.0000000000
       328      -40.9128284472
       329      -38.4488212490
       330  1000000.0000000000
       331      -40.9128284364
       332  1000000.0000000000
       333      -40.9128284660
       334      -40.9128280581
       335      -40.4685122806
       336      -38.8079690159
       337      -40.4685121380
       338      -40.9128284555
       339      -40.9128284512
       340      -38.8875532087
       341      -38.4488212709
       342      -40.9128284140
       343  1000000.0000000000
       344      -40.9128284056
       345      -40.9128284586
       346      -40.9128284423
       347      -40.9128284675
       348      -40.9128284494
       349      -40.9128279363
       350      -38.4488212751
       351      -39.1106760644
       352      -40.9128279888
       353      -40.0095732744
       354      -40.9128284398
       355      -40.9128284529
       356      -40.9128284489
       357      -40.9128284462
       358      -39.1106760712
       359      -38.8079690633
       360      -38.8079690707
       361      -37.9805774260
       362      -40.4685123005
       363      -40.4685122952
       364      -40.0095732677
       365      -39.3518818598
       366      -36.8783643999
       367      -39.3518818675
       368      -36.8783643881
       369       94.9912501583
       370      -36.8783636309
       371      -37.1620618938
       372      -21.7450502259
       373      -37.1620618908
       374      -37.1620618936
       375      -35.8217001686
       376      -37.1620619107
       377      -37.1620618519
       378      -35.4797452278
       379      -37.1620618830
       380      -39.6799895205
       381      -39.6799895072
       382      -39.6799895087
       383      -39.3518818499
       384      -39.3518818342
       385      -39.3518818549
       386      -39.3518818291
       387      -38.4405232162
       388      -38.4405231988
       389      -38.4405231752
       390  1000000.0000000000
       391      -38.4405223396
       392       98.6878784123
       393      -38.4405231724
       394      -36.9049732924
       395      -38.4405231975
       396      -38.4405231941
       397      -34.1438005303
       398  1000000.0000000000
       399      -38.4405231868
       400      -38.4405231858
       401      -38.4405231431
       402      -38.4405231817
       403      -38.5074168456
       404      -38.5074166083
       405      -36.9829443837
       406      -38.5074168304
       407      -39.3577582630
       408      -39.3577582716
       409      -39.2893412449
       410      -38.0398678155
       411      -38.1755611645
       412      -38.4667231532
       413      -40.1762342682
       414      -38.3818568768
       415      -40.3509077898
       416      -40.3509077593
       417  1000000.0000000000
       418      -37.4475908835
       419      -40.3509077864
       420      -40.3509077646
       421      -40.3252579735
       422      -40.3252580085
       423      -40.3131817490
       424      -37.0071970436
       425      -40.3131817251
       426      -40.3311897604
       427       98.0123155158
       428      -37.3493244001
       429      -40.3131817106
       430      -37.6547982985
       431       98.7312517762
       432      -40.3311897570
       433      -40.3311896719
       434      -37.3536826290
       435  1000000.0000000000
       436      -37.3536826411
       437      -38.9129842114
       438      -38.9129841920
       439      -39.3541053700
       440      -39.7544066069
       441      -36.1381745179
       442      -39.7544066301
       443      -39.7544066478
       444      -39.7544066515
       445      -39.0027303976
       446      -39.7544065548
       447      -40.6881914833
       448      -40.6881914174
       449      -40.5210800876
       450      -35.4477850273
       451      -40.5210800496
       452      -40.5210799716
       453      -40.5210800786
       454      -40.5210800695
       455      -35.4477850004
       456  1000000.0000000000
       457      -40.5210800440
       458      -40.3509076948
       459      -40.3509077688
       460      -40.3509077672
       461      -40.5210800391
       462      -39.3541053748
       463      -39.7628282328
       464      -34.8993274480
       465      -39.7628279608
       466      -39.9269737195
       467      -39.9269737124
       468      -39.9269736980
       469      -39.9269737074
       470      -42.1892089694
       471      -35.2641404984
       472      -42.1892089794
       473      -40.2181518926
       474      -40.2181518991
       475      -42.1892089725
       476      -40.6888473248
       477      -40.2501032235
       478      -42.1892089331
       479      -37.4475909054
       480      -35.6811015947
       481      -40.2181518959
       482      -41.0703445228
       483      -41.0703445156
       484      -40.6888472546
       485      -32.9081468629
       486      -40.6888472880
       487      -34.5790507511
       488      -40.6888473242
       489       79.5070371708
       490      -30.7230716283
       491      -41.0703444853
       492  1000000.0000000000
       493      -38.9430866652
       494      -41.0703445142
       495      111.7393686481
       496      -41.0703445424
       497      -41.0703445345
       498  1000000.0000000000
       499      -33.6389929110
       500      -36.7790264942
       501      -38.4268596446
       502      -41.0703445312
       503      -41.0703445225
       504      -41.0703444885
       505      -40.2181518805
       506      -41.0703444853
       507      -41.0703445275
       508      -38.9430865984
       509      -41.0703445367
       510      -28.5372759797
       511      -39.1110483434
       512      -41.6474138253
       513      -41.6474138207
       514      -39.8622771261
       515      -41.6474138254
       516      -40.6888473197
       517      -36.9104856256
       518      -40.6888473118
       519      -40.6888466743
       520      -34.7350352500
       521      -37.4057270864
       522      -40.6888472176
       523      -40.6888473090
       524      -34.5790507643
       525      -34.5790507634
       526      -40.6888473164
       527      -40.6888473209
       528      -40.6888472729
       529      -41.2522504951
       530      -40.9927956716
       531      -40.9927956560
       532      -40.9927956708
       533  1000000.0000000000
       534      -39.6416465804
       535      -40.9927956729
       536  1000000.0000000000
       537      -41.5740365608
       538      -41.5740365592
       539      -39.7544066398
       540      -41.5740365652
       541      -41.5740365508
       542      -40.4359310985
       543      -41.5740365705
       544      -40.8259671235
       545      -34.6535693998
       546      -33.3421921515
       547      -35.8477138107
       548      -41.7577800477
       549      -41.7577800377
       550      -38.9942773879
       551      -38.9942773921
       552      -31.2428004524
       553      -34.1311352773
       554      -38.7771784131
       555      -38.7771784413
       556      -40.3781235227
       557      -40.3781235230
       558  1000000.0000000000
       559      -39.0425644163
       560      -40.3781234720
       561      -40.1675408836
       562      -40.1675408752
       563      -40.1675408773
       564      -36.8518935003
       565      -40.1675408375
       566      -40.1675408624
       567      -37.7893306345
       568      -34.6755946989
       569      -40.1675408472
       570      -34.3404450010
       571      -40.0615594996
       572      -41.8255451457
       573  1000000.0000000000
       574      -41.8255449679
       575      -23.4821085898
       576      -42.0260988544
       577      -42.0260987824
       578  1000000.0000000000
       579      -42.0260988643
       580      -42.0260988326
       581      -40.7482926385
       582      -42.0260988425
       583      -42.0260988602
       584      -38.1042329935
       585      -41.8255451337
       586      -41.8255451503
       587      -41.8255451078
       588      -41.8255451555
       589      -39.5919631052
       590       94.3538479332
       591      -40.2414238831
       592      -40.2414238765
       593       92.3899321578
       594  1000000.0000000000
       595      -34.0911148985
       596      -40.2414238506
       597      -40.3490501797
       598      -38.9054158564
       599      -40.3490502234
       600      -38.8390649802
       601      -38.9830992890
       602      -40.3490502024
       603      -38.9830992972
       604      -34.7034702593
       605      -34.9093179358
       606      -40.3490502166
       607      -28.7617153073
       608       95.4066330707
       609      -41.8255451405
       610      -33.9962664451
       611      -40.9524730505
       612      -37.5773324217
       613      -41.5740365730
       614  1000000.0000000000
       615      -38.5561534080
       616      -41.7577797939
       617      -27.7004644478
       618  1000000.0000000000
       619      -40.7482926104
       620      -40.9927956853
       621      -41.7577800422
       622      -41.7577800341
       623      -35.1991845117
       624      -34.9517115971
       625       94.0784223905
       626       92.9168614004
       627       94.3538479265
       628      -33.6772137260
       629      -42.0260988435
       630      -41.8255451007
       631      -41.8255451479
       632       78.3972522164
       633  1000000.0000000000
       634      -34.0586496917
       635      -37.5773323716
       636      -32.0833140328
       637      -31.7870677758
       638      -41.8255450979
       639  1000000.0000000000
       640  1000000.0000000000
       641      -35.1418073926
       642      -41.8255450070
       643      -40.3526579677
       644  1000000.0000000000
       645      -39.8846707113
       646  1000000.0000000000
       647      -40.3526579828
       648  1000000.0000000000
       649      -36.7812632118
       650      -42.0260988494
       651      -42.0260988341
       652      -39.6009521179
       653      -42.0260988567
       654      -42.0260984803
       655      -42.0260988600
       656      -41.7577800488
       657      -41.7577800356
       658      -34.0586496924
       659      -41.7577800405
       660      -41.7577800286
       661      -40.4359310980
       662      -39.4439050483
       663      -34.7438350819
       664      -37.9443680061
       665  1000000.0000000000
       666      -40.4359310634
       667      -41.3879413765
       668      -41.3879431788
       669      -41.3879431767
       670      -37.1907555333
       671  1000000.0000000000
       672      -41.6474138036
       673      -41.6474137801
       674      -39.8622771197
       675      -42.1892089891
       676      -42.1892089606
       677      -42.1892089691
       678      -42.1892089686
       679      -18.6728361445
       680      -42.1892089549
       681      -42.1892089761
       682      -34.8993251869
       683  1000000.0000000000
       684  1000000.0000000000
       685      -37.4475909115
       686      -40.2501031700
       687      -42.1892089663
       688      -40.2501032002
       689      -42.1892088918
       690      -40.6850591802
       691      -40.6850591501
       692      -40.6850591043
       693  1000000.0000000000
       694      -40.6850591296
       695      -34.8535898630
       696      -38.9743974214
       697      -40.6850591321
       698      -37.3093193488
       699      -40.6850589811
       700      -37.3093196025
       701      -40.6850591281
       702  1000000.0000000000
       703      -40.6850591621
       704      -40.6850589850
       705      -40.6850591333
       706      -34.8376917182
       707      -33.1148708961
       708      -29.6678498210
       709      -40.6850591450
       710      -38.9052246330
       711      -38.9052246369
       712      -39.8846707328
       713      -39.8846707065
       714      -37.5773324360
       715      -38.4237623724
       716      -38.4237623406
       717      -39.8846707392
       718      -39.8846707321
       719      -41.8764189802
       720      -40.1921032531
       721      -37.1460000796
       722      -35.8054055252
       723      -27.8661961700
       724      -40.1921032116
       725      -40.1921032041
       726      -34.0565448423
       727      -40.5570135233
       728      -38.5223906341
       729      -39.4978696008
       730  1000000.0000000000
       731      -40.5570135465
       732      -40.9217342024
       733      -39.5934665786
       734      -39.5607443702
       735      -34.6669539366
       736      -40.9217333343
       737      -40.5207777796
       738      -40.9217342012
       739      -27.6674914895
       740      -40.9217341859
       741      -35.3586939220
       742      -40.9217341765
       743      -30.5820175445
       744      -39.8071507376
       745      -40.9217341925
       746      -32.1292280869
       747      -25.0820154530
       748      -40.9217335748
       749      -40.9217341997
       750      -40.9217341646
       751      -40.4124062888
       752      -39.5934665743
       753      -39.2923283329
       754      -40.1921032499
       755      -40.1921032479
       756      -39.0004285504
       757      -40.5207777779
       758      -34.5776887952
       759      -37.9739406436
       760      -40.5207777566
       761      -32.2946085911
       762      -40.5207777748
       763      -40.1921032223
       764      -40.5207777493
       765      -36.6243660756
       766  1000000.0000000000
       767      -33.4996183993
       768       84.2591232941
       769      -33.1482792171
       770      -31.9196262154
       771      -37.1460000662
       772      -37.9739407128
       773      -40.5207777310
       774  1000000.0000000000
       775      -39.4441170848
       776      -36.6243660824
       777      -40.5207777752
       778      -40.5207777779
       779      -40.5207777651
       780      -34.7502858579
       781      -40.5207777690
       782      -40.1921032339
       783      -38.8765221486
       784      -29.2544474991
       785       94.0169589945
       786  1000000.0000000000
       787      -40.5207777805
       788      -29.2340236803
       789      -39.5607443594
       790      -24.4149644210
       791  1000000.0000000000
       792      -39.5607442870
       793      -38.4193747062
       794      -38.4193747452
       795  1000000.0000000000
       796      -37.1620618881
       797      -38.7421465602
       798      -38.6580937391
       799      -34.4218763176
       800      -36.5183098730
       801      -37.2144118480
       802      -30.6582652686
       803      -38.6581937937
       804      -38.6581938127
       805      -37.4072123873
       806      -32.0223403944
       807      -40.8942472486
       808      -39.4482209249
       809      -39.4482209156
       810  1000000.0000000000
       811      -39.4482209139
       812      -40.8942472356
       813      -40.8942472593
       814      -21.1165602808
       815      -36.5465120517
       816      -28.8463961425
       817      -27.8211679978
       818  1000000.0000000000
       819      -35.4841284959
       820      -36.5465120385
       821  1000000.0000000000
       822  1000000.0000000000
       823      -36.5465120448
       824      -36.5465120218
       825      -35.4858664351
       826      -38.3512900860
       827      -37.1105786828
       828      -31.5066746760
       829      -33.6935307799
       830      -34.0378357363
       831      -34.9259854067
       832      -35.9001952427
       833      -34.9259854007
       834      105.9289979040
       835      -36.9047239333
       836      -36.9047244110
       837      -23.5129692479
       838      -36.9047244451
       839      -36.9047244379
       840      -27.0656805653
       841      -39.2431401350
       842      -40.3329534332
       843  1000000.0000000000
       844  1000000.0000000000
       845      -33.8854715391
       846  1000000.0000000000
       847  1000000.0000000000
       848      -37.1759154417
       849      -29.6075673373
       850      -36.4764779989
       851      -36.4764779956
       852      -37.1759154533
       853      -36.1381745148
       854      -33.1582261580
       855      -26.9762568775
       856       97.7040762019
       857      -36.1381745439
       858      -38.8986092050
       859      -38.3803402464
       860      -22.6393256268
       861      -39.0691124307
       862      -40.3961930961
       863      -35.5905707026
       864  1000000.0000000000
       865      -39.0691124364
       866      -38.1725172827
       867       93.5467712377
       868      -31.8855273966
       869      -31.7585511502
       870      -28.0169383043
       871      100.0096582777
       872  1000000.0000000000
       873      -31.0437926727
       874      -39.0691124427
       875      -39.0691124462
       876      -31.8214152711
       877  1000000.0000000000
       878      -40.3961930915
       879      -36.0262009959
       880  1000000.0000000000
       881      -40.3961930704
       882      -40.0048548687
       883      -40.3961930992
       884      -40.3961931195
       885  1000000.0000000000
       886      -40.3961931145
       887      -38.3739896876
       888      -35.4444044222
       889      -35.7821862432
       890      -25.5443236414
       891      -40.3961930889
       892      -37.5945820633
       893      -39.3520962468
       894      -31.1192586191
       895      -39.1775695591
       896      -39.1068960480
       897      -37.0956732689
       898      -39.7628281985
       899      -37.9316342030
       900      -35.0688680301
       901      -26.4526538702
       902  1000000.0000000000
       903      -38.2608007938
       904      -32.5361655456
       905  1000000.0000000000
       906      -33.5647759262
       907      -30.8315986951
       908      -38.3903671519
       909      -31.6230132354
       910      -38.3619479551
       911      -39.1424437337
       912      -31.5319645871
       913      -32.1147563767
       914      -39.1424437464
       915      -26.7524202953
       916      -39.5508423017
       917      -40.1870562216
       918      -40.9175768625
       919      100.7122317825
       920      -36.0883485412
       921      107.1681334849
       922      -40.9175769675
       923      -32.1184803415
       924      -39.6778604996
       925      -39.4030155386
       926      -41.7409843250
       927      -39.9269737071
       928      -19.6262182096
       929      -39.9269737054
       930      -31.1532068095
       931      -35.2641405070
       932      -42.1892089810
       933      -33.1418206212
       934      -42.1892089401
       935      -29.9169349726
       936      -42.6920064660
       937       91.8108565735
       938      -34.8056457032
       939      -35.2641405043
       940      -23.1730949927
       941      -42.6920064463
       942      -40.5404498408
       943      -42.6920064485
       944      -38.9210517995
       945      -29.6061715758
       946      -34.5513700982
       947      -42.6920064600
       948       92.1354477784
       949      -41.2338767475
       950      -32.5658803998
       951      -40.5263349277
       952      -41.2338759074
       953      -34.7774763196
       954      -38.8875531983
       955      -34.5640748036
       956      -42.0325113021
       957      -35.2871697782
       958      -43.3776755269
       959      -43.3776755053
       960      -39.3169707424
       961      -43.3776755250
       962      -39.5934665616
       963      -25.9619474458
       964      -38.3148962597
       965      -30.3689188511
       966      -33.5071547688
       967  1000000.0000000000
       968       79.8251066778
       969      -43.3776755166
       970  1000000.0000000000
       971      -42.6920064524
       972  1000000.0000000000
       973      -42.6064879400
       974      218.1677540139
       975  1000000.0000000000
       976      -21.4507299885
       977      -42.6064878579
       978      -32.2532543732
       979      -40.4124062798
       980      -31.9196262076
       981      -32.3407930407
       982  1000000.0000000000
       983  1000000.0000000000
       984       92.2038169663
       985      -29.6010922591
       986      -37.8735018199
       987      -40.0636165153
       988      -39.6916976040
       989      -37.2318119666
       990  1000000.0000000000
       991      -38.6232198245
       992      -41.5733244223
       993      -41.5733244280
       994      -37.5868252978
       995      -41.7229923708
       996      -40.1675408740
       997      -40.0615594992
       998  1000000.0000000000
       999  1000000.0000000000
      1000      -10.0724787424
