         1    -38.74735094    
         2    -38.74735088    
         3    -38.74735092    
         4    -38.74735092    
         5    -38.74735095    
         6    -38.74735093    
         7    -38.74735095    
         8    -38.74735090    
         9    -38.74735092    
        10    -38.74735092    
        11    -38.74735094    
        12    -38.74735093    
        13    -38.74735089    
        14    -38.74735087    
        15    -38.74735094    
        16    -38.74735094    
        17    -38.74735087    
        18    -38.74735081    
        19    -38.74735094    
        20    -38.74735081    
        21    -38.74735091    
        22    -38.74735084    
        23    -38.74735078    
        24    -38.74735094    
        25    -38.74735091    
        26    -38.74735091    
        27    -38.74735092    
        28    -38.74735093    
        29    -38.74735093    
        30    -38.74735089    
        31    -38.74735080    
        32    -38.74735095    
        33    -38.74735072    
        34    -38.74735088    
        35    -38.74735090    
        36    -38.74735090    
        37    -38.74735082    
        38    -38.74735087    
        39    -38.74735093    
        40    -38.74735093    
        41    -38.74735086    
        42    -38.74735093    
        43    -38.74735093    
        44    -38.74735086    
        45    -38.74735091    
        46    -38.74735093    
        47    -38.74735074    
        48    -40.40419868    
        49    -40.40419868    
        50    -40.40419868    
        51    -40.40419870    
        52    -40.40419860    
        53    -40.40419857    
        54    -40.40419845    
        55    -40.40419869    
        56    -40.40419862    
        57    -40.40419868    
        58    -38.74735094    
        59    -38.74735092    
        60    -38.74735088    
        61    -38.74735094    
        62    -38.74735091    
        63    -38.74735094    
        64    -38.74735093    
        65    -38.74735095    
        66    -38.74735094    
        67    -38.74735095    
        68    -38.74735094    
        69    -38.74735089    
        70    -38.74735091    
        71    -38.74735084    
        72    -38.74735082    
        73    -38.74735087    
        74    -38.77228045    
        75    -38.77228041    
        76    -38.77228045    
        77    -38.77228023    
        78    -38.74735079    
        79    -38.74735093    
        80    -38.74735084    
        81    -38.77228044    
        82    -38.77228042    
        83    -38.77228022    
        84    -38.77228040    
        85    -38.74735093    
        86    -38.35621060    
        87    -38.35621027    
        88    -38.35621060    
        89    -38.35621001    
        90    -38.35620938    
        91    -39.54147773    
        92    -39.54147771    
        93    -39.54147771    
        94    -39.54147771    
        95    -39.54147774    
        96    -39.54147775    
        97    -39.54147776    
        98    -39.54147775    
        99    -39.54147774    
       100    -39.54147774    
       101    -39.64241625    
       102    -39.64241625    
       103    -39.64241624    
       104    -39.64241626    
       105    -39.64241624    
       106    -39.64241625    
       107    -39.64241627    
       108    -39.64241615    
       109    -39.64241626    
       110    -39.64241627    
       111    -39.64241622    
       112    -39.64241616    
       113    -39.64241627    
       114    -39.64241626    
       115    -39.64241626    
       116    -39.54147776    
       117    -39.54147774    
       118    -39.64241627    
       119    -39.64241625    
       120    -39.64241625    
       121    -39.64241621    
       122    -39.64241621    
       123    -39.64241625    
       124    -39.64241625    
       125    -39.64241626    
       126    -39.64241626    
       127    -39.64241627    
       128    -39.64241625    
       129    -39.64241619    
       130    -41.12206734    
       131    -41.12206734    
       132    -39.62728399    
       133    -39.62728399    
       134    -39.64241623    
       135    -39.64241624    
       136    -39.64241627    
       137    -39.64241627    
       138    -41.12206704    
       139    -41.12206726    
       140    -41.12206730    
       141    -41.12206737    
       142    -41.12206736    
       143    -41.12206736    
       144    -41.12206736    
       145    -41.12206737    
       146    -41.12206738    
       147    -41.12206737    
       148    -41.12206737    
       149    -41.12206735    
       150    -41.12206736    
       151    -41.12206737    
       152    -41.12206730    
       153    -41.12206733    
       154    -40.85061045    
       155    -40.85061047    
       156    -40.85061038    
       157    -40.85061043    
       158    -40.85061043    
       159    -40.85061046    
       160    -40.85061033    
       161    -40.85061027    
       162    -40.85061025    
       163    -40.85061020    
       164    -40.85061028    
       165    -40.85061047    
       166    -40.85061045    
       167    -40.85061042    
       168    -40.85061042    
       169    -40.85061029    
       170    -40.85061042    
       171    -40.85061023    
       172    -40.85061046    
       173    -40.85061047    
       174    -40.85061046    
       175    -40.85061046    
       176    -40.85061046    
       177    -40.85061046    
       178    -40.85061047    
       179    -40.85061044    
       180    -40.85061044    
       181    -40.85061044    
       182    -40.85061046    
       183    -41.12206736    
       184    -41.12206732    
       185    -41.12206715    
       186    -41.12206715    
       187    -41.12206732    
       188    -41.12206733    
       189    -41.12206726    
       190    -41.12206730    
       191    -41.12206733    
       192    -40.85061044    
       193    -40.85061035    
       194    -40.85061046    
       195    -40.85061037    
       196    -40.85061047    
       197    -40.85061047    
       198    -40.85061035    
       199    -40.85061026    
       200    -40.85061048    
       201    -40.85061048    
       202    -40.85061032    
       203    -40.85061046    
       204    -40.85061046    
       205    -41.82554513    
       206    -41.82554507    
       207    -41.82554507    
       208    -41.82554510    
       209    -41.82554513    
       210    -41.82554515    
       211    -42.02609873    
       212    -42.02609885    
       213    -42.02609884    
       214    -42.02609884    
       215    -42.02609886    
       216    -42.02609886    
       217    -42.02609859    
       218    -42.02609859    
       219    -42.02609886    
       220    -42.02609884    
       221    -42.02609884    
       222    -42.02609871    
       223    -40.95247306    
       224    -40.95247306    
       225    -41.82554515    
       226    -41.82554516    
       227    -41.82554515    
       228    -41.82554515    
       229    -41.82554512    
       230    -41.82554512    
       231    -41.82554512    
       232    -41.82554462    
       233    -41.82554513    
       234    -42.02609883    
       235    -42.02609869    
       236    -42.02609884    
       237    -42.02609865    
       238    -42.02609886    
       239    -41.25225050    
       240    -41.25225048    
       241    -41.25225048    
       242    -41.25225038    
       243    -41.25225044    
       244    -41.25225048    
       245    -41.25225048    
       246    -41.25225049    
       247    -41.25225048    
       248    -41.25225048    
       249    -41.25225048    
       250    -41.25225037    
       251    -41.25225027    
       252    -41.25225049    
       253    -41.25225041    
       254    -41.25225049    
       255    -41.25225034    
       256    -41.25225048    
       257    -40.99279569    
       258    -40.99279569    
       259    -40.99279569    
       260    -40.99279566    
       261    -40.99279561    
       262    -40.99279561    
       263    -40.99279515    
       264    -40.99279568    
       265    -40.99279569    
       266    -40.99279569    
       267    -40.99279568    
       268    -40.99279568    
       269    -40.99279568    
       270    -40.99279568    
       271    -40.99279568    
       272    -40.99279569    
       273    -40.99279569    
       274    -40.99279566    
       275    -40.99279566    
       276    -40.99279568    
       277    -40.99279569    
       278    -40.99279566    
       279    -40.99279569    
       280    -40.99279564    
       281    -38.77717843    
       282    -38.77717841    
       283    -38.77717843    
       284    -38.77717842    
       285    -38.77717841    
       286    -38.77717843    
       287    -39.80929743    
       288    -39.80929740    
       289    -39.80929741    
       290    -39.80929743    
       291    -40.10272074    
       292    -40.10272073    
       293    -38.64689548    
       294    -38.64689548    
       295    -38.64689550    
       296    -38.64689549    
       297    -38.64689549    
       298    -38.64689550    
       299    -38.64689551    
       300    -38.64689551    
       301    -38.64689549    
       302    -38.93047056    
       303    -38.93047059    
       304    -38.93047057    
       305    -38.93047057    
       306    -38.93047054    
       307    -38.93047054    
       308    -38.93047052    
       309    -38.93047058    
       310    -38.93047059    
       311    -38.93047055    
       312    -38.86438768    
       313    -38.93047057    
       314    -39.04256441    
       315    -39.04256417    
       316    -40.63829893    
       317    -40.46913405    
       318    -40.46913405    
       319    -40.46913402    
       320    -40.46913402    
       321    -40.46913402    
       322    -40.30878442    
       323    -40.30878442    
       324    -40.30878442    
       325    -40.30878442    
       326    -40.30878442    
       327    -40.30878442    
       328    -40.30878442    
       329    -40.30878442    
       330    -40.30878442    
       331    -40.30878443    
       332    -40.30878443    
       333    -40.46913406    
       334    -40.79286084    
       335    -40.79286086    
       336    -40.79286086    
       337    -40.79286086    
       338    -40.79286086    
       339    -40.79286086    
       340    -40.79286082    
       341    -40.79286085    
       342    -40.79286084    
       343    -40.79286084    
       344    -40.79286085    
       345    -40.79286085    
       346    -40.61130912    
       347    -40.61130913    
       348    -40.61130912    
       349    -40.61130913    
       350    -40.61130911    
       351    -40.61130914    
       352    -40.30878443    
       353    -40.30878429    
       354    -40.29735454    
       355    -39.73865919    
       356    -39.73865919    
       357    -39.73865919    
       358    -39.80929743    
       359    -39.80929746    
       360    -39.80929744    
       361    -39.80929744    
       362    -39.80929745    
       363    -39.80929744    
       364    -39.80929744    
       365    -39.80929744    
       366    -40.10272076    
       367    -40.01303134    
       368    -40.01303135    
       369    -40.10272073    
       370    -40.10272075    
       371    -40.10272074    
       372    -40.10272075    
       373    -40.10272074    
       374    -40.10272075    
       375    -40.10272076    
       376    -40.10272076    
       377    -40.10272069    
       378    -40.10272069    
       379    -40.10272076    
       380    -40.10272076    
       381    -40.10272076    
       382    -40.10272075    
       383    -40.10272075    
       384    -40.10272075    
       385    -40.10272075    
       386    -40.10272075    
       387    -40.10272074    
       388    -40.10272074    
       389    -40.10272076    
       390    -40.10272076    
       391    -40.10272076    
       392    -40.10272076    
       393    -40.63829892    
       394    -40.63829887    
       395    -40.63829894    
       396    -40.63829894    
       397    -40.63829894    
       398    -40.10272076    
       399    -40.10272076    
       400    -39.80929742    
       401    -39.80929742    
       402    -39.80929742    
       403    -39.80929743    
       404    -39.80929743    
       405    -39.80929740    
       406    -39.80929740    
       407    -39.80929740    
       408    -39.80929746    
       409    -39.80929746    
       410    -39.80929746    
       411    -39.80929746    
       412    -39.80929746    
       413    -39.80929746    
       414    -39.80929745    
       415    -39.80929745    
       416    -39.80929745    
       417    -38.45947689    
       418    -38.45947689    
       419    -38.45947689    
       420    -38.45947689    
       421    -38.45947689    
       422    -38.45947689    
       423    -38.45947680    
       424    -38.45947680    
       425    -38.45947684    
       426    -38.45947684    
       427    -38.93047059    
       428    -38.93047059    
       429    -38.93047053    
       430    -40.37812350    
       431    -38.93047054    
       432    -38.93047058    
       433    -39.80929744    
       434    -39.80929744    
       435    -39.80929744    
       436    -39.73865917    
       437    -39.61133932    
       438    -39.61133926    
       439    -39.61133931    
       440    -39.61133931    
       441    -39.61133931    
       442    -39.94961122    
       443    -39.94961122    
       444    -41.25225049    
       445    -41.25225049    
       446    -41.25225050    
       447    -41.25225047    
       448    -41.25225049    
       449    -41.25225043    
       450    -41.25225043    
       451    -41.25225043    
       452    -41.25225048    
       453    -41.82554497    
       454    -41.82554497    
       455    -41.82554497    
       456    -41.82554497    
       457    -41.82554497    
       458    -41.82554514    
       459    -42.02609874    
       460    -42.02609884    
       461    -40.95247304    
       462    -40.35265797    
       463    -40.35265797    
       464    -40.35265785    
       465    -40.35265785    
       466    -40.35265798    
       467    -40.35265799    
       468    -40.35265799    
       469    -40.35265793    
       470    -40.35265785    
       471    -40.35265799    
       472    -40.35265799    
       473    -40.35265798    
       474    -40.35265787    
       475    -40.35265798    
       476    -41.82554515    
       477    -42.02609871    
       478    -42.02609883    
       479    -42.02609883    
       480    -42.02609883    
       481    -42.02609883    
       482    -42.02609884    
       483    -42.02609884    
       484    -42.02609884    
       485    -42.02609884    
       486    -42.02609885    
       487    -42.02609860    
       488    -40.95247293    
       489    -40.95247296    
       490    -40.95247296    
       491    -40.95247296    
       492    -40.95247296    
       493    -40.95247305    
       494    -41.25225049    
       495    -41.25225049    
       496    -41.25225049    
       497    -41.25225049    
       498    -41.25225049    
       499    -41.25225049    
       500    -41.25225042    
       501    -41.25225042    
       502    -41.25225042    
       503    -41.25225042    
       504    -41.25225042    
       505    -41.25225049    
       506    -41.25225049    
       507    -41.25225049    
       508    -41.82554512    
       509    -41.82554512    
       510    -41.82554512    
       511    -40.95247302    
       512    -41.25225048    
       513    -41.25225041    
       514    -41.25225049    
       515    -41.25225049    
       516    -41.25225050    
       517    -41.25225049    
       518    -41.25225049    
       519    -41.25225049    
       520    -41.25225049    
       521    -41.25225049    
       522    -41.25225049    
       523    -41.25225046    
       524    -41.25225046    
       525    -40.95247306    
       526    -40.95247306    
       527    -40.95247305    
       528    -40.95247305    
       529    -40.11936719    
       530    -40.11936719    
       531    -40.11936719    
       532    -40.11936719    
       533    -40.11936718    
       534    -40.11936719    
       535    -40.11936717    
       536    -40.11936715    
       537    -40.11936715    
       538    -40.11936715    
       539    -40.11936718    
       540    -40.11936717    
       541    -40.11936717    
       542    -40.11936715    
       543    -40.11936715    
       544    -40.11936715    
       545    -40.11936716    
       546    -40.11936716    
       547    -40.11936717    
       548    -39.61501711    
       549    -39.61501711    
       550    -39.61501706    
       551    -39.61501695    
       552    -39.61501695    
       553    -39.61501711    
       554    -39.61501711    
       555    -39.61501711    
       556    -39.61501705    
       557    -39.61501705    
       558    -39.61501705    
       559    -39.61501705    
       560    -39.61501705    
       561    -39.61501705    
       562    -39.61501705    
       563    -39.61501705    
       564    -39.61501709    
       565    -39.61501712    
       566    -39.22168726    
       567    -35.56360127    
       568    -35.56360126    
       569    -35.56360124    
       570    -35.56360124    
       571    -39.60448415    
       572    -39.60448415    
       573    -39.60448416    
       574    -39.60448415    
       575    -39.60448415    
       576    -39.60448415    
       577    -39.60448415    
       578    -39.60448415    
       579    -39.60448415    
       580    -39.60448410    
       581    -39.60448410    
       582    -39.60448410    
       583    -41.45626360    
       584    -40.85414550    
       585    -40.85414550    
       586    -41.37108096    
       587    -41.37108096    
       588    -41.37108096    
       589    -41.37108096    
       590    -41.37108099    
       591    -41.37108099    
       592    -41.05834171    
       593    -41.05834171    
       594    -41.37108100    
       595    -41.37108100    
       596    -41.62606180    
       597    -41.62606180    
       598    -41.62606178    
       599    -40.26738109    
       600    -40.26738106    
       601    -38.57799547    
       602    -38.41430380    
       603    -37.38010774    
       604    -37.38010773    
       605    -36.16709618    
       606    -36.16709618    
       607    -36.16709618    
       608    -36.16709623    
       609    -39.58345086    
       610    -39.58345086    
       611    -39.58345084    
       612    -40.34905022    
       613    -40.24142386    
       614    -40.24142379    
       615    -40.24142379    
       616    -40.24142386    
       617    -40.24142386    
       618    -38.12169764    
       619    -38.12169766    
       620    -39.78243920    
       621    -39.78243920    
       622    -39.78243920    
       623    -39.78243919    
       624    -38.89217343    
       625    -38.89217283    
       626    -38.89217283    
       627    -38.89217283    
       628    -38.89217341    
       629    -38.71361528    
       630    -38.71361530    
       631    -38.71361530    
       632    -38.71361530    
       633    -38.71361530    
       634    -36.45081041    
       635    -37.46034795    
       636    -37.46034793    
       637    -37.46034796    
       638    -37.46034795    
       639    -37.46034795    
       640    -39.78243923    
       641    -39.78243923    
       642    -39.78243923    
       643    -39.78243923    
       644    -39.78272736    
       645    -39.78272699    
       646    -39.78272699    
       647    -40.60926443    
       648    -40.60926443    
       649    -40.60926401    
       650    -40.60926401    
       651    -40.60926401    
       652    -40.60926441    
       653    -40.60926443    
       654    -40.60926440    
       655    -38.91623100    
       656    -38.91623100    
       657    -37.63855549    
       658    -37.24693367    
       659    -38.19507023    
       660    -38.19507023    
       661    -38.19507023    
       662    -38.46774507    
       663    -38.46774509    
       664    -38.46774509    
       665    -38.46774509    
       666    -38.46774509    
       667    -38.46774506    
       668    -38.46774506    
       669    -38.46774507    
       670    -38.46774507    
       671    -38.46774507    
       672    -38.46774510    
       673    -38.46774510    
       674    -38.46774510    
       675    -38.46774510    
       676    -38.46774510    
       677    -38.46774510    
       678    -38.71334462    
       679    -38.71334456    
       680    -38.71334456    
       681    -38.71334456    
       682    -38.71334464    
       683    -38.71334460    
       684    -38.49284085    
       685    -37.77746193    
       686    -35.99891817    
       687    -35.99891817    
       688    -35.77441188    
       689    -36.94095354    
       690    -36.94095354    
       691    -35.48348435    
       692    -35.48348440    
       693    -35.48348440    
       694    -35.48348440    
       695    -35.48348440    
       696    -35.23226665    
       697    -35.23226665    
       698    -35.23226665    
       699    -35.23226665    
       700    -35.23226664    
       701    -35.23226664    
       702    -35.23226666    
       703    -36.87353583    
       704    -36.87353583    
       705    -36.87353583    
       706    -37.64326354    
       707    -37.64326367    
       708    -37.64326367    
       709    -37.64326366    
       710    -35.36936765    
       711    -35.36936765    
       712    -35.36936765    
       713    -35.36936765    
       714    -38.11763168    
       715    -38.11763168    
       716    -37.17641023    
       717    -37.17774585    
       718    -37.17774585    
       719    -37.17774585    
       720    -37.17774585    
       721    -37.17774585    
       722    -40.65425689    
       723    -40.65425689    
       724    -40.65425689    
       725    -40.65425689    
       726    -40.65425689    
       727    -40.65425689    
       728    -40.65425689    
       729    -40.65425689    
       730    -40.65425689    
       731    -40.65425689    
       732    -40.65425689    
       733    -40.65425689    
       734    -40.65425689    
       735    -40.65425689    
       736    -40.65425689    
       737    -39.90010066    
       738    -39.90010066    
       739    -39.90010066    
       740    -39.90010066    
       741    -39.90010066    
       742    -39.90010066    
       743    -39.90010066    
       744    -39.90010066    
       745    -39.90010065    
       746    -39.90010065    
       747    -39.90010065    
       748    -39.90010065    
       749    -39.90010065    
       750    -39.90010065    
       751    -39.90010065    
       752    -39.90010065    
       753    -39.90010065    
       754    -39.90010065    
       755    -39.90010066    
       756    -40.65425687    
       757    -38.27075541    
       758    -38.27075541    
       759    -38.27075537    
       760    -38.27075541    
       761    -38.27075541    
       762    -38.27075541    
       763    -38.27075540    
       764    -38.69816925    
       765    -38.69816925    
       766    -38.69816925    
       767    -38.69816923    
       768    -38.69816923    
       769    -41.57403656    
       770    -41.57403656    
       771    -41.57403656    
       772    -41.57403656    
       773    -41.57403656    
       774    -41.57403656    
       775    -41.57403656    
       776    -41.57403656    
       777    -41.57403656    
       778    -39.75440666    
       779    -39.75440666    
       780    -39.75440666    
       781    -39.75440666    
       782    -40.68819148    
       783    -40.68819148    
       784    -39.75440665    
       785    -39.75440665    
       786    -39.75440667    
       787    -39.75440664    
       788    -39.75440664    
       789    -39.10015227    
       790    -40.52108007    
       791    -40.52108007    
       792    -40.52108007    
       793    -40.52108007    
       794    -40.52108007    
       795    -40.52108007    
       796    -40.52108007    
       797    -40.52108007    
       798    -40.52108007    
       799    -40.52108008    
       800    -40.52108008    
       801    -40.52108008    
       802    -40.52108008    
       803    -42.10838888    
       804    -42.10838891    
       805    -42.10838891    
       806    -42.10838891    
       807    -42.10838891    
       808    -42.10838891    
       809    -42.10838891    
       810    -42.10838891    
       811    -42.10838891    
       812    -42.10838891    
       813    -42.10838891    
       814    -42.10838891    
       815    -42.10838891    
       816    -42.10838890    
       817    -42.10838890    
       818    -40.68708407    
       819    -40.68708407    
       820    -40.68708406    
       821    -40.68708409    
       822    -42.10838890    
       823    -42.10838889    
       824    -39.36593914    
       825    -39.36593914    
       826    -39.36593914    
       827    -39.36593912    
       828    -39.36593912    
       829    -39.36593912    
       830    -39.36593912    
       831    -39.36593912    
       832    -39.36593912    
       833    -39.36593912    
       834    -39.36593912    
       835    -39.36593912    
       836    -39.36593912    
       837    -39.36593912    
       838    -39.12595129    
       839    -39.12595129    
       840    -39.12595124    
       841    -39.12595127    
       842    -39.12595127    
       843    -39.12595113    
       844    -39.12595126    
       845    -39.12595126    
       846    -39.13123607    
       847    -39.13123607    
       848    -39.13123607    
       849    -39.13123607    
       850    -39.13123607    
       851    -39.13123607    
       852    -39.13123607    
       853    -39.13123621    
       854    -39.13123621    
       855    -39.13123621    
       856    -39.13123615    
       857    -39.13123620    
       858    -39.13123620    
       859    -39.13123618    
       860    -39.13123618    
       861    -39.13123618    
       862    -39.13123618    
       863    -39.13123621    
       864    -39.13123618    
       865    -39.13123610    
       866    -39.13123610    
       867    -39.13123610    
       868    -39.13123610    
       869    -39.13123613    
       870    -39.13123613    
       871    -39.13123613    
       872    -39.13123616    
       873    -39.13123616    
       874    -37.30931960    
       875    -37.30931960    
       876    -37.30931960    
       877    -37.30931960    
       878    -40.25010320    
       879    -40.25010320    
       880    -40.25010320    
       881    -40.25010320    
       882    -40.25010320    
       883    -40.25010320    
       884    -40.25010320    
       885    -40.25010320    
       886    -40.25010320    
       887    -39.92697370    
       888    -39.92697370    
       889    -40.21815188    
       890    -40.21815188    
       891    -40.21815188    
       892    -40.21815192    
       893    -40.21815192    
       894    -40.21815182    
       895    -40.21815182    
       896    -40.21815182    
       897    -40.21815192    
       898    -40.21815188    
       899    -42.18920896    
       900    -42.18920896    
       901    -42.18920896    
       902    -42.18920896    
       903    -42.18920896    
       904    -37.44759088    
       905    -37.44759088    
       906    -39.92697370    
       907    -39.92697370    
       908    -39.92697370    
       909    -39.67786051    
       910    -39.92697364    
       911    -39.92697364    
       912    -39.92697371    
       913    -39.92697367    
       914    -39.92697367    
       915    -39.92697367    
       916    -39.92697367    
       917    -39.92697367    
       918    -39.92697371    
       919    -39.92697371    
       920    -39.92697371    
       921    -39.92697371    
       922    -39.92697371    
       923    -39.92697371    
       924    -42.18920899    
       925    -42.18920899    
       926    -42.18920899    
       927    -42.18920899    
       928    -43.37767553    
       929    -43.37767553    
       930    -43.37767553    
       931    -43.37767553    
       932    -43.37767553    
       933    -43.37767553    
       934    -43.37767553    
       935    -43.37767553    
       936    -43.37767553    
       937    -43.37767552    
       938    -43.37767552    
       939    -43.37767552    
       940    -43.37767552    
       941    -43.37767552    
       942    -43.37767552    
       943    -43.37767552    
       944    -43.37767552    
       945    -43.37767552    
       946    -43.37767552    
       947    -43.37767552    
       948    -43.37767555    
       949    -43.37767555    
       950    -43.37767555    
       951    -43.37767555    
       952    -42.03251129    
       953    -42.03251129    
       954    -42.03251126    
       955    -42.03251126    
       956    -42.03251126    
       957    -42.03251126    
       958    -42.03251126    
       959    -42.03251119    
       960    -42.03251128    
       961    -42.03251128    
       962    -42.03251128    
       963    -42.03251128    
       964    -42.03251128    
       965    -42.03251129    
       966    -42.03251129    
       967    -42.03251129    
       968    -42.03251129    
       969    -42.03251129    
       970    -42.03251129    
       971    -42.03251129    
       972    -42.03251125    
       973    -42.03251125    
       974    -42.03251125    
       975    -42.03251125    
       976    -42.03251131    
       977    -42.03251131    
       978    -42.69200642    
       979    -42.69200642    
       980    -42.69200642    
       981    -42.69200642    
       982    -41.23387677    
       983    -41.23387677    
       984    -41.23387677    
       985    -41.23387678    
       986    -41.23387678    
       987    -41.23387678    
       988    -41.23387678    
       989    -41.23387678    
       990    -41.23387678    
       991    -41.23387677    
       992    -41.23387677    
       993    -41.23387677    
       994    -41.23387677    
       995    -41.23387677    
       996    -41.23387677    
       997    -41.23387677    
       998    -41.23387677    
       999    -41.23387677    
      1000    -41.23387677    
