           52
Energy of minimum      1=      -15.3324109070 first found at step       99
HH        1.3375157745        3.2132815797       -0.1388024443
CH        1.5552843221        2.3182000910        0.4416610582
HH        1.9839969931        1.5577954692       -0.2066562335
HH        2.2587302418        2.5603015510        1.2366367433
C         0.2826406916        1.7869454927        1.0549647930
O         0.3099602902        1.2725918057        2.1681767554
N        -0.8329084067        1.8794912406        0.3352656645
H        -0.7573526916        2.2062537034       -0.6228816418
CA       -2.1464170809        1.4396404956        0.8088972147
HA       -2.3358942733        1.8929439040        1.7830032988
CB       -3.2119313763        1.9554581113       -0.1672877155
HB       -3.1808617629        3.0447986127       -0.2092674603
HB       -3.0319501551        1.5544018678       -1.1659723147
HB       -4.2005704657        1.6402507442        0.1679421243
C        -2.1786850794       -0.0917214381        0.9764563065
O        -2.2775371810       -0.8324344083        0.0013318056
N        -1.9964172588       -0.5782458688        2.2082088686
H        -1.8361809947        0.0751990487        2.9596542373
CA       -1.7534272592       -2.0014353829        2.4721224850
HA       -2.5871640160       -2.5802294168        2.0702683166
CB       -1.7074120093       -2.2031653863        3.9914786038
HB       -2.6457814369       -1.8744407910        4.4397035488
HB       -1.5645823438       -3.2622638593        4.2118245994
HB       -0.8795844655       -1.6370342156        4.4211918306
C        -0.4664001560       -2.5262174600        1.7928386995
O        -0.3586987161       -3.7173609499        1.5189805470
N         0.4826025888       -1.6347596152        1.4810199429
H         0.3498149369       -0.6813445262        1.7969668834
CA        1.6877944038       -1.9153096873        0.6975624797
HA        1.8135419448       -2.9970963392        0.6280119122
CB        2.8938971374       -1.3648573670        1.4722325126
HB        2.8247540097       -0.2796735055        1.5525354871
HB        2.9205642728       -1.7992800378        2.4723178526
HB        3.8167086643       -1.6263982926        0.9527674566
C         1.6111610031       -1.4001628056       -0.7616955106
O         2.6414718642       -1.2477173454       -1.4183639159
N         0.4185085892       -1.0788436556       -1.2819130567
H        -0.4197779181       -1.2197425982       -0.7293797592
CA        0.2527040747       -0.5520076063       -2.6387702223
HA        0.8889685770       -1.1320912283       -3.3093497812
CB       -1.1960316193       -0.7741491607       -3.0932973000
HB       -1.8783762449       -0.1817189797       -2.4844875792
HB       -1.4580181524       -1.8290398610       -3.0023544664
HB       -1.3027644811       -0.4691674208       -4.1345751481
C         0.6977361863        0.9229045220       -2.7341330642
O        -0.0720286215        1.8439366711       -2.4530664817
N         1.9643998077        1.1414367332       -3.1053967699
H         2.5604528560        0.3278651400       -3.1932665668
CH        2.5670217273        2.4612079720       -3.2823959391
HH        2.7976069386        2.8967269251       -2.3092049025
HH        1.8723257967        3.1197409664       -3.8081905738
HH        3.4865904739        2.3765365623       -3.8633131803
