         1    0.8670085140    
         2    0.8670085140    
         3   -0.2588442293    
         4   -0.2588442293    
         5   -0.2588442293    
         6   -0.2588442293    
         7    -1.620503547    
         8    -1.620503547    
         9    -1.620503547    
        10    -1.763723707    
        11    -3.180808534    
        12    -3.180825980    
        13    -3.180825980    
        14    -3.180825980    
        15    -3.180825980    
        16    -3.180825980    
        17    -3.180825980    
        18    -3.180825980    
        19    -3.180825980    
        20    -3.180825980    
        21    -3.180825980    
        22    -3.961975433    
        23    -3.961976348    
        24    -3.961976348    
        25    -3.961976348    
        26    -3.961976348    
        27    -7.425695439    
        28    -7.425695439    
        29    -7.425695439    
        30    -7.425698404    
        31    -7.425698404    
        32    -7.425698404    
        33    -7.425698404    
        34    -7.425698404    
        35    -7.425698404    
        36    -7.425698404    
        37    -7.425698404    
        38    -7.425698404    
        39    -7.425698404    
        40    -7.425698404    
        41    -7.425698404    
        42    -7.425698404    
        43    -7.425698404    
        44    -7.425698404    
        45    -7.425698404    
        46    -7.425698404    
        47    -7.425698404    
        48    -7.425698404    
        49    -7.425698569    
        50    -7.425698569    
        51    -7.425698569    
        52    -7.425698569    
        53    -7.425698569    
        54    -7.425698569    
        55    -7.425698569    
        56    -7.425698569    
        57    -7.425698569    
        58    -7.425698569    
        59    -7.425698569    
        60    -7.425698569    
        61    -7.425698569    
        62    -7.425698569    
        63    -7.425698569    
        64    -7.425698569    
        65    -7.425698569    
        66    -7.425698569    
        67    -7.425698569    
        68    -7.425698569    
        69    -7.425698569    
        70    -7.425698569    
        71    -7.425698569    
        72    -7.425698569    
        73    -7.425698569    
        74    -7.425698569    
        75    -7.425698569    
        76    -12.61054284    
        77    -12.61054579    
        78    -12.61054579    
        79    -12.61054579    
        80    -12.61054579    
        81    -12.61054579    
        82    -12.61054579    
        83    -12.61054579    
        84    -12.61054579    
        85    -12.61054579    
        86    -12.61054579    
        87    -12.61054579    
        88    -12.61054579    
        89    -12.61054579    
        90    -12.61054579    
        91    -12.61054579    
        92    -12.66967067    
        93    -12.66967067    
        94    -12.66967954    
        95    -12.66968096    
        96    -12.66968234    
        97    -12.66968234    
        98    -12.66968234    
        99    -12.66968234    
       100    -12.66968234    
       101    -13.23754684    
       102    -13.23754739    
       103    -13.23754739    
       104    -13.23754739    
       105    -13.23754781    
       106    -13.23754781    
       107    -13.23754781    
       108    -13.23754781    
       109    -13.23754781    
       110    -13.23754781    
       111    -13.23754781    
       112    -13.23754781    
       113    -13.23754781    
       114    -13.23754781    
       115    -13.23754781    
       116    -13.23754781    
       117    -13.23754781    
       118    -13.23754781    
       119    -13.23754781    
       120    -13.23754781    
       121    -13.23754781    
       122    -13.23754781    
       123    -13.23754781    
       124    -13.23754781    
       125    -13.23754781    
       126    -13.23754781    
       127    -13.23754781    
       128    -13.23754781    
       129    -13.23754781    
       130    -13.23754781    
       131    -13.23754781    
       132    -13.23754781    
       133    -13.23754781    
       134    -13.23754781    
       135    -13.23754781    
       136    -13.23754781    
       137    -13.23754781    
       138    -13.23754781    
       139    -13.23754781    
       140    -13.23754781    
       141    -13.23754781    
       142    -13.23754781    
       143    -13.23754781    
       144    -13.23754781    
       145    -13.23754781    
       146    -14.51727702    
       147    -14.51727702    
       148    -14.51727702    
       149    -14.51727702    
       150    -14.51727702    
       151    -14.51727702    
       152    -14.51727702    
       153    -14.51727757    
       154    -14.51727757    
       155    -14.51727757    
       156    -14.51727757    
       157    -14.51727757    
       158    -14.51727757    
       159    -14.51727757    
       160    -14.51727757    
       161    -14.51727757    
       162    -14.51727757    
       163    -14.51727757    
       164    -14.51727757    
       165    -14.51727757    
       166    -14.51727757    
       167    -14.51727757    
       168    -14.51727757    
       169    -14.51727757    
       170    -14.51727757    
       171    -14.51727757    
       172    -14.51727757    
       173    -14.51727757    
       174    -14.51727757    
       175    -14.51727757    
       176    -14.51727757    
       177    -14.51727757    
       178    -14.51727757    
       179    -14.51727757    
       180    -14.51727757    
       181    -14.51727757    
       182    -14.51727757    
       183    -14.51727757    
       184    -14.51727757    
       185    -14.51727757    
       186    -14.51727757    
       187    -14.51727757    
       188    -14.51727757    
       189    -14.51727761    
       190    -14.51727761    
       191    -14.51727761    
       192    -14.51727790    
       193    -14.51727790    
       194    -14.51727790    
       195    -14.51727790    
       196    -14.51727790    
       197    -14.51727790    
       198    -14.51727790    
       199    -14.51727790    
       200    -14.51727790    
       201    -14.51727790    
       202    -15.33240958    
