     -0.97091465513303421009      1.14994969918014500188     -3.41419984607208615301
     -1.77589664991907758562      0.44630183389719513265     -3.19980096473877750896
     -1.68397005260788645842     -0.40293959942186596823     -3.87431775756046148373
     -2.73770077491054442120      0.93562439023714705222     -3.33614313929317862772
     -1.63751416195514698515     -0.03049973968896615636     -1.77490165624406004419
     -0.74398170168199007080      0.40800798061569576447     -1.06740603002566314395
     -2.54446961198481824695     -0.91113167327550026453     -1.34531925784589834194
     -3.24513491286429500704     -1.19278094670486556339     -2.01107675019175369258
     -2.51384287506115633448     -1.64489872587406948945     -0.06512612135262439705
     -3.50411071463918011304     -2.08300655794277211896      0.06156429575390779535
     -1.52983040406873804784     -2.81700270917837380935     -0.21157047907946840981
     -1.76512878536368211790     -3.39825346462396193914     -1.10366263059190061746
     -0.51059960864436093608     -2.43489444786486997074     -0.28722562051420630347
     -1.59768442897984286333     -3.46967149194415602764      0.65992414799057663721
     -2.27482448903388467798     -0.82219018617803096838      1.23129145041399601368
     -1.96738190613295516052     -1.39523586474112315514      2.27546123358531104941
     -2.36437844770987348753      0.51027989932701411924      1.18546899384178949788
     -2.51818945654923354027      0.92153461832575567225      0.27851297223430232508
     -1.88216360483023481542      1.41231239821106524523      2.23363147704813469474
     -2.17941213400897693120      1.00820324710046360650      3.20280821940734927722
     -2.57948624795458103520      2.76927831987182759832      2.05883366887403296275
     -2.26753551543744524821      3.44517100338326898168      2.85623038296522890889
     -3.66141335761403796667      2.64173101267948773341      2.10675430671102548175
     -2.30665726645798185857      3.20853952758306926185      1.09794424408705038054
     -0.33507503816475719960      1.50101595058591907872      2.23466625087464665356
      0.24884243478873352418      2.56274118722645072310      2.02839023602188195383
      0.33935477274347108922      0.36064102713643314546      2.40498390027480413167
     -0.21029855903415031748     -0.48122477679151776098      2.53346831352241386170
      1.79957613109090730497      0.22760480628339735398      2.44440601347857500159
      2.19785794960198721526      1.10565354026877216143      2.95554531589842195416
      2.13794245641115887580     -0.99723048699919680793      3.30754906613767385437
      1.67490704452121019763     -0.90064022236601404270      4.29028913231821196206
      1.77529527707966527927     -1.90524858932189866678      2.82362104888956455540
      3.21891314506064629697     -1.07032150698221628637      3.43505024633335231954
      2.47090864258941289577      0.20693896675966658161      1.04684290641663113597
      3.41209408006880643427     -0.55030628209683074559      0.81231441252123604002
      1.96203907684818634749      0.98734747635081854256      0.09020899355205402870
      1.16659097467299943673      1.56220065228938076451      0.33550585869481153178
      2.45524535129042931203      1.09329788749861567254     -1.28959178983962052811
      3.54530983303816249474      1.08346549138402159507     -1.25101736260861717831
      2.02953250736083479211      2.46288848594000686631     -1.83975736189415028932
      0.94212861803843805930      2.51135177474113646667     -1.91058768913103005360
      2.38473267987353176878      3.25605774751482623941     -1.18097387131800601878
      2.45699577983520001112      2.60930667683234940313     -2.83235428547253986764
      2.04838169029838734758     -0.09720932889327886517     -2.19868274758040183059
      1.65369429419065472331      0.08560356904217396312     -3.35166828359257884529
      2.12835254054894162934     -1.32743778056021310974     -1.67569951284784601775
      2.51126828939266522056     -1.39559781962798390431     -0.73939333274849428079
      1.75754884076510520252     -2.55593888588406947804     -2.37260812060509929111
      0.71492021278967576858     -2.49616243227879941458     -2.68874400702772264893
      1.88910141200167092101     -3.41440679415885384174     -1.71289400637239741521
      2.38606132584098240557     -2.67881885686667420288     -3.25654446329840219221
