     -2.36484047135077668500      0.42012989319411009337     -3.38468024343796702880
     -2.00450705828927056018      0.97072690197523092692     -2.51837750384983793950
     -0.96521838071719423535      0.71538382106996478704     -2.32018054275000507047
     -2.08893815535613303069      2.04110304731868019701     -2.70078115872247748186
     -2.84101491619009571821      0.61035807200236191772     -1.31384876580383735956
     -3.51426389072910128064      1.47133578126746789039     -0.76077249151354098267
     -2.79288181700057513979     -0.66390770409239552308     -0.92253492935892711380
     -2.14591597856905336172     -1.24852952516587500931     -1.42731507004919411230
     -3.38398063855714692494     -1.25999129996311887147      0.28779476736858844443
     -3.09900685196668712607     -2.31283409340103540686      0.27664463282608436900
     -4.91749941252713185236     -1.23521615395603556742      0.20329364514098552386
     -5.24609713736919225369     -1.69648705738214777838     -0.72851683186606908116
     -5.33639708624994568709     -1.79275909337585326320      1.04186762798896759286
     -5.28435485343926458768     -0.20903969042557701830      0.24504350424235907258
     -2.82961187958306137347     -0.71146389242703800271      1.62017687826822398556
     -2.40729333406893220015     -1.50505119352598715210      2.45929371643399763414
     -2.75993333496449633202      0.61445281076799274089      1.78719379173939629801
     -3.16657473009989987034      1.16224188105691395023      1.03562299623314668651
     -1.91785890885627563485      1.36307424761994577800      2.73459443382208844397
     -2.07102705280282828326      2.41958156899562570885      2.50995846739239780732
     -2.40768660779188525822      1.15497550983503582955      4.17537291873561144939
     -3.47128316741995179839      1.38615362803419284177      4.24204443292137156618
     -1.85804597521898329227      1.81822932622837440952      4.84418528194731656811
     -2.24323126528821026326      0.12392058480918094476      4.48945581173996632884
     -0.40192762837656370589      1.12594537299201258307      2.55124447428855471998
      0.35937578851764340193      2.08514716827543322708      2.44915983008590387726
      0.03508020572062302278     -0.12827979693774760328      2.42394646478303465997
     -0.64952921728431756154     -0.86823956713950778408      2.52689161314548638160
      1.33137550378793489969     -0.47982901073011963167      1.85485767178638893959
      2.08168026753762402947      0.20817623277206986909      2.24880144869733245017
      1.70215482306815268920     -1.89755648905685658789      2.30556819334620977102
      2.68600720867855535801     -2.16297689187971098335      1.91709606024478218522
      0.96550770226451110290     -2.61063430226770165632      1.93163061927709445165
      1.72668313828275099553     -1.94428690124678849038      3.39511459338400056751
      1.31592597717888160069     -0.34429116741533172252      0.31775646827624348667
      0.30950309638561807057     -0.62646719671419059949     -0.33858795086962667487
      2.44966768076604157756      0.05680938269666298973     -0.26042871474204309923
      3.25595930395172272753      0.23116580773336062316      0.32226964707115302033
      2.64380644589792357380      0.23040071482924959212     -1.69972375603696068680
      1.97699246806595452242     -0.44684949137650659123     -2.23557750051255466062
      2.27755333901594481105      1.67526199883085169517     -2.06986692423707152599
      2.94548225386840378803      2.37022886905577534478     -1.55815755333169536634
      2.36744170139155007959      1.82071751254649050189     -3.14648984741656478903
      1.24984156166067150728      1.88568783905018233504     -1.77019970297423268057
      4.09067957615861921283     -0.10993117482648678829     -2.10713747782280336196
      4.98347520243441266530     -0.15003986739567562458     -1.26148989505208630746
      4.32042503970592495222     -0.34343942172244912303     -3.40573047351883717582
      3.54167826686406606029     -0.28263660881769547828     -4.04237078528942017641
      5.63501449583859503889     -0.67054305610176789809     -3.95555150112506526128
      6.33529892636484337487      0.14000398397762869873     -3.74284129301593448957
      5.57019101223412871349     -0.81588705473216671660     -5.03473554811871881753
      6.01211876442587911384     -1.58404425485902922155     -3.49098352977121573204
