     -1.76258421682532806507      0.68827209997385863094     -3.44861328484423212970
     -0.93184841797326123380     -0.00631004992768761062     -3.34443114763121540634
     -0.94387881539904672223     -0.72887664889961445436     -4.15783135056891239856
      0.00454131070159792885      0.54990340051965047596     -3.37392363404641093538
     -1.03287579189322409334     -0.73071765615725980947     -2.02405063403650631315
     -0.13285620381309301563     -0.64885836811399610902     -1.19957621040828144032
     -2.15100011439814231551     -1.42578658615798148368     -1.80779068995951286425
     -2.84061345398196563039     -1.45279269466260618771     -2.54061928247892909738
     -2.36243816424917030261     -2.28144031281996984006     -0.63181638951444540897
     -1.59350940241972116596     -3.05636367470697045690     -0.63221733580683303622
     -3.72887043212245927748     -2.96241044708986267509     -0.77925391809017052758
     -3.88652533417222123546     -3.64306060497252426345      0.05912929165759973904
     -4.52449047147425265081     -2.21610800256557949339     -0.78327099288636203855
     -3.76222046645053920244     -3.53670884754799219607     -1.70599119538515364702
     -2.24707510501284435378     -1.54472608628878305126      0.72154768323105644701
     -1.88325578220247358274     -2.16472210991496361032      1.71732576939558923002
     -2.50941721235224379782     -0.23054795446290471395      0.74532803721120666207
     -2.80037907343364933510      0.16756061238507313771     -0.13166576117648678967
     -2.16844029310102826003      0.73612446159181588179      1.80202914150768411794
     -2.48337636446455967132      1.71339919260418360736      1.43371869650777594707
     -3.00668233384385663598      0.47007019702644980974      3.06126900110903621410
     -2.71332401130030564929     -0.47361346776295132344      3.52237358469136685457
     -2.84617849926567068053      1.27481351992557412345      3.77989577108493346458
     -4.06552017571113122330      0.43143393450104888798      2.80373138728502580008
     -0.65680699916474838407      0.88853281073820211677      2.09205748733674745665
     -0.18492996890039103963      2.01857070306190600206      2.18362517250500243193
      0.09950830739906993405     -0.21168909618303080600      2.17594687325867708338
     -0.40349709706643199780     -1.08875758218506191177      2.10416614780797228690
      1.56407585334835252944     -0.32065475205319177165      2.29064887954976503792
      1.78971534619221794848     -1.38656466894319274630      2.24135814346051809309
      1.99852071576528889096      0.14529892064995997281      3.68766895954166473715
      1.82754941254201086487      1.21708562060809777350      3.79617102272492434878
      3.06133564907600641547     -0.05803263149580532160      3.82495218571433737154
      1.43386309274489498478     -0.38993344850162597881      4.45178427325656933533
      2.41514577212299208497      0.31300401643066289026      1.16166606435598351865
      3.52262145769953782803     -0.15908014775105841498      0.90893860037975249266
      1.92090667250518198905      1.32956004522643778110      0.45188287383779879303
      1.02796496280239146870      1.69745680188397862764      0.75073987789907115076
      2.59965699778981740309      2.03396809413855716997     -0.64020442025833812494
      3.64314014478886472048      2.16513499299465461689     -0.35028536039073815411
      1.97565423784493976456      3.43293564417471941397     -0.75540531534295052296
      2.51723688203189333024      4.01606744519041924946     -1.50126786697817271587
      0.93143768712000718502      3.34920731616562283861     -1.05953136597839403521
      2.03287370749510820644      3.94677253203554112559      0.20504553934369670887
      2.61880671082511273795      1.24760462627440715799     -1.97600986838279291113
      2.28787021608373075665      1.78626865934716883011     -3.03320471813046932397
      2.99095852663709615982     -0.03699690366832546901     -1.92805813321811303496
      3.24978967366128479455     -0.39890543859705174246     -1.01644407022590321787
      3.02311303836866995809     -0.94535574450809745084     -3.07097172433331788710
      2.00700658992844838124     -1.25919401169031930365     -3.31343823916535384910
      3.62466972679513999012     -1.82283905609231866585     -2.83104289584948087821
      3.45463150872210311704     -0.43799865372726265456     -3.93608465956627995297
