     -2.22217408887920786498      0.28981240127474183765     -3.38760842345037449519
     -1.85109595440847529702      0.79822249463501315780     -2.50031787852152076468
     -0.83144489931464593546      0.48237720375024323305     -2.28893359815119046274
     -1.87476285955790333837      1.87588258336139857008     -2.65584845227303389947
     -2.73186127301998427086      0.45304597828360754219     -1.32306923750888905111
     -3.39190910744136120414      1.33006289516198483724     -0.77999143991199648696
     -2.73635194493690070416     -0.82627454989841087052     -0.94518029991473284657
     -2.09340836154903442434     -1.42572877653752105864     -1.43721850720722654771
     -3.39741841139105815728     -1.42192409673101316514      0.22913711998749430876
     -3.13824138035949706804     -2.48133192550756342953      0.21808323390561218380
     -4.92343751195775247709     -1.35573480978063254376      0.06892501207153121923
     -5.21721916341878610979     -1.79562704674489803658     -0.88459291967077680052
     -5.26414800769196222774     -0.32034792008109747030      0.10749452328558671554
     -5.39821420590805445272     -1.91258310126294062137      0.87765863587272008317
     -2.90311465514866418047     -0.90558691374614774805      1.59823104507231517069
     -2.60121396369228463641     -1.71366498241195408525      2.47531845335860944957
     -2.72231504699425519433      0.40554076579339959352      1.77156934342089456003
     -2.99590475884602769341      1.01177840586129152989      1.00523969633670584578
     -1.99305926307354819293      1.01705707807020639954      2.88549775498965788145
     -2.26853143524344558202      0.50075217975829799943      3.80637089930123506676
     -2.44350437376566187453      2.47950373982209049117      3.01160996504890032810
     -3.52145639645479935353      2.52417932282003532052      3.17052326347774426907
     -2.18966339077138316682      3.02704849490617888819      2.10237958851935102800
     -1.93966161936956038581      2.94639547612751995231      3.85876183685731044548
     -0.46649526376165934005      0.84327879391536031406      2.70353653534215743193
      0.29050930294283228150      1.81016032809546767446      2.63208550608027058715
     -0.02229473820531900283     -0.40515911664224307787      2.53779114032009278645
     -0.70657970109694379079     -1.15030462250224907450      2.59347788565573988961
      1.28747669113268137231     -0.72646583995305469283      1.98100333326225097608
      2.02652182550013204576     -0.05553672815150331732      2.42288841280247124743
      1.65523069568980241151     -2.16270976458311947610      2.37148554470334804734
      2.64814924099741721975     -2.40510534447683088644      1.99102867147192275077
      1.65803680953572718515     -2.26138979504751835847      3.45781704536379663750
      0.93039729972498785848     -2.86015868799406858258      1.94832849293771226407
      1.30197589192350138276     -0.51790786359483442780      0.45253564843920679461
      0.32895821276852560411     -0.82563265149011777488     -0.24118012915127401419
      2.42354892271169486406     -0.02520845676260209667     -0.07628148501627700362
      3.20403333332545647849      0.16753281527689700692      0.53495673831426016065
      2.63642224539906289138      0.24067120587527626729     -1.49866078885305120671
      2.01240363376758546465     -0.43381029073966981269     -2.08692197297206893936
      2.20903803493466543983      1.68645948049706406735     -1.79182740990508837520
      2.30724093040664079979      1.89799147119555766672     -2.85669143956105564541
      2.83685120294372916661      2.38015434220003552213     -1.23003257171086288757
      1.16878070073346629343      1.83305840883256676577     -1.49736849725044018911
      4.10501191737584747443     -0.00792565659262737740     -1.89464292249881482988
      4.98298869918714704141     -0.05920893044427867624     -1.03422668943580431389
      4.36943661878807532162     -0.15071348200615633517     -3.19977744840666966653
      3.60070172347797257117     -0.08597359167316163953     -3.84806972799809221542
      5.70785735055401399762     -0.38309022712916324105     -3.74020818269809751655
      5.66985368970699088464     -0.46504793206571437558     -4.82731383053511020620
      6.36519731112350495295      0.44419541510404270124     -3.46427706661455303561
      6.11885949160671316349     -1.30500817606718522157     -3.32349440698189901866
