     -5.74419487310252563361     -0.24616175595764155926     -1.23123064844305529775
     -5.18805591714237035461      0.40156047332992278465     -1.90609062720441535532
     -5.58311195595785658696      1.41522628899099900401     -1.84758233151950568285
     -5.27462063890707977265      0.03779754913623585566     -2.92830239384793422630
     -3.73273435228270278330      0.41945937328782734177     -1.50352569030305383002
     -3.19923511767608204082      1.46979502302880238318     -1.17107272586305199980
     -3.09708870130032831725     -0.75109235143893604558     -1.50827267865149461379
     -3.61856920826619088416     -1.56586119546907553968     -1.78465654370148363306
     -1.66454729611249296894     -0.93501320907790852477     -1.24490794206457322524
     -1.13113977163605095022     -0.13533637993712732683     -1.76217016775364854198
     -1.22960974534465394825     -2.26060233246631936410     -1.88643387630510406261
     -1.46609565591238877325     -2.25427344490716308201     -2.95106504057534646535
     -1.73353622144338515021     -3.09734551849104366994     -1.40126296578501197132
     -0.15234343670912708912     -2.38112434841775000294     -1.77289817859148457480
     -1.27944125397858776694     -0.81319664786632850362      0.25115259293831204701
     -0.61335915209593883102     -1.68123457491605954317      0.81705997495348603454
     -1.71611525040054435642      0.25963630570902995753      0.91671469293956198143
     -2.24418090871205588854      0.94797484507195928227      0.38911552244644120879
     -1.43999674146768374960      0.54603001430784348091      2.32497787243308229321
     -1.60201906998107390656     -0.36303091331403825048      2.90647980871299926875
     -2.44789293852125267037      1.59903009802304807430      2.80654763144564567412
     -2.33723759767001437737      2.51695960434347654200      2.22630389551449248131
     -3.46444188528866936494      1.22163167501217184707      2.69028494763543113422
     -2.26938311818130200592      1.82262440231717315342      3.85894116081797200479
      0.02979371017177370740      0.97142067146525723498      2.51756500950703721031
      0.36070123945384957587      2.15458977706361221038      2.51713829285907131350
      0.93821325812461808802     -0.00522693525039101287      2.57080923333985778001
      0.60289165736676486596     -0.95069826552248248852      2.43067711276697506761
      2.39104459940411562258      0.20275866880426110517      2.55232057823944780139
      2.61564220282708692622      1.09256818836703151199      3.14305648543212701185
      3.05711777955047869781     -0.99576825540253077751      3.24367479151272553040
      2.65690902506529758043     -1.11436984532448235541      4.25120442129428521838
      2.87399213115730534085     -1.90566192143787693780      2.67019988029021071441
      4.13322424019748080326     -0.82956244159786618475      3.31061417026099302774
      2.92775944922763375899      0.47430128805346638554      1.12406721180815738492
      4.00667201243710557890      0.01522439431579545970      0.75035313204161901979
      2.13562955542309618195      1.15531439277156278145      0.28947332876052261907
      1.30422277917100704059      1.57133242851413812424      0.68664420445278973038
      2.36328827879022806968      1.35104680317734171524     -1.14310779153861319379
      3.40996284644078828663      1.62307504507106803437     -1.28851007927233629502
      1.50346748523195494762      2.54040885250347558966     -1.59716623836926596702
      0.44489673958630421291      2.31180742300706842940     -1.46135092317922410388
      1.68781054865769841733      2.74325757482136767251     -2.65291138579902696648
      1.75814953516667649147      3.42813465240247250421     -1.01686387119123389233
      2.11595765121655521313      0.05886787792545117998     -1.96084591113483797109
      1.21416480419023198323     -0.00235663353437577357     -2.79566334073714628516
      2.90009115661842642453     -0.99091735406356751259     -1.68614282921631275514
      3.58524183418316022554     -0.86272211737023896116     -0.94742363256711070729
      2.81848833454308422830     -2.30198790053162127833     -2.32740358242464617788
      2.39094923673270010056     -2.20795182935960054849     -3.32803494169891500576
      2.18710691218092678767     -2.96336142653071110686     -1.73240869780815764933
      3.81556180497401165042     -2.73697609263672436697     -2.40807091685725049857
