     -6.51259323602112871754      2.57196251540392806234      0.06812479265478148249
     -6.63260994287817773341      1.60138856101692295120     -0.40954678123358151387
     -6.83670800867243944055      1.74175712625776557552     -1.47070568116869315745
     -7.45831084144373246403      1.05958445797679479128      0.04807399755245993223
     -5.36064751356080559930      0.80178376793883820994     -0.25686231627779182451
     -4.75147292160510126280      0.43347603467386502940     -1.25114102653042280622
     -4.97213577046906607393      0.54488232030259409200      0.99367735628167941364
     -5.56979213536581863053      0.90152436278656333801      1.72102456027526939941
     -3.78235314582888770829     -0.20100225440315083736      1.44581868839745464328
     -3.77599491572097756276     -0.13159121025813588779      2.53449600569448652010
     -3.96521369382491339906     -1.68967578894253755983      1.11575262035174871400
     -3.15136475517452430140     -2.26485033861931306376      1.55955652089487784018
     -3.95446690911261011792     -1.83964334424671682733      0.03508224767242087982
     -4.91230985715256274204     -2.04934919477500265828      1.51944484864317574946
     -2.39307444969839577809      0.32653670683219249149      1.01056413776862430431
     -1.44155662887224877977      0.20070054076768431561      1.77751026553866653401
     -2.24076489831126801633      0.90972928408078246321     -0.18035990564466089503
     -3.04504136288810922650      0.90837378045370320567     -0.79829266325785919189
     -1.01085580567672184138      1.53101150041163491800     -0.68558664684076653373
     -0.55944329862599684322      2.08755948074113817370      0.13739558440959653840
     -1.40555011876540025817      2.54921927085519062217     -1.76566492100412375521
     -0.52071546006098468062      3.09151015400460149607     -2.10191110919013990355
     -1.85020728547857316038      2.03330659102120447912     -2.61827639095094433230
     -2.12306691011153247928      3.26401704339842657632     -1.36129932814547816022
      0.05848609626658615723      0.51154700904745176171     -1.15403645020852074765
      0.68820329321381090715      0.68072567486483404053     -2.19715150739891074139
      0.27044706139216317942     -0.56326291389750682281     -0.38968928853717382799
     -0.23280743392965397298     -0.60451367612056028378      0.48915772506443550016
      1.14965123852372075319     -1.69031468532686734996     -0.71668438692208569218
      1.03919655711539515863     -1.90152216232634718729     -1.78171508288977675782
      0.64143449714606937118     -2.92146075053214282491      0.04887506773335196369
     -0.40427945793827319010     -3.10885158214991585979     -0.19782778471405887410
      0.73673817349794246123     -2.75791359692037918450      1.12348376948961869992
      1.23118455584239749889     -3.79587386748504007628     -0.22983022775641806512
      2.65070785974778289074     -1.38401920239944709046     -0.48838075611459563774
      3.34596964696853138577     -2.12940811738116320129      0.19912580876515506567
      3.13142387858670279144     -0.26647005610654517227     -1.04705370705493283623
      2.46612404004222041110      0.25304778661174642806     -1.60969982828988955603
      4.47797522103090361867      0.32244236941120058004     -0.93934673674991142622
      4.44017776028466659710      1.26176936806551953651     -1.49272639674082818750
      5.48387603547520363634     -0.56769073580385598365     -1.68353806457672505736
      5.14177732930069719686     -0.74522746642825010710     -2.70365230433148662215
      5.59516735817461441371     -1.52253937481246737207     -1.16818354267746937758
      6.45384791846114147518     -0.06983183204617153528     -1.71687260051308032693
      4.96695522851188453473      0.71960326618231817974      0.47500103839449675514
      5.60429489330292174287      1.76135775928356697051      0.61228997890528802373
      4.66225884188615324888     -0.05694918583622735064      1.52068176228453588728
      4.17548949823398274361     -0.92423093523925348158      1.32006531110304448084
      5.03948070159696026593      0.22338008524727362425      2.90386633343294642273
      4.60962143991874295779      1.17671649766356489764      3.21643379656229200236
      6.12643518044432600078      0.28710192832418118813      2.98191398582325017941
      4.67641245222238310930     -0.56982297156849148756      3.55861923202666874388
