     -1.65815234555927282223      1.51751243790947620838     -2.96677239359044664369
     -2.60784616212052977602      1.00621124133969352954     -3.11152352470960824604
     -3.40570160974608482363      1.73632474374513323667     -3.23857312634155469766
     -2.54549822064420272483      0.37158289856512616289     -3.99370585944712530591
     -2.90444670015670070029      0.15113021097391726721     -1.90355883366110334443
     -3.89217734229944634095      0.37478251169739940085     -1.21399393379753606226
     -2.03376167060042511991     -0.81424554241103208607     -1.62092463707941747408
     -1.21501355435054425591     -0.88915299133592984315     -2.21562006792390464582
     -2.17078080728110656139     -1.77794997092159356988     -0.52197740008190407490
     -3.22030417438428440136     -2.07171694985526011479     -0.46528935235863483344
     -1.36090425886250265819     -3.03217575767050240287     -0.88143318459715735980
     -1.52427457396319332439     -3.80269658034426649706     -0.12684522694357053263
     -1.67655755064687772560     -3.41591535678090973960     -1.85229048746536695269
     -0.29854384591010468819     -2.78981833579908711229     -0.91375084527892547204
     -1.80804115644211771396     -1.17830099106149144284      0.85890642741892164747
     -0.99966619513733967484     -1.73876119160961817300      1.59855212843287475266
     -2.37210335711480269083     -0.00804185516119623571      1.18235202209006651231
     -3.05543671097842484130      0.34672553960830165831      0.52019739937319409151
     -1.99515836103177313099      0.89051000995477636035      2.28179971714686224971
     -2.56611119009807042701      1.80892050236735135726      2.13602843099780059788
     -2.45332968523988226295      0.31683095737384225909      3.63199383363449923579
     -2.23795729546834909485      1.03345525758385448079      4.42543882233117003011
     -1.93671884832711693747     -0.61903007961666933756      3.84746597165878068125
     -3.52774460128864086883      0.13087438165003487112      3.60665427230878599119
     -0.51523009859963575519      1.32549204831956446426      2.23548565548329181141
     -0.23049608970641360939      2.44522432487909568977      1.81835266435376130545
      0.41669230090419939749      0.43175868417790908005      2.58622683188564117529
      0.05282267912363284440     -0.48617874330530613802      2.81568336937422714072
      1.87244313841336595949      0.49853533008207340238      2.36972203606767317652
      2.27724648441812593802     -0.44067852030571513788      2.74933472925407285103
      2.48712841173259358030      1.60807168994219962244      3.23545840866640865841
      2.18466728552029110233      1.47968984444288542690      4.27526618122181112369
      2.16318967382412541411      2.58824534927580307553      2.88406914485274201709
      3.57484330960095153529      1.55523561024156831145      3.17405507632702832410
      2.32212905263238900133      0.55684829344925412808      0.89033151489998596517
      3.32728938210053426516     -0.06062099686856928932      0.54561251156992751632
      1.56930002152625203138      1.23742954082277578642      0.01802596283995666973
      0.82855057801398079853      1.79248065689130320344      0.43067429044386879022
      1.63176575250550270901      1.22905594967210163304     -1.45038096545527950276
      0.78581340055411985634      1.82728811825606451968     -1.79113169526021298594
      2.88984771392537709289      1.96974154390041311657     -1.92717805368504491170
      3.78695805060886669935      1.42311187281677331562     -1.63406626895304030178
      2.87003553708649405962      2.06024167607066299723     -3.01384319149025792228
      2.92044597371120318030      2.96815474777411125729     -1.48922875643934715661
      1.44080722719005271948     -0.15324788073725262305     -2.11710830954416051597
      0.50630783547586966087     -0.31790354553086247469     -2.90153663764403946246
      2.27926445741439254178     -1.14479473017383148736     -1.79687258885452250112
      2.98093969405139125328     -0.93167304642910875323     -1.09319637654435641849
      2.26205447688660576944     -2.49388557226854601367     -2.36111104108683544922
      2.48992753574460845556     -3.22220075842816866540     -1.58125161752402165760
      3.01016437814599369105     -2.57059876259739672477     -3.15156178080445092959
      1.28132205484692152098     -2.72187781457115196559     -2.78296124607152872699
