     -6.02261596350300898450      1.62291410414423631359     -2.21261756440707246796
     -5.86800388404649542196      0.71095433901791660336     -1.63673766778925955379
     -5.33795523706331298541     -0.01794568611461355365     -2.24703994624410885450
     -6.83128858775949776572      0.30926650376002112752     -1.32812693783426505334
     -5.04469690497077483116      1.03803822829517233828     -0.41406470488819197007
     -4.65601044577214029374      2.18191140767680291646     -0.21859458885376423232
     -4.75574149020687286793      0.02732892742836715017      0.40372470693888318216
     -5.10101154973576953466     -0.88679784127280081307      0.16254258609055113882
     -4.01381917999753312642      0.15716764489618884060      1.66387428958499405951
     -4.35562783253893037738      1.06797553695480718083      2.15905930127278367081
     -4.39531483214064078169     -1.02491250974647596372      2.56804443945362415036
     -3.91481690525670655845     -0.91063973588558555505      3.54093684089482385602
     -4.06324329182195587151     -1.96234142191966376423      2.11947231193417184869
     -5.47601693702117753304     -1.05213690569160145394      2.71233461504987749535
     -2.48661045872951680380      0.32204332488700887493      1.46348690634411471301
     -1.68781951695074594610     -0.42577023502641347941      2.02581341078908216957
     -2.07475772321204043891      1.26454883232453130226      0.61090713151987696694
     -2.79139225933343970709      1.84079767656661630326      0.18169736135634967367
     -0.67958745761609595792      1.57537609031998826481      0.28299932035881353309
     -0.10096552340085011845      1.54460156063453957209      1.20810955309702117155
     -0.62355239579674170969      3.01678503190496183350     -0.24371303836096611106
      0.41435118777217477826      3.29767699736459318771     -0.42923548076012330021
     -1.18448544831027247071      3.09607786337756918371     -1.17620467512407178567
     -1.04701800039235659590      3.70039753097817847305      0.49298899957569031205
     -0.03430714727668529584      0.53979763834694516333     -0.66925326785476624281
      0.48594990029190376912      0.87777085334404525430     -1.73056320300249533162
     -0.07098936222522742034     -0.74286054425126402112     -0.29837867044050198073
     -0.49906931717991687147     -0.94811782959053281239      0.59798275954060375881
      0.45798896178448472716     -1.87202740568321912562     -1.07362467856993570869
      0.21768968314593362123     -1.69507448588633913289     -2.12313296157023367883
     -0.29103677864751908988     -3.13953403930624652673     -0.63588424335014959166
      0.01673281624506340465     -3.98134593019157101423     -1.25770203125684854051
     -0.06001206086002226769     -3.36577599225975143682      0.40614506486563761722
     -1.36612028679319252866     -2.99458160442639220733     -0.74591261713130463384
      2.00122756873616181039     -2.00452315445140527572     -1.00382818310296340059
      2.54083945501859131966     -3.10890264883993516776     -0.96145024869213735474
      2.71184133644520652950     -0.87641766193177705890     -0.94310104012386197780
      2.20546229097495816163     -0.00186293235621887913     -1.01593911390670865735
      4.15301422536089948068     -0.78069356722264526827     -0.72557124927819260929
      4.51312713487957495317     -1.71843379300675902499     -0.29928402905532774936
      4.83790149015178538860     -0.57138443767055890898     -2.08313479618031305307
      4.49538780430029127899      0.36307344083443299221     -2.53080495548210793189
      4.59193137623147684678     -1.39931662004397838750     -2.74980022382251121371
      5.91963622077197193505     -0.53204226952019861852     -1.95465947258889372051
      4.48719908081903362529      0.34542799887482422694      0.27327425808793454065
      3.66530013613274707751      1.22529327758686878980      0.53090702294313685261
      5.70458374675235724283      0.31838541429119188164      0.83094951543708162056
      6.32526349334449111694     -0.43144938443088060032      0.56983705453525335116
      6.18493577649420611664      1.30897755103621937778      1.79264502777035872327
      5.53877293956601057801      1.31050045408160187321      2.67290509908738771472
      6.15775293843710080921      2.30303402791043021480      1.34144968933428465618
      7.20699721490301570270      1.07876637988876766805      2.09627232380873973483
