     -2.16326426467532195730      1.54165445510705279020     -3.90339805039202936143
     -1.64618291166472308085      0.61057687712640373867     -3.67627131828217423859
     -1.81677724264057105508     -0.10892861042006789229     -4.47459627620703237483
     -0.57841632387317598596      0.79694649293662367384     -3.57837520136538111970
     -2.18337833487938004495      0.04804561693445922460     -2.38216267634525502572
     -3.15645437720743338161      0.56626638102404713848     -1.84938407708826124676
     -1.53849216965568258431     -1.00720737405366134176     -1.88527587075735625355
     -0.70160745997724383027     -1.28293062190928663924     -2.38819409864522613773
     -1.80614837925114346540     -1.74149458962610870216     -0.63682283469631684181
     -1.03322198319010660761     -2.50688751630892525668     -0.56842671942554456876
     -3.13936445826748355969     -2.49312394949902449426     -0.75760284551769019323
     -3.96793941574708020070     -1.78514497726938792255     -0.80455518601541942125
     -3.27452174075226842831     -3.13780893051993681198      0.11170225949208448246
     -3.14017691230015172366     -3.10789077106612943169     -1.65835177578461911985
     -1.68827430692352220554     -0.93934913716088730418      0.67982905808307536599
     -1.19539489830120482239     -1.47714918212766899153      1.67107953601946990219
     -2.06446930161570652018      0.34125094196201999353      0.70757595585816690509
     -2.50538411776531999564      0.71529026475837265142     -0.12626910021961562647
     -1.85249485949343162261      1.24855617981544009254      1.83444640493538035919
     -2.18805916745423223446      0.75888432173104281020      2.75002430962511112966
     -2.72179098662598617508      2.49506885718317183986      1.61843424709636396486
     -2.58435439435187275237      3.18676908961249560903      2.45020638677618274315
     -3.77296757809843619214      2.20928837922110732350      1.56275653634567857075
     -2.43769121032606284061      2.99512384604287706935      0.69077040437369996440
     -0.35102064660812554164      1.56908880471116884969      1.98253255821866414266
      0.15558368795370153270      2.51356258060538007015      1.37974163212375522392
      0.36753347775775729867      0.71880928978083957759      2.72588497529387252527
     -0.14988210606112367662     -0.07060980935027701133      3.09012685221782623657
      1.83441172657763718057      0.59964738395937877691      2.79949883959333600814
      2.03782170761631142852     -0.24110288955091749297      3.46416268414870565095
      2.43464051431694494809      1.83716742488685191859      3.48271936699787598712
      3.49933598279199298275      1.67545863962241337042      3.65577992006179863793
      2.31197188963941568929      2.71772451246828161686      2.85116686513486117249
      1.94261752236184892517      2.00948748493979501006      4.44051481435084838267
      2.53471736404191672065      0.23526213976572341036      1.46871928021429676292
      3.46024471154088741898     -0.57392311011401364595      1.47081763872402837556
      2.06322439963228410065      0.74247662055203789144      0.32696639143687428186
      1.34124867028696925786      1.44967510209127836696      0.40627607990584613251
      2.50576585009800734127      0.38243060085977653717     -1.02170621893243729339
      3.59430103702573289226      0.30507923215060944733     -1.01337052218414380711
      2.12915760623105265736      1.53622817597027561121     -1.96257622481452242980
      2.46872985707294922975      1.31232211083813732344     -2.97465386563319178492
      1.04733878027512905540      1.67440775031635968872     -1.96945048170020120537
      2.60471618113978653497      2.45856432747352116053     -1.62644794652246038602
      1.96452476056595637388     -0.99742336486487226388     -1.47193935182600887934
      1.25118767680076437010     -1.10896327553332962879     -2.47078682617876888017
      2.26316803707241342991     -2.04725305965756021465     -0.69671070321138173220
      2.83723317673779007464     -1.85572790414040555973      0.11948682562699716736
      1.83248676404596655409     -3.42682672078712213803     -0.92030554308151135690
      0.99943195889950176003     -3.66554246186942389585     -0.25751759520187500474
      2.65840876069452924924     -4.10795838931693424456     -0.70952175469759859450
      1.51792744652954225693     -3.56786723930100091451     -1.95654675792877763563
