     -1.46114642307174547042      1.09351967203590394462     -3.46027310037762481087
     -1.40149337781191096752      1.66648439520011115711     -2.53745151047186912052
     -0.47456328832368127602      1.43469548814867176034     -2.01682760623241064124
     -1.44120709703698901549      2.73171151932915989846     -2.76030718476908498715
     -2.56829542901995999671      1.30508355319498758895     -1.65064670940563185120
     -3.37492387550878536473      2.16108197202009710836     -1.30911133675596214054
     -2.64340830685939254252      0.04216246856829226203     -1.24012801732748312311
     -1.85819364942943754393     -0.56044600826820567541     -1.44450179954850077557
     -3.67812170436408392149     -0.48010158440375166888     -0.34084781936909991362
     -4.62005416228527199252      0.02055359775450552040     -0.57137809955534335504
     -3.86068429437227145229     -1.97700476183302820132     -0.63153658212331575950
     -4.12185733397430720260     -2.12309485589672242156     -1.68016817734040913024
     -2.93788027167363141601     -2.51484180037636884109     -0.40852561443591428603
     -4.66263862651990201869     -2.37575523754744155625     -0.00884134658282250026
     -3.35265505651161532796     -0.16286721485590816005      1.13604246351928828140
     -3.31198046109976962370     -1.04998122559349615912      1.98894023535483510656
     -2.99212905533380979506      1.09227291907568302420      1.41954493559741679043
     -3.06537236119090694686      1.77048758068654366049      0.66940193019434579558
     -2.29293642168184730323      1.50663898941098017836      2.63846272994919628374
     -2.75781904143670253404      1.00976191296281636589      3.49150259925557948648
     -2.48257198215702823418      3.02033423315584537150      2.81304384290240339084
     -3.54553227250929658965      3.25859265192891989216      2.86487841947878019155
     -2.00063922473302335803      3.34549927862007967505      3.73588277109859756564
     -2.03338752402726985480      3.55219281188003277450      1.97272962072841262504
     -0.81095095960066287955      1.05949929427508915403      2.60062869340166402665
      0.11044094131621962074      1.87244616088591486758      2.65282144491953575383
     -0.58251436241947995853     -0.24438421818133021501      2.42340609448404142867
     -1.39158977306124054252     -0.85231510124970832898      2.36826415555604308238
      0.71252861212316365158     -0.80171302855438608681      2.04560222994799145724
      1.48842832611667419407     -0.29004856484939178785      2.61813209075183461749
      0.74129308788057524104     -2.28606696223855010430      2.42886177061860220050
     -0.02793866695554099097     -2.82761609074268394082      1.87568945138948461882
      1.71750058392262627827     -2.71016935526135815948      2.19085204985916348619
      0.55924195833108769627     -2.39557277722638239936      3.49881608178514857954
      1.00717335866665602673     -0.58557274585485286078      0.54615120313420728593
      0.10356510593242408691     -0.60988067046777139080     -0.29425655018080026926
      2.28660182647503074094     -0.41561116617049859157      0.20714566449911470114
      2.98871485918361168288     -0.45655292331565855424      0.93190142921597440839
      2.77933983945759255363     -0.22255687068844234866     -1.15651329512090295104
      2.07955867715548192720     -0.67748555134097310226     -1.85926324121027697345
      2.84944784432616149417      1.28495392415779141615     -1.44025607133135480353
      3.56466901226158761062      1.75684850232186451358     -0.76444123322032320189
      1.86847505072081632171      1.73717143781053473539     -1.28955285446920187020
      3.16341275860281134769      1.45804910045222868575     -2.46978058367151787067
      4.15021041879915664197     -0.89974009165412083266     -1.34939919459938217905
      4.83955660759217209943     -1.19936266756494447350     -0.37530322586901465609
      4.54709285762388493168     -1.12765002134296787872     -2.60801139603260478950
      3.93349098986283873813     -0.84597425010748728003     -3.35614622904063875097
      5.82090690638294105952     -1.75226597240269077460     -2.96113801804501441950
      5.87637738145195331896     -2.75057851073229775452     -2.52203363388496848430
      6.64589053720539357784     -1.15490338476981890814     -2.56721395652539863264
      5.91856746157870272640     -1.82992785038481442506     -4.04484752014479020943
