     -2.93223768967169640121      2.22841057432069789002     -2.48059132939956672459
     -2.39102095860008079242      1.37113312898920858274     -2.08256531524736976380
     -2.57235288963807473550      0.50012452676106544658     -2.70927250762867855016
     -1.32645585855567693656      1.59356213783428080077     -2.05165340227536230344
     -2.87157931841091240699      1.09537603277497064269     -0.67917368489397555997
     -3.58892184457297469535      1.90209008275261881593     -0.10155470311349257262
     -2.43834891954590293750     -0.02203684237206407492     -0.10187399096370976237
     -1.74418895539840157483     -0.56596112775800577754     -0.59444561724749633846
     -2.74546948856747929923     -0.41727031261451469346      1.27741557010788264748
     -3.76957875994394209229     -0.11488650189971659488      1.50310117067842075045
     -2.67825451469478093003     -1.94912226393603127406      1.36531629974247747938
     -3.36985999435794081336     -2.39337418051625627768      0.64864666387961100735
     -2.95625777420985969002     -2.27078911599131583188      2.36989835124301473357
     -1.66408475132614031011     -2.28995872171509340376      1.15142817603262459514
     -1.83025323248287929978      0.30899582865092395378      2.28977685971105193730
     -1.19950182173386377116     -0.31317470632681893017      3.14522581444946736084
     -1.65213804597017510645      1.62173066192121484441      2.11120794441796855168
     -2.22986255093665164395      2.07039001823507096134      1.40914318051504139362
     -0.54966862742478783677      2.40303532085382531847      2.67665627493685809313
     -0.43234285530857918811      2.12931431457651143546      3.72643631552021181719
     -0.93021520297884130457      3.88926819174989413241      2.61516724871081374104
     -1.06504595747873054279      4.19800098617397932088      1.57721871314728900870
     -0.13668192190322764334      4.48916073629050327298      3.06241613659982858664
     -1.85639736381458053671      4.05920822370094924736      3.16540608929911160274
      0.78222069016260054042      2.06698616672789547977      1.96187481541302699561
      1.40826152455499808980      2.91250642825545469350      1.32520226717605904554
      1.17540451719691652066      0.79181493111100098581      2.00175815806274259856
      0.58735869638631044154      0.14678164238613275461      2.51800466388173616039
      2.22026124012757364312      0.22519782782008684885      1.15480437012733228030
      3.00311415660502767366      0.97442904552036091470      1.02282676532526894952
      2.83461063990014627834     -0.97860709268135748218      1.88004683983090448152
      2.07551907612119013180     -1.74785035757980966586      2.03261808658864895349
      3.65029285569195449668     -1.39443555458697865390      1.28778474172390144936
      3.22642664726005179432     -0.66547648061074626824      2.84895010179295349317
      1.68562501571011669199     -0.15433262838087810631     -0.24305826945135725059
      0.50201793166782859856     -0.45825878283767190746     -0.41014398161158005518
      2.58710264237181775115     -0.18267939938329869065     -1.23250517037381035479
      3.52205348717665867042      0.10031901126115630452     -0.98619158728592781760
      2.39747586786576549756     -0.59271700160629925414     -2.63707317530240237247
      3.38241300372520692363     -0.53905953034118858636     -3.10302205250353102528
      1.53268937023739582060      0.45054195029638982595     -3.35801284221411355801
      1.52504070670418379052      0.23867068987286607640     -4.42821283927064435204
      1.93740754223859878991      1.45069992763774724409     -3.19815676034740814515
      0.50991916749355203908      0.40864622229662239672     -2.98555991853269997449
      1.91874588264411483074     -2.04197708319651782816     -2.90472309040052278917
      2.30176506499549216045     -2.61221233298623323194     -3.92239020595489051857
      1.13208212605903035808     -2.65657894295906027438     -2.01350783956628065496
      0.80822154699572767989     -2.10319227759394777877     -1.22967224899770743995
      0.64661723285180316978     -4.02897814733484960215     -2.14070951308569590310
      0.05915200672271277160     -4.12789250448470212973     -3.05564355922891328632
      1.49356923760554249903     -4.71567616833542047061     -2.19568218344967203137
      0.02535142045386456350     -4.28989655074265030521     -1.28293583056743698556
