     -2.58236610135478317218      2.37020617518091203380     -2.51456384324206183578
     -2.28094008970646955348      1.35679476497642581556     -2.25366397100950166532
     -2.43854614409527403751      0.69461203743125254917     -3.10229342316350287234
     -1.23092167025106036249      1.34821024206623185648     -1.96744901964365426217
     -3.11301400594176458370      0.87976234482452098096     -1.08808715470283634552
     -3.96441318136267151218      1.60931863443983491635     -0.59426900552055061944
     -2.84489807482791690063     -0.33381991403140098829     -0.61456195309487005041
     -2.03068227863908745690     -0.80725050365442208022     -0.98179214401230852083
     -3.50760232135571392575     -0.93670602879435638233      0.54653786586036234851
     -4.55386838809249461235     -0.62629868471765548499      0.54977798738060634776
     -3.47281852956307712788     -2.46355324224193239502      0.38397595735270462214
     -2.43944872222606834455     -2.81393383877569425167      0.37594950428664392073
     -3.99933706085256446272     -2.93224914795795621458      1.21640545894019158624
     -3.96025573405572739460     -2.74941106845346538989     -0.54867162724904916526
     -2.88202968846618245990     -0.42911587792701288979      1.86453198918689344588
     -2.40955000004132946501     -1.21597293431876840586      2.68458310597895488669
     -2.78801405818227454603      0.89969015973357580052      2.00543358720780728888
     -3.25407648850569497512      1.44034680047947438730      1.28443424721178889314
     -1.83679997124463545433      1.64462469192736304713      2.84666521201029176780
     -1.98897531201870836348      2.70089795635409979369      2.62031637137890127676
     -2.17763041453456596130      1.47130886637407254369      4.33429865235617572949
     -3.22321525965012201098      1.72812751740951053847      4.50734824258967936572
     -1.54704856076398344911      2.13235595079353457137      4.92989228230923792751
     -2.00343601959188921668      0.44207663628499654918      4.64915294516992272378
     -0.35322873609098071057      1.36702626377143166003      2.51056098902975843856
      0.41024081286049191020      2.30515560450373202528      2.29465472499719869148
      0.04506147444016430498      0.09967743922851962646      2.38397263594736363856
     -0.63946070555138434521     -0.62161123400212858758      2.58031756223635433400
      1.29124924012109887350     -0.30606376217610248291      1.74228886739909372139
      2.08174697164510869030      0.37629711851435776460      2.06011149610468979887
      1.65688899652978727239     -1.71457155085470036582      2.22544923715832698718
      2.60753225012896061585     -2.02084798830131484593      1.78741634222306622348
      0.88126625779712297604     -2.42222229313038805998      1.92759221025200311317
      1.74972009099442904478     -1.72007193283513948323      3.31233113393712086392
      1.18711960726532717025     -0.23074527024379168361      0.20398391295605580731
      0.12220848338605264094     -0.45371250165860022019     -0.37922096409903832681
      2.31221322442676235909      0.04651612441353261684     -0.45787914497392928626
      3.16528808907439707099      0.17117972479562126864      0.06826619694479421629
      2.43536337232994704038      0.12889241209452353965     -1.91314911351093397407
      1.67385529942656230418     -0.50209638057122174537     -2.37414204883536505974
      2.19328040375102473192      1.58338649961159694257     -2.34202383504203037745
      2.95696167018782141156      2.23056151394526391840     -1.90740083478522470806
      2.23236894434845023483      1.66488769606121289613     -3.42843417063191946426
      1.21177906046892491787      1.91270134525957757887     -1.99878709018332267888
      3.81434579446170740624     -0.37724414545695472700     -2.37927722763278870488
      4.75011901449846440926     -0.45598746132113049390     -1.58430725723397336502
      3.93906903309698286364     -0.70773194295796459929     -3.67108802059402927753
      3.13121267980268580544     -0.60819590518051391825     -4.26524756812467487066
      5.17920766024442169595     -1.19596169603290181094     -4.27203673801912486852
      5.96628437971329805833     -0.44859082767926278246     -4.15136585899352095197
      5.03349637323087062413     -1.39647270692578295836     -5.33437330320151215091
      5.49469833273555963160     -2.11417568027461300062     -3.77216340090626411907
