     -1.45569733924870403641      1.78389189957005989129     -3.01488541671702137137
     -2.14515680240299699832      0.99012194597813396602     -2.73312969438209973916
     -3.16706040126694521319      1.35893959133181918553     -2.79289554186927180268
     -2.01217043932695860420      0.14666550001862321828     -3.41031878884005701380
     -1.83495584779208753545      0.53755447477893569808     -1.32716535286751513567
     -0.79366895738969767127      0.88873047840007812770     -0.78490301071022006152
     -2.76182105755791029722     -0.21240838101213574407     -0.72710912094797708338
     -3.57725357027564383472     -0.42869779724655660003     -1.27734637417887242350
     -2.65857157524158616013     -0.89741334159070729193      0.57610460678404129542
     -3.66205665492334242472     -1.24673990041101423465      0.82146902069682048442
     -1.79309346521002233033     -2.15286160890068956064      0.38034100133138704081
     -0.76275643182858066105     -1.86538720883203779088      0.16580524239233185302
     -1.80821218244840253853     -2.75835783202566320327      1.28787610676096475615
     -2.17946943030979056743     -2.75083899229564909916     -0.44574833692707144239
     -2.21592726431751207983     -0.06957345589148281051      1.81311320626895122743
     -2.06089926893732933166     -0.63406322382315882802      2.89069681644188980485
     -1.96371009189267509143      1.23603406168848817259      1.67756945675208068991
     -2.05776945051774662332      1.62792135836878415489      0.75346292102685852310
     -1.21054424747859901146      2.02858496284251588193      2.65632927016266595643
     -1.59593295671418267112      1.80814024287390040513      3.65359588178212746357
     -1.46644241169413991344      3.51191799967359186141      2.36028476913018581129
     -1.07908071023056661986      3.76952716511630203655      1.37364114469203602020
     -0.96234584187407157252      4.12436381368343241149      3.10959916864187002616
     -2.53623534142624817989      3.72028530230003262602      2.39910794559088635935
      0.30437734943671707066      1.69710237124097496064      2.67907183584603281190
      1.03599676698611675718      2.22685722821507070535      3.51043661289042185913
      0.77509061066659845629      0.82630972086544507427      1.77623867437952398518
      0.11832853481023347664      0.47662493137272726740      1.09280181856204450241
      2.12792872834127821946      0.25639652079091151959      1.76986164812735324858
      2.82356191837530756672      1.00319719447937072410      2.15646163043484362376
      2.13242632944354904012     -0.94957656893139996690      2.72367698602966346044
      3.14013908911241523825     -1.36037310719310777785      2.79738321939346823441
      1.81216337962211415658     -0.63740076373873355564      3.71885934686165775531
      1.45617040549452503306     -1.72175978464296242088      2.35463429473914809265
      2.62085082295250648698     -0.12738150523014657445      0.35268041584244858022
      3.48618418740317181914     -0.98789837496631793812      0.19561208658048787057
      2.02149355401707309099      0.43675495889097087909     -0.70044926131913654022
      1.25503330680851110657      1.07387284892811130099     -0.52903329894600092942
      2.23476230846823487042      0.03580883043244265790     -2.09258413139856358498
      3.28304383138886191063     -0.24055240752549120198     -2.21812357299150786361
      1.97067301243333647953      1.24703107267671353675     -2.99828924836144938837
      0.93666154599704842809      1.57381339906869244238     -2.89426777687330183397
      2.63729361364410941349      2.06594610379262944022     -2.72604151750056722392
      2.15251449521176718704      0.97196777369234543809     -4.03789721325759209947
      1.39687795633122768812     -1.21563869144976610670     -2.44188250429241326955
      0.49167882682432106911     -1.17356903153827785147     -3.27567686965172644165
      1.67732982626762305856     -2.32794908859303584236     -1.75119603328451556301
      2.42360518344127751078     -2.26342557285161483094     -1.06610754989855971431
      0.99275604697436659052     -3.60793528121163964428     -1.91629425587223711780
      1.28756173309015964357     -4.06208678566685410516     -2.86392289671279876018
      1.25387513688170093573     -4.27999992886567959260     -1.09753947324739753455
     -0.08754676011841079630     -3.45247311663698130957     -1.92390788709431626025
