     -7.05821921854887879277      0.89869953364453025735     -0.78246590379482483524
     -6.11704950871701580439      1.28523146013101507990     -1.16895685834437479400
     -6.28098645694854340604      2.27028705660608931538     -1.60482900868483446821
     -5.72194231558320609565      0.61330086421842444633     -1.92863374389874420167
     -5.12292944627126711765      1.40893531387960058154     -0.03925309869435573973
     -4.63498351238700756483      2.49652664984394334624      0.23873261790225436263
     -4.80128617155027992425      0.28793299517811826727      0.60370997638493306692
     -5.23563574046716073696     -0.56897057579768706148      0.30335878183433201416
     -3.89814145828118086001      0.21713309448387474454      1.75854293436298392272
     -4.10681609924874990725      1.07594734410983239314      2.39929361416617803471
     -4.24736795457597793302     -1.04557930504673146643      2.56133879979196921184
     -3.63786258504272463910     -1.08362811327694608110      3.46550452661570052015
     -4.04743096426374027175     -1.93674375869390180682      1.96454060734933211307
     -5.29933276015784926471     -1.02742667493911721266      2.84856390076076504414
     -2.40166801051200096140      0.31888277833996758748      1.37136606343594436019
     -1.61019819130278230013     -0.56335844960803160841      1.69729455289814046282
     -2.03515180130689810056      1.38322332413178927801      0.64635932596877865297
     -2.77872226841122715868      2.04480420800205742182      0.44645546515192735537
     -0.71609980908376991149      1.71401117698114080490      0.07847471629422030082
     -0.85468224817456339704      2.63182743359787663096     -0.49482454312061152635
      0.25524639032401080785      2.06543147614976652093      1.21446063273870064059
     -0.17561885399348498016      2.83991290245443828155      1.84961884890352346034
      1.19108323959923056989      2.43532335381612563552      0.79234431837956065259
      0.46981576263454327691      1.18143173544269863839      1.81638139778147689185
     -0.10861211190561252671      0.70664961957935068515     -0.92552316506883069991
      0.45264549969586487244      1.12381750276972569580     -1.93489287848256630298
     -0.20041140637016824355     -0.60267317349922311376     -0.68467754893903154390
     -0.62770298668720114765     -0.87865000412488059034      0.19221294043312672772
      0.30122855629026817903     -1.67055854218631272268     -1.55802677972698933040
      0.09408689798486431777     -1.38030558456182128602     -2.58917194644134296411
     -0.51000323626354560069     -2.94126395627224335172     -1.26407016986260201108
     -0.31334177496614429304     -3.27916590867291857236     -0.24546770413038712655
     -1.57517827317264069720     -2.73900492661557759533     -1.37970263130966808163
     -0.22343550857094959805     -3.73008857828082041053     -1.96093923195991992614
      1.83520819162881587694     -1.87985943386854104098     -1.47243102021184069095
      2.32646450719694453113     -3.00126263931651537931     -1.59102507162527051499
      2.59307850431240316524     -0.80902026511357094662     -1.22476736610889735957
      2.13038479159981486433      0.09008817940542125646     -1.17169962427530394145
      4.03503181202538563355     -0.81853292251027909288     -0.99000905823303042563
      4.33751659465800809556     -1.81741597406309818297     -0.67143860656166032275
      4.74698333685754736422     -0.49407127038228282334     -2.31055140892472810066
      5.82755427353792576639     -0.52739651392367281613     -2.17097740903872882257
      4.46651907667844216832     -1.22691576566631233014     -3.06864646357726345016
      4.45962061849640800659      0.50200873522951061645     -2.65139889865712419237
      4.42190373220021548661      0.16759509437840935941      0.12978761133334335010
      3.66397249095467492097      1.08098676009020633337      0.45597401330468717573
      5.61456844445173786085     -0.01435063707263570069      0.71127049380643792009
      6.18316574813472819017     -0.78149169654642280936      0.38897434904607858241
      6.13810145643026583429      0.83053468406427344295      1.78314124591978440115
      6.20697289935396767646      1.86380098614545430813      1.43666761782922192126
      7.12677899263965830556      0.48622536140819727635      2.08932432500103315576
      5.46287885507884585223      0.79718504595770600663      2.64068646227849646024
