     -6.01912252151911442155      1.94174327211397490522     -1.94966522956239751707
     -5.87387256148361736052      0.97291476709086111008     -1.47270932539631305147
     -5.36449250050465220596      0.30200637396830393167     -2.16200575899474323194
     -6.84036581289543654805      0.55763731731722032681     -1.19352022429576964946
     -5.02994014878165529581      1.15870987010914983095     -0.23456325871433753028
     -4.61842716518727591790      2.26978093579625150866      0.07188371266245606461
     -4.74919213857052557870      0.06454180535631159898      0.47097542875189091216
     -5.11373490197474822594     -0.81405030178365778148      0.14204921102541914757
     -3.98970639986608555105      0.05165972195487895935      1.72727921202817724655
     -4.30903394031996445079      0.91220893828892191113      2.31812381075591344981
     -4.38127042504986086158     -1.21071072141580193815      2.51052538052247298239
     -3.88693887282450489806     -1.20516981611813633890      3.48318244444561342377
     -4.07158570041503775627     -2.10237197330267155948      1.96344493978002399004
     -5.46044193357104390429     -1.23470473638043820586      2.66638108936951745420
     -2.46234915734202308712      0.21091948499082807666      1.52351050816766075968
     -1.67029136870979910690     -0.60395293356761048376      1.99481782293380116577
     -2.04410386840782010154      1.22920827495195927881      0.76654922757669030631
     -2.75547598070412425031      1.85838594870103834822      0.40887059810086517908
     -0.64769387312157644665      1.54894080578287596239      0.45278592612888657332
     -0.05844880057375213128      1.41351282991177429338      1.36164722527983839129
     -0.57224412479642006168      3.03577808093280632207      0.07615906342284099739
      0.46818725956873125105      3.31701161877089178986     -0.09405537957169894658
     -1.14302394608097834805      3.21992614766548479466     -0.83530886347081989562
     -0.97433336392994684960      3.64686517078038230366      0.88503227542801865546
     -0.03279458379855696576      0.60631107041835063942     -0.60973110810920594371
      0.48042850598384262417      1.04304742099738856353     -1.63790205435123414901
     -0.08795321220022316033     -0.70692174028468635072     -0.37207024486425904763
     -0.50865574481462427769     -0.99621725496364754715      0.50437957911874398143
      0.41115628524284597578     -1.75891875662956298498     -1.26651656233219700454
      0.16125735216212622181     -1.47091863306067094364     -2.28883264234592997965
     -0.35508867361649859573     -3.05214387065626890916     -0.95081605695403648149
     -0.11543819442949275478     -3.38824067936515049837      0.05912923885465525692
     -1.42866247474609009416     -2.87881571542021763577     -1.03030595359510135367
     -0.07010248183346488859     -3.83047308133867270286     -1.66005033331245077655
      1.95250643012385172170     -1.92348595059496596527     -1.23232019379415902449
      2.47268889354782039902     -3.03516360715824085048     -1.31114872259010928346
      2.68394121859260659235     -0.81957094268381058821     -1.06601769050727757104
      2.19248663326840809162      0.06611806882313839284     -1.04155365519442533184
      4.12915183398139884474     -0.77067402095447490318     -0.86001530150150495846
      4.47756215779339328265     -1.75315646668304525591     -0.53737413751768348114
      4.80103594593626059606     -0.43414098053667266042     -2.19836387537207489373
      4.46990056849160932728      0.54698594154471968931     -2.54285631923213495398
      4.53211381557114822982     -1.18486145845159640544     -2.94302181102173276983
      5.88479245740835477108     -0.42618811841800785523     -2.08169202144441989333
      4.49568067375442037559      0.24095673717305099437      0.24442187611289631355
      3.69291644845932198749      1.10314898519961723800      0.60254133484731720038
      5.71911121990172865992      0.13645941622156690376      0.77926430806873425716
      6.32299483201625811546     -0.59271361141574074871      0.43385647592923531901
      6.22888615153466140839      1.01469743633252718062      1.83078540552445545586
      5.59366459621460965224      0.93633330343043930100      2.71551088335138324226
      6.21403485234835351037      2.05022794175804312644      1.48449011895282745321
      7.25028674016716134787      0.73752768480099240023      2.09481962690568046526
