     -0.90541826760100319049      1.75615280420436503661     -1.56438532237828131777
     -1.91813996419703935992      1.97667635234306104941     -1.89565390483853812853
     -2.06540401057079714420      1.60675114901457050109     -2.90803495369560005557
     -2.08829228164130542567      3.05191741829861351576     -1.86640498117276698586
     -2.89815795601175762997      1.29767108754463977860     -0.96992342369811990199
     -3.71785499405766994840      1.95795492602636400647     -0.34370367452226519012
     -2.79436244136154154916     -0.02270239974951206857     -0.84754058180068270190
     -1.99790576878248082870     -0.46849918151937086641     -1.28157939830434086659
     -3.62783135698296677063     -0.84422747550017873674      0.03706247362765847930
     -4.63556478218961487414     -0.42544020059292475544      0.04833801078682620905
     -3.71542164982515732419     -2.25791056355430530544     -0.55655039448300025473
     -2.72427098489108843182     -2.71353483986639743009     -0.58097805399212154587
     -4.37328416778240125495     -2.87322679076446307889      0.05866087324945182951
     -4.11909279406366302112     -2.21200248245861619267     -1.56854048621612118808
     -3.11115552069905199062     -0.80591187251954832238      1.49286089986804970664
     -2.86017787584791305378     -1.84016664978344413051      2.11204388875550197469
     -2.82749851880627378620      0.39649352954899880208      2.00226187721388937391
     -3.07581477443641571057      1.20258448891089830823      1.43958023086947739522
     -1.99124882947782255727      0.62876614678494235910      3.18254406535481404461
     -2.27332265369565744706     -0.08875763210845201423      3.95473165883360477935
     -2.28917542441667398734      2.03753338408255713077      3.71576832779172150367
     -2.02379661578752623186      2.78441000878097355553      2.96575658617281900931
     -1.70376577674815998797      2.21869453326767063217      4.61804287517934497487
     -3.34902407841496296825      2.12782824930367020499      3.95640529028321807914
     -0.49787270195276300822      0.38413880704020952894      2.85447173318130875685
      0.34273486322462326514      1.27457726096079038136      2.96878711122842986470
     -0.18128550628581810433     -0.81578057254875591120      2.36084295674419974986
     -0.93049677780580541953     -1.49296853033692467072      2.27527104091763376914
      1.08630253655810204982     -1.11898299483125795994      1.70374608598241450430
      1.89056583834803637600     -0.64758441948986888992      2.27168556623327644317
      1.30834217267141328378     -2.63576829925053957027      1.73664889407322609038
      2.27135357292286199637     -2.87798599891475914703      1.28561434260426499243
      1.30238784882763103390     -2.98831390374917127417      2.76893398529980938605
      0.51631703314680876815     -3.13939745635104561217      1.17983077552309878477
      1.12782189931731124943     -0.55928098844853246785      0.26607597826452583645
      0.11260582111219903656     -0.51739492242994589155     -0.43461354613456748552
      2.31968577429713462834     -0.16693482230461378912     -0.18809786579258025441
      3.12491678268139772001     -0.27254851701554999588      0.41220091310869633183
      2.57896474282696441804      0.36616237868565620905     -1.52533690699060753282
      1.82457327640344257880     -0.01361683280714828456     -2.21611366880720161987
      2.46729559924712438246      1.89666696182932259518     -1.46966275204376706220
      3.23122622152721028499      2.30043400915252105321     -0.80307916070789620022
      2.60343748265840035927      2.31857098234738101539     -2.46561406133662286422
      1.48371414634298570689      2.18385979236113936253     -1.09602178846287490188
      3.96030470621480557014     -0.08276513749558948863     -2.04053807114129170941
      4.81458151013421620235     -0.49311153410527053254     -1.25589688507917096594
      4.17964034172427822966      0.00821382119622220651     -3.35855855282884929736
      3.43600800458229693746      0.36309705116525509139     -3.93875081781893898736
      5.43623345773654964574     -0.36803151770913183904     -4.00420468092383163849
      5.37409917262980929564     -0.20450530883877821031     -5.08095615725263982654
      6.25374449503504248327      0.22990735838024597970     -3.59584083607236504321
      5.64877917416268715556     -1.42171065618597269875     -3.81158551465221950849
