     -3.05349211082288363173      1.43949569763035989389     -3.69727907424417479021
     -2.23753131009095529436      0.72952925809247759492     -3.57016276327751169717
     -2.17864567874563919148      0.07858317875788856099     -4.44040459623913363885
     -1.29732628438072028487      1.26562422739940894090     -3.45290037871328170382
     -2.49496028622393950513     -0.10745713674592052844     -2.34033217281387528885
     -3.51985012331042268485      0.06062551641826947196     -1.69148757842012154029
     -1.55335251681351649289     -0.99690020463717243793     -2.02604161774038749044
     -0.72783952137914298408     -0.98284133243755356091     -2.61555684918069530909
     -1.48849738844700385521     -1.88807760367351162856     -0.85541415085407623842
     -0.54550010048999708623     -2.42811063331521825859     -0.94196156593105762056
     -2.59396375305019066815     -2.94966260877003483287     -0.94751136380919054325
     -2.46326805653546099251     -3.68176338860585561363     -0.14968097785118772425
     -3.57492513611537221507     -2.48441779516874161615     -0.84250609745630344882
     -2.53988845433618148917     -3.46063961181999069083     -1.90943979644958616859
     -1.42770743466376526243     -1.19770784303155708450      0.52636982510032037652
     -0.61652454713782911533     -1.60205446487675251532      1.35703051949201958237
     -2.23132629963934592254     -0.15517666479631866960      0.76561508854318816031
     -2.89373885774754269207      0.06474519104637289912      0.02834083630721245459
     -2.18447347782316603215      0.77758416925413431642      1.89981543890163795396
     -2.89290467689985764110      1.57487982803731418890      1.66934781440124702101
     -2.70834776434222179731      0.09873177322606384310      3.17492321796806820089
     -2.05603192555909908279     -0.72537507326310934896      3.46591444250806368643
     -3.71269733011529101674     -0.28860526774753869628      2.99915794189318107854
     -2.74750172484715315946      0.82599174546579989808      3.98670095589286521687
     -0.82326823405390880950      1.48477615453504885323      2.06628098247052216507
     -0.68886047694846042067      2.65150511174231473532      1.70448949232432389600
      0.21221395563072945056      0.77624013038829720035      2.52084442252885132518
      0.04981161354230460164     -0.21260899811333816567      2.67414988449124235714
      1.60220560981765913766      1.24042375680790817327      2.55585767097047877883
      1.60675266223996504600      2.29411870497112291289      2.83996409516413761409
      2.34253080659349333104      0.45901412833073668152      3.65114220556838420251
      2.36440845147211264887     -0.60301204851245837624      3.40151132322815064057
      1.84075871953021086291      0.59554512438059425961      4.60974411026642982847
      3.36694840132580219816      0.82462054216619151692      3.73372449558231300770
      2.26510016916024126132      1.14839445742129386829      1.15985970834225660120
      3.33610991211448482119      0.56468811744843794287      1.00393620280625661678
      1.58029368192306063357      1.67409753295649998961      0.13537346782745182661
      0.74210756276438194501      2.18159886384480783406      0.39611998363726580452
      1.81309582502555755035      1.50584106387835747753     -1.30855404480647163901
      0.99432654706294754110      2.02472609468882058792     -1.80865676176546941178
      3.09531064287643786770      2.24319548206344876462     -1.72095014718287764310
      3.19300267486058864108      2.22392384309406798693     -2.80705837112851686044
      3.05155690687308478459      3.28072047779911013521     -1.38774293365702927616
      3.96869316372377234359      1.76090503639603368491     -1.28028725665576725845
      1.75083080236851529321      0.05277793879557761414     -1.83853427492959364820
      1.06583801067457639711     -0.19323275147572516186     -2.83169811190168241311
      2.39990435984401617731     -0.91048335119554379968     -1.17481114023354527021
      2.94007555944673670822     -0.61549579840548751530     -0.36628501500606081009
      2.41224076204440862625     -2.33208602116250318659     -1.51732627795754093647
      1.78090826228182486091     -2.88412364238830543073     -0.81942001439037426280
      3.43157780738916784458     -2.71538801217087355511     -1.45012633471734631030
      2.04582059993298681633     -2.48768289472324743983     -2.53408445890301115000
