     -0.56553250449212155715     -0.91048316884167690421     -2.48771779042047525010
     -1.24953889261090056451     -0.18762696511973128710     -2.93132440738352784138
     -1.88645510838184926605     -0.68031394865042804643     -3.66322183314612948024
     -0.68076892152543466707      0.60157714510665616370     -3.42098719796840633478
     -2.10168438912232602434      0.42316445336920921472     -1.84573167039345009677
     -1.98320048226002976222      1.60734255342354015461     -1.55405472604061722919
     -2.96303243741720212512     -0.38813972059112966662     -1.23472187904657415558
     -2.98856466109841889534     -1.35357416326274804241     -1.51927860838109896058
     -3.87643008068027983271      0.03341131546008641734     -0.16979318433551912615
     -4.31994491558036486367      0.98995752165887684892     -0.45255238872363084957
     -5.01265556494361685935     -0.99509616827861380184     -0.07229396491174205908
     -5.53773000507196755393     -1.06222154331164886365     -1.02587282034812510290
     -4.61194361832154431369     -1.97531297236128633443      0.19104716932094120696
     -5.71941845062434683911     -0.68541301429578882498      0.69876385366502224983
     -3.12704974851042294404      0.25168944312842222999      1.16200353331898575959
     -3.14023887037230098329     -0.59877168872191433024      2.04989784540479824670
     -2.38762640382631063929      1.35843175745218824879      1.26801796558047019658
     -2.32875715089777513001      1.95065638148692355180      0.44641130369801362843
     -1.51926912436919847593      1.69212343144528731820      2.40348305691965702380
     -2.03207260438167613970      1.39676440447348926277      3.32044637090784533484
     -1.34263560017604044461      3.21714387201404106165      2.43977375608675428609
     -0.75869530590548195370      3.49874155085912441621      3.31716555085796160895
     -0.81925533369517189453      3.55318589977049725803      1.54320327778709587285
     -2.31679048234762685610      3.70437376627969072729      2.49478377656849659161
     -0.18210342042216529079      0.91093738368737942057      2.37461220768389225100
      0.89161126566514536940      1.46574436017342346616      2.60680469463452135770
     -0.23086629074133480088     -0.37261970964932056294      2.00643368232939511842
     -1.15028278820094365109     -0.78198712872764675197      1.89345072035005967948
      0.92768737131145750929     -1.22157573207890690625      1.73097900086801792519
      1.66664857463910265345     -1.05965964646542243344      2.51776428980220146059
      0.47409001972555486759     -2.68660191540970316737      1.81293806421052750011
     -0.27979091066418732003     -2.88908058910576626133      1.05057514531005091740
      1.32876223170741103452     -3.34430568645272385808      1.64981084507929876004
      0.05364222058010487126     -2.89112487626051395395      2.79846621978074860948
      1.60319454894000523737     -0.85236436004186444393      0.38853815457568091629
      1.55073744329325480251     -1.61418741670244281217     -0.57619796607722439941
      2.20010426750619902947      0.34403040762329734070      0.33397145923659582456
      2.10530266486282613414      0.90948457924670678132      1.17154341530250416525
      2.94001882189368446419      0.97038272912066125819     -0.77570577593920309045
      3.32559767475705791995      1.91322908025195959070     -0.38512073848887723448
      1.95548348351179290816      1.34355808186703207241     -1.89186998077998214107
      2.46434188503604278964      1.96090787774057817572     -2.63326900479339309769
      1.11406221397600857514      1.90362307595530411142     -1.48095410522233583706
      1.58955117561031133988      0.44021232950351640856     -2.37878993090822543621
      4.18622606519908480038      0.22584448974110485353     -1.31402224727702932050
      5.16826642510885481130      0.88030307130758800316     -1.65564452130183825673
      4.18169497137195911307     -1.11073205789573781210     -1.37341625508005038547
      3.31617144041916223074     -1.57744377767592980355     -1.12605346651064008867
      5.30242672321834973559     -1.92561719904811767812     -1.83663465931989056124
      5.03895155865241761717     -2.98324867811349836444     -1.79674997503367661622
      6.17427127410262954754     -1.74503568521843743788     -1.20509012056228992371
      5.55348974555262220321     -1.65428314986558544497     -2.86381614088558489328
