     -2.07095589059318507807      2.06964486408877723633     -3.90972748791998947482
     -1.54632556876369053889      1.12615754173854232256     -3.76545089729827253677
     -1.72195020748925098353      0.47452195653103573791     -4.61911300795021162457
     -0.47951226517883088762      1.31438565729739864629     -3.66099267086781443581
     -2.06633575995050966512      0.45908301671678986011     -2.51453737545646571760
     -2.98514403024053009972      0.96996793926619295778     -1.88574105524160340330
     -1.47613717435440694459     -0.68446736523082785109     -2.16621723675221478089
     -0.69330454928693419081     -0.98061558834558382181     -2.73854937406233034380
     -1.72151500788351619065     -1.49635475717579780053     -0.96566472666934100033
     -1.01705253556772690082     -2.32622719158728363809     -1.01905970308218041254
     -3.11901128485986323113     -2.12963238587222969400     -1.03132786602834514156
     -3.24201471395367990525     -2.82914654767969864224     -0.20383228514846105095
     -3.23779127748709294465     -2.66904447307349190766     -1.97173443496825884225
     -3.88832924356822617895     -1.35965939009217051670     -0.96071871290577059987
     -1.42548735776838708667     -0.80333936093177793492      0.38210369831177026789
     -0.64838483416158154693     -1.33672078509943426106      1.17522833359623102290
     -1.97188930014892127573      0.38591518726013568363      0.64554739423288232114
     -2.55294108157320698282      0.80348062697217659256     -0.07541660222380802692
     -1.71730907554987322072      1.16356333488518015606      1.85946831498177256314
     -1.95896873843005092652      0.54648133563621870135      2.72574041542554779127
     -2.65734030352107319928      2.37591786903764656813      1.86337073355053828294
     -2.46240954659360467005      3.00202918087633774391      0.99049940008274284242
     -3.69545760297640502046      2.04233019779672142491      1.83962883689553580169
     -2.49266382298371613757      2.96594395545245603785      2.76549228167974758819
     -0.23144387154303647236      1.56722922925633390001      1.94630279882504408917
      0.22863458734907177172      2.41930564155281757621      1.19205731245367108073
      0.52642913034555638419      0.89377574349057231640      2.82369219114379133018
      0.06555588131803055663      0.18933284277379699989      3.37702616766687802041
      1.99932263113594133053      0.91583149036428335155      2.86953998482160921313
      2.29685090179705486690      0.12067259677278509289      3.55303078206566791408
      2.47655566515180280973      2.23245769009685535167      3.50297234168282534128
      3.55426848959899643887      2.19227293718784554954      3.66625616582980784486
      2.25505087119914859883      3.06819629156108453216      2.83766295741634744232
      1.97918267825589944131      2.39067093901146554558      4.46008208544404904927
      2.69974978642279594965      0.56908986142264850194      1.52760763624527440285
      3.88969430122749582068      0.82176372472685177417      1.35871486736120461458
      1.96947795705390693577     -0.03040653735613124339      0.58112158715356232452
      1.01320611026021190071     -0.25743998105040133417      0.81892606025973968542
      2.35563128583382486170     -0.18077562586653209142     -0.82370089430241277828
      3.44459384734338058820     -0.20681673693075192100     -0.89028114672488889436
      1.86231797115916197782      1.06107922378071917180     -1.58258426652962325143
      2.31351652991047451735      1.95719580890882904889     -1.15345459665346239397
      0.77831260549925584957      1.14220697474957288975     -1.50286217094537577488
      2.14726594397038628159      0.99358333212023441927     -2.63299000571216801347
      1.83986177692594954358     -1.51008167891973243968     -1.41922136909973817254
      1.27915036725096764592     -1.54640186272710700166     -2.51610853260813494003
      1.96828091362341361936     -2.60141766065062407520     -0.65306048585543796658
      2.40377622440945959426     -2.47680697280148720552      0.24855845591312328291
      1.51901933864464377955     -3.94470245277773345904     -1.01744816716649721933
      0.50210922370154986716     -4.10583821634116752364     -0.65663476512102503246
      2.17795098016643429162     -4.69105103835465264694     -0.57128530742910910156
      1.53390904487248436183     -4.06714038246768705420     -2.10291565831642257578
