     -0.80708593270094497463      1.03190590174116025857     -2.24086305574357824710
     -1.75753084820015326173      1.49262495315561438680     -2.50169374311321845994
     -1.61726813604739638741      2.56084453577666559809     -2.65990159937616699182
     -2.15317139239431165620      1.03397239834319654150     -3.40540971064905351184
     -2.73742295175038385935      1.28636362745450538725     -1.37186397660015324540
     -3.29932945376549957572      2.24548155077455469097     -0.85641784476566651385
     -2.92733941689031418321      0.03599786605704877879     -0.95913785047253130589
     -2.32690082646729257121     -0.67901372873354937099     -1.34507681676202772714
     -3.83036964605795837713     -0.35106331188917000441      0.13064253113859128352
     -4.70973926022944677783      0.29439977683570445199      0.09642634817171105710
     -4.29988430508115815343     -1.79176105609961844323     -0.12028810416650531634
     -3.44693818598224099858     -2.47178007622470863325     -0.09489673839809817379
     -5.01002969072116410842     -2.08531830708504584138      0.65391586071362883814
     -4.78913025654034907319     -1.85959652774321959612     -1.09253304169163456550
     -3.16893610160221683714     -0.13565222346746153015      1.51019062693897154759
     -3.03932317245910788017     -1.06908464248871215574      2.30235750876799771802
     -2.66092010057961525504      1.08135621517832136718      1.74442723615790273861
     -2.86964921874254885736      1.77652407332144512964      1.03507597099631709625
     -1.56848197196547234356      1.42345559872909266375      2.66883957473626098889
     -1.34892908203558126168      2.47986590888272662170      2.50737856612184728533
     -2.02540234417572229120      1.29950747769841967738      4.13036902742736877769
     -2.93065012810456559933      1.88736630783491898811      4.28572103038635177086
     -2.22648846541625156092      0.25825722175894560984      4.38321337693063561858
     -1.24141118618840740062      1.67597100158978307149      4.78835292386993582880
     -0.25169805169522696531      0.68088630787135029365      2.35173329093274396939
      0.75850702508197265228      1.32654786044216788099      2.08259958611195949985
     -0.28027075850510607680     -0.65515131325912934201      2.29551122124201389951
     -1.16599163639593839115     -1.09067371721358630232      2.52912628952381490777
      0.69287611442755148161     -1.48198045764860086848      1.58125733966009152098
      0.25654266716802531789     -2.47730264095556496073      1.49211238316617311739
      1.97220910398834869959     -1.64414915969212449554      2.42308675164548636971
      2.46307306191680552843     -0.67977376086689478285      2.56234833613128687446
      2.65921517958874709109     -2.33069391580165774513      1.92670551301338255357
      1.71653668669312176043     -2.05217348427914281217      3.40163650155210417481
      0.88335373223342883442     -0.99111926703474695355      0.12650079811113795758
     -0.07271787902843623863     -1.00427870782205941325     -0.65300281496269541037
      2.09317079833300212499     -0.56626092142317629996     -0.24400451857615998441
      2.83467142249983927726     -0.58901922763419012341      0.44072914422657366584
      2.43623175209420761433     -0.02157152938257973079     -1.55620919377555155805
      1.73504172033233583505     -0.40500382972929838132     -2.29876701832241980838
      2.29713087866563370198      1.50651944864218689801     -1.49277181146748438856
      3.01303565939598172463      1.91378535057823118137     -0.77671829165066708089
      2.48480570051389015873      1.94212362397703208750     -2.47417728496625599632
      1.28973935066899625390      1.77511085626054043729     -1.17177205034716003240
      3.85540353720106576674     -0.44495133128173502968     -1.98321374392481786231
      4.66279082416827783675     -0.85920766145435123473     -1.15228881450506670525
      4.16004832656062983887     -0.32768418845392127681     -3.28219096661194775777
      3.45153391204846338169      0.02962652886650896100     -3.90320698525087905750
      5.46156903295633622264     -0.67585756325676649148     -3.84973607248937632619
      6.24150419555371360758     -0.07422033494929067277     -3.37821353780439981307
      5.46796044065446285032     -0.49441027616839344772     -4.92534102505331894406
      5.67605927697797074671     -1.72974122973142652171     -3.66056112622745466467
