     -2.54692434144605339696      2.30657869079288069258     -2.60814054713746257264
     -2.24093419038418550926      1.30026039287829320301     -2.32596580433216804096
     -2.37110215219112330232      0.62474509512666687172     -3.16871900928347960402
     -1.19801779990321266567      1.30725804652817156892     -2.01482627188393292883
     -3.09542481824873982887      0.83013463181209212749     -1.17387909207616170093
     -3.96616793081881002792      1.55694209532627425574     -0.71068729485781989563
     -2.82565842578979520283     -0.37376398772884078525     -0.67714136208452890831
     -1.99786252603479264067     -0.84315426090250389368     -1.01826982138452293292
     -3.50937742129966689930     -0.96790823516696700146      0.47625463176573429314
     -4.55869970770443710961     -0.66910110077743589763      0.45031363580262268043
     -3.45430647272470814357     -2.49637037256241800520      0.33600712262293502830
     -3.99548143382878384600     -2.95936299680785763755      1.16220563360711115486
     -2.41733192445442446328     -2.83535336960076778112      0.35741867766962925890
     -3.91623315323185128278     -2.80043213612466290741     -0.60383936973632690304
     -2.92094804365234672616     -0.43531011125613294777      1.80146686814597889459
     -2.45975075555907896074     -1.20551225465804145998      2.64345893588714631051
     -2.84461701985829584771      0.89627100975474627287      1.92589744669859563864
     -3.29911710103598920796      1.42174668158633221715      1.18652687950629021074
     -1.92182577188717318428      1.66321877067451739940      2.77892369561447560855
     -2.07990178255087343473      2.71452264641404816814      2.53422699931313877286
     -2.29619713768126354481      1.50664268688681213249      4.26033756212419945086
     -1.68716112836000675657      2.18277928832644185775      4.86138907968354239131
     -3.34831696525404698406      1.75421570225060619030      4.40490975383144256483
     -2.11851339074775202320      0.48383879204873053714      4.59364910452747565728
     -0.42775302480775284630      1.39747744832778808544      2.48204200422676768412
      0.33052286444023049050      2.34094823476446300958      2.27116651233750133088
     -0.01294964437998811363      0.13299754630882587580      2.38273694782762479605
     -0.69416971894850454383     -0.59306088713037841131      2.57288860623770654357
      1.25249543033498000888     -0.26770649120165834756      1.77655795563797447301
      2.02779614275762032349      0.42768673777821170079      2.10343916325857094307
      1.62161790308168596297     -1.66528675098455125614      2.28797615575755397543
      2.58568765967624125679     -1.96701214035910920686      1.87696281757051686157
      0.86098234812233809254     -2.38552604156898251375      1.98176065224062458725
      1.68852389328869545437     -1.65478716622359556254      3.37672473500283976122
      1.18432288562848553326     -0.21474193427949289648      0.23531001157357575582
      0.13610006027256243977     -0.45751026591026655588     -0.36981018978351182236
      2.32185316454736634384      0.06582995084157915178     -0.40349864831771059537
      3.16073185898246533654      0.20717616036939237589      0.14093724253736136798
      2.47882388045117174613      0.12951383146803671642     -1.85644979524503161983
      1.73536895704996974032     -0.51616589741950780201     -2.32647995780277527800
      2.23142540898268659788      1.57519033837800215281     -2.31131700194548717064
      1.23852398180443223907      1.89830304812040639995     -1.99611936336672735059
      2.29556545635948694439      1.64214815566687910575     -3.39753083001419309284
      2.97750825801054608277      2.23671469386574628402     -1.86782219356658529819
      3.87390556752219916703     -0.36768036985141616668     -2.28258022961740358880
      4.79122256318708483747     -0.42508991635455928293     -1.46460531998160781164
      4.03298490547196042399     -0.71452767025292951431     -3.56630290189728071937
      3.23852248089798333552     -0.63214491104445269531     -4.18080059527020608812
      5.29229707285991146648     -1.19721379581423015281     -4.13074813811425567422
      6.06818658293102064505     -0.43957419595835045545     -4.00193764790648565111
      5.17415781822335407725     -1.41394110547314433290     -5.19332416222855641763
      5.60561663789917474787     -2.10490231088369217360     -3.61069328317471383016
