     -2.74697196862217518643      2.30408793440679726672     -3.43197837092743007759
     -2.08053556863425459511      1.44625544821579277155     -3.35688266459579587320
     -1.06622862158235953700      1.78338160485546204370     -3.15453728219892592932
     -2.09429966837362790955      0.88616503486003395107     -4.28979533812316660146
     -2.54888735178276037985      0.54977569218794697381     -2.23620770866710971703
     -3.58509158053939058775      0.80242624738857648570     -1.63323382490235080589
     -1.77747872112505311826     -0.49037414858732658596     -1.93209752604319096037
     -0.89289857810927542037     -0.57297492577992603646     -2.42257691817762621511
     -2.11103092496252475740     -1.52474517234638562435     -0.94513396635941648860
     -3.17919660324416408770     -1.73175056998623189131     -1.02977120187696513653
     -1.36384256270274084599     -2.81055498768962364053     -1.32725525292483448325
     -1.59096520881532366154     -3.08298867742755522414     -2.35856457960529830586
     -1.67412754897728888182     -3.62419800559717408817     -0.67036364648140578382
     -0.29016634359028470325     -2.65888694762511734737     -1.21859034566756641027
     -1.86962942232608297921     -1.07577150739020033221      0.51679200478417586240
     -1.24029130663245323873     -1.78757974518094386873      1.29926046743893297553
     -2.33416922238311874693      0.12902841959184241372      0.87027851095799690917
     -2.88293062185076376380      0.61059709247496563034      0.16470700741999583228
     -2.02303347575446412776      0.88459504330077243228      2.09158033545206656356
     -2.45888431050642042308      1.87590246988258146921      1.95725358811264338321
     -2.73772994647053735662      0.26869485601753873016      3.30466495109585389756
     -2.36607200798974925959     -0.73785633775512671217      3.49932697327818331701
     -3.81045879967729739235      0.21998118565684945946      3.11365219907739598781
     -2.56384303923405409975      0.88892937627260659728      4.18475758075606041331
     -0.51343327589251197551      1.13345915453411194562      2.29468709511754820340
     -0.04978067790701361239      2.24419368622078252429      2.05056080860201772609
      0.25414691685956797285      0.10078956862695599705      2.66232680821347500455
     -0.23675833891684849863     -0.78341797441853044948      2.73413317313755710458
      1.72508950700387719834      0.01153241141800118857      2.66148694216824077685
      1.96656472603023635415     -1.00712792486558089244      2.96793069331635361863
      2.30967878575097707028      0.93306671867821722177      3.74179832360680153513
      2.14491413420867926831      1.97846675794904491852      3.47856649175973720034
      3.38278402329707361673      0.75735280882807987091      3.82692782281219789908
      1.83939865447506734064      0.72486118814497046969      4.70337863579880899323
      2.40358965949542691121      0.18339678759453464929      1.28112811747623944747
      3.42123464339765126496     -0.45513532649222521176      1.01725204051490791812
      1.82514405858477934963      0.96841703886850949434      0.36916646760790583492
      1.04421152349832824235      1.53238053081573033509      0.68151584890838257103
      2.24325375115244352031      1.10856041300488494805     -1.02472115090679816163
      3.33082703737272245448      1.19553538588504149054     -1.05046451637239224297
      1.65911155320793946011      2.42371642256184882669     -1.56021160244791023963
      1.95637060596642342603      2.56162820238009425466     -2.60051875975681623387
      0.57065504609666284352      2.40253565340275931916     -1.49806640749234576404
      2.03329079872199702805      3.26178722536571097379     -0.97067998141736178130
      1.86751436704100681752     -0.13263910046279639432     -1.86894769551138617558
      0.97069249369572241370     -0.08408062225305033832     -2.71310954893002298505
      2.53855607570366403891     -1.26048398316787091389     -1.60532509411538915067
      3.19682707479137429019     -1.22123353925239186424     -0.83250940079122870419
      2.37945844579021992260     -2.53672438889487539271     -2.30251542417947252517
      3.28092159474324374102     -2.75697826204512930204     -2.87626334080389955972
      1.52896774433078430633     -2.50136480566491448130     -2.98633988216987633635
      2.21553247538666875371     -3.33463340650806827625     -1.57647145596749527208
