     -1.21414275289588102780      1.43317392078285732460     -3.22091761589244196529
     -2.25427450354934855170      1.11558169597095480086     -3.26635400123892294388
     -2.90258110423717807791      1.98671982806211633310     -3.34911065638009786127
     -2.39892513916552774234      0.46741204857540130657     -4.12862231874745155835
     -2.60275186511160949721      0.35546078858264840150     -2.00934135559367099688
     -3.50901184301368651575      0.75274331350205314628     -1.28839594714060878822
     -1.86855052641832508620     -0.72712573426271953636     -1.75267286415274470279
     -1.11170582983706700553     -0.90357414597181029414     -2.40490674452079655765
     -1.93473424924419101778     -1.62553117662090329532     -0.58680949953678318565
     -1.13935508425555021006     -2.35789958916901287722     -0.72617020911547258688
     -3.25079904783810258451     -2.41536652419445374562     -0.62001451024202247631
     -4.09663544627162323764     -1.74548764418954083233     -0.45941503577807979442
     -3.36326608793051118340     -2.91159316317057603740     -1.58460440585955941728
     -3.24323824688322437382     -3.16970577365988059881      0.16773581238626053547
     -1.65286490605708369372     -0.98991700979244812153      0.79470318927893857097
     -0.99142070116979919003     -1.61503422314235423052      1.62269478159044999721
     -2.07579952609446527489      0.25111760626784795924      1.04640918134868377010
     -2.65551744356944396941      0.69488901547217840626      0.34163796270944679634
     -1.75689093880312707796      1.02216797629992206531      2.24797766601478965498
     -1.91004211818466052009      0.38818743322507892612      3.12291769593326851151
     -2.74058289908450181116      2.19714163670703888087      2.33865270446356632306
     -3.76348753307562144954      1.82188897016519502081      2.38983537553716018920
     -2.53123180286016102869      2.78249498403989559137      3.23466680421587060579
     -2.63885682914632990759      2.84057060541234784878      1.46294191072591983627
     -0.27731935725082734745      1.46012530098072246254      2.23540653878975525970
      0.06417883314829002372      2.56715965839664050918      1.82176957109329773488
      0.62479623416361951271      0.54288663873505960122      2.59196656154608895406
      0.27512066401664536652     -0.38562739327657730160      2.79806322716030209108
      2.07791910019766135065      0.70212382704506015596      2.47613692491096859527
      2.33307961417614651012      1.72871874848265871805      2.74481085555219728178
      2.74643977743338840725     -0.22620957965055740746      3.50081178073522192307
      3.82756921979281772295     -0.08304241343661375452      3.47466327598448332381
      2.38485684374313322564      0.00382696311553904758      4.50366882727273942777
      2.52138851210978165440     -1.26731845255905595238      3.26402745715837205864
      2.56407161191746180151      0.48706566761858993697      1.02165077826507810776
      3.47736015047401680889     -0.29661481485628432564      0.76925977383476051852
      1.89955870357018086203      1.14504985041266560408      0.06238709478456863633
      1.20854210760591773699      1.80787129248232991685      0.39699683967633681014
      1.96527118553056490136      0.95896889848492883335     -1.39639858155418705721
      1.21491371242536039254      1.62798724986471010645     -1.81963171284432490005
      3.31908656862128870202      1.45438218035260380390     -1.92507355379992595168
      3.49668664392019934439      2.47764695494637932072     -1.59214876971032559538
      3.31421210010849165428      1.43276262991787617374     -3.01552051351533734191
      4.12471446833680666089      0.81415207486519924895     -1.56355091865021256226
      1.58821352304867535743     -0.44856120493667506199     -1.91821109731217176453
      0.76858324918049469865     -0.54964977745537291209     -2.83125707309314256221
      2.12267273407594503354     -1.52600741292909014568     -1.33351725894347472590
      2.78722075628380716594     -1.35313804968315531951     -0.58444590205564950214
      1.84562724320793347665     -2.91486164487947174706     -1.69560503359801129086
      1.62650717855788906618     -2.99111646287057109106     -2.76277367403258233836
      0.99052355974047723297     -3.28263266080800164559     -1.12722188951574908700
      2.71487148656085119924     -3.53426290725137226545     -1.46910144814477705566
