     -1.79106254536099118724      1.98842175002934906658     -2.59513010429730028861
     -2.02479998896954960230      0.94604456187812091539     -2.38407365633339551891
     -2.62641333898736162311      0.53205980322417500972     -3.19051408691696147812
     -1.10415377165608785681      0.37561139586182090699     -2.28352522432753657355
     -2.80789203581533808318      0.86876505993212094214     -1.09531255783494763101
     -3.21292497186710290791      1.89153923203126805852     -0.55638868633865945501
     -3.01022444622004314851     -0.34256054066755958765     -0.58305027586745061807
     -2.53906277180850992181     -1.11983499279120257697     -1.02233557579448652852
     -3.78655352960806013130     -0.61499333401028177803      0.63258069181253639979
     -4.63311069487141402590      0.07335533464988908126      0.65790924674168294040
     -4.35042663815056496190     -2.04026468322111576015      0.53490252935638182841
     -3.53389674932578845556     -2.76353445552440168953      0.50902125638469564173
     -4.97807995598340813359     -2.24593447075579000227      1.40307051633041401928
     -4.95349669468865716482     -2.14111357428998250185     -0.36811012614594129655
     -2.96444433000142293366     -0.35306498362486082865      1.91499619719886626790
     -2.80668860117302898516     -1.22950548585964858361      2.76561873932438384571
     -2.33695921490720115443      0.82306370814859475260      2.00514983171265992468
     -2.51540975038841141398      1.49674209461777252272      1.26768051333906695000
     -1.24840398472016755882      1.11739301362703846721      2.94061126624175317446
     -1.50491914768803880520      0.70864088686028692265      3.91932671731538118109
     -1.12914802166342820300      2.64185563147580104726      3.07996985056434136041
     -2.07063301148030109999      3.05693307975473960170      3.44135910614749018777
     -0.88512248025794515449      3.08753537078695572404      2.11416173428124576361
     -0.33812422435669109433      2.88338991922292553483      3.79096453422714407822
      0.05371047224915083407      0.42500690665416690495      2.47525504169176002733
      1.03035744027658227040      1.07737078484153880886      2.11085958398336792641
      0.01661491446519336446     -0.91060512648271396685      2.39560569926598310175
     -0.83955245580494497482     -1.35006190046865603982      2.71549482432723143788
      0.89398917745381045741     -1.72327264302310534383      1.55216588520061793410
      0.44839965757034583316     -2.71739578695410699538      1.50281186641398400994
      2.27134620697702782621     -1.90377810375087741512      2.21534726704732554126
      2.77076185985349976448     -0.94091436735336342334      2.33179864351376586740
      2.89289434343609430655     -2.55905209984155446179      1.60380356870411477921
      2.14677196544478654516     -2.35536570622248353502      3.20012661796771080702
      0.89925117838881263310     -1.21346244723263052556      0.09344094294587522442
     -0.08445378603855976940     -1.40965299113663111719     -0.62332376180030824031
      1.97463952011573629086     -0.55212727785905668654     -0.33863694909065550354
      2.73569266392760024331     -0.41418693300165271287      0.31070140565646731101
      2.11917170550482758529      0.07082830600622030959     -1.65252894467908473253
      1.43982029708446312988     -0.41258069658024049131     -2.35580045565094930993
      1.72336004128014907977      1.54930670898819511372     -1.52508522056120665589
      2.41313460460958628673      2.05944713934292211732     -0.85031790131833984159
      0.71422697608786189782      1.63100201353296014872     -1.11904326104926155061
      1.75379661845017009725      2.03264170762573748164     -2.50156060554217152259
      3.55250694188420323982     -0.08924668855666997858     -2.19685801219900644909
      4.48182016267550853428     -0.38096656761575192762     -1.44528948694428671651
      3.72990552688498544498      0.11487544238097734117     -3.50872077483449551494
      2.92452569650354421427      0.36196804784812325329     -4.06140384492448625053
      5.02315441641498239278      0.01292325858744639705     -4.18278581250410219639
      5.72367867522836082372      0.72693883265172454244     -3.74454257159213765860
      5.42808810368769201204     -0.99284127233315033756     -4.05271106558351323912
      4.91433797533804472835      0.22265713859661742657     -5.24768511556556216391
