     -1.54815117466834895055      0.71466678261803673333     -3.65693270461085662149
     -1.22812920814009873816      1.10822970231967721233     -2.69450031414118784667
     -1.20066861155273052475      2.19627115002720252335     -2.73325193482765360642
     -0.23809306069238297954      0.72686021499343178576     -2.45292331120363504837
     -2.21174141214080988149      0.67857118916727043878     -1.63209197994971688672
     -2.98167798914991966086      1.49148473309640516860     -1.13480920145250818720
     -2.18501374816523918909     -0.60205531331920714155     -1.27062674931016172941
     -1.46190657513313637672     -1.18225638366022112180     -1.66377510000377459853
     -3.09001883919253517163     -1.21364880273549147205     -0.29160511170727176911
     -4.08349867515559061815     -0.78493071921683654768     -0.43453803922876838017
     -3.18600535502036530389     -2.71569181664887393524     -0.59820722746722976293
     -2.21104366185274914258     -3.18713606100407176314     -0.46584020198247388933
     -3.89955264219183028729     -3.18263360807737916147      0.08213302449203632727
     -3.52663793109120771163     -2.86586105156796833171     -1.62328669056388519287
     -2.67855194067467650143     -0.89792056332434200261      1.16506491649070231809
     -2.41848756652743679396     -1.79690403426223821448      1.96534292107352515089
     -2.52862434545836123334      0.38868143505735130994      1.49222856157312122605
     -2.73693123324720000156      1.07263114788013602663      0.77165602247614184517
     -1.94776780401222326944      0.88165688597528513171      2.74512793624012685356
     -2.32810373082061516925      0.27120957965495534614      3.56568630576003586796
     -2.43241326047207229166      2.32168382976022913411      2.96677075740904294676
     -2.04667529714295559629      2.69636954498859582330      3.91569167824558572732
     -3.52237235284307459438      2.34802461664106409955      2.99196064841525677380
     -2.07413554471711680804      2.96387939382663434529      2.16044597075880151493
     -0.40797571990600850489      0.73198711359931334375      2.74460653166703627548
      0.33793600768588699657      1.70015729058112574634      2.88741260166756719130
      0.07855449757358470841     -0.48443595166523267803      2.48619034800281557551
     -0.59075873474412443631     -1.23623945683501745840      2.36493857668653806314
      1.45053138748631993415     -0.71175532589251011562      2.04880728801757205915
      2.12309485334251712985     -0.18419990814896258779      2.72739444446174195136
      1.75898868918511430692     -2.21124746883176692691      2.13340399055810348017
      1.62481898748173203550     -2.55891981095101295196      3.15866775873764416005
      2.79008571470710897700     -2.39363822949458171507      1.82903035968472749140
      1.08851992776631356641     -2.76725654364868178803      1.47571199463772440019
      1.64892984666428676910     -0.15523081782301695331      0.62452531884013029462
      0.84134904839780233488     -0.42795178090264424098     -0.26539776348695315322
      2.73124888725701353565      0.60627934236519331890      0.42416554385520505166
      3.30360751554892484450      0.77683948783681955330      1.23538861972847957560
      3.11753979540148229432      1.35306366806559941196     -0.78795974774081889436
      4.09945162041693222932      1.77879779452979591703     -0.57737264339762428556
      2.16824908436585905847      2.54957651991859357565     -0.94809197193622518629
      1.15614702131123103790      2.20326771060696957605     -1.15488124254504809230
      2.50514128532798707738      3.17640184283727311509     -1.77498051485356800328
      2.16013525856147170501      3.14501227524284665549     -0.03405844809627713021
      3.31905891551727005861      0.57129133323419512003     -2.11186133781793916597
      4.06138343659881151382      1.04405250637935176350     -2.96852571234983919624
      2.72239533220027496441     -0.61297231518965777930     -2.28866821070525761073
      2.06641941273763274367     -0.90445603603371305113     -1.57448136655067694178
      2.87165294796144277001     -1.44900722156751204928     -3.47786287532925131316
      2.28765111356785677543     -2.36388374959971780953     -3.37107452077492508735
      2.52844314192282126896     -0.90096164804173117790     -4.35750793178012862938
      3.92360268572513115615     -1.70575247276096453319     -3.61723926566600484378
