     -2.81654796827189324304      2.17468302320248874082     -3.45990862060777848441
     -2.14863052938599574659      1.31985503959606398361     -3.36605325700856727877
     -2.18133520881296627536      0.72494719754132908029     -4.27667493766210604633
     -1.13044780059956240237      1.66370686595598371582     -3.19727492479276564907
     -2.59396491488052483021      0.46664203303158074965     -2.20301991392157781036
     -3.61769852864383967272      0.74256943676053877024     -1.58904713953613963007
     -1.81641368661117796890     -0.56179607313907631294     -1.87561326911918935245
     -0.94199899486438598561     -0.66344643579044004778     -2.38053019477647120894
     -2.12968564134142157585     -1.55794049204247131435     -0.84370507732911770304
     -3.19933213442689012851     -1.76728344598632114426     -0.89870076090962391913
     -1.39030191087881216383     -2.85775869611963795336     -1.19212770518864030755
     -1.63835568274611320660     -3.16878818514812277130     -2.20757525210004379446
     -0.31465084457496073078     -2.70281008059696503665     -1.11114871656139335698
     -1.68705777545525648087     -3.64581127681785943651     -0.49879705149458991587
     -1.85860299171748066804     -1.05424671066290809307      0.59500487606078733549
     -1.21338312469605558164     -1.73642048279335914351      1.39082181190649878388
     -2.31597179634226257861      0.16335005629937113247      0.91212422970277540202
     -2.87904127633726636404      0.61829853516979560446      0.20018796149395520767
     -1.98010265868254475841      0.96428585385944298736      2.09743358891875653072
     -2.41870242504488697222      1.95010400121654692285      1.93466731293194205143
     -2.66987743489782713979      0.39510523265176378249      3.34721058616061206692
     -2.29422708644504647069     -0.60362513107352322450      3.57213879858993355043
     -3.74626943055918104619      0.33992788636089216192      3.18005252615889943968
     -2.47816420253479918756      1.04801274254467990943      4.19952999615218924845
     -0.46670450878212027535      1.21963742903698446618      2.26022205940046649886
     -0.00823641108943078300      2.32005320238035395164      1.96493456662108156863
      0.30831244428304571681      0.20107572370211340695      2.65089528976899080348
     -0.18093621111965230153     -0.67946321111607732579      2.76602147561022526645
      1.77894205501914060008      0.11087215550514883944      2.62348104304633267247
      2.02671525480222491922     -0.89565105935030953077      2.96319621051965231828
      2.38531884177084396725      1.07215195594356327291      3.65609478144922528386
      2.21511747320400864680      2.10697641419173553601      3.35698032363679432777
      3.45995379006120362675      0.89906424736681789245      3.72593485475048380451
      1.93474455995712601997      0.90071609808437169686      4.63422678136358889844
      2.42916709581064660384      0.23004140831907798903      1.22408960726922755313
      3.44129261244326833946     -0.41867580707926116412      0.96385303470319483310
      1.83218403085709780065      0.98045146611118472180      0.29509762186175869658
      1.05771697118402352444      1.55632613484469106702      0.60175984597029341661
      2.22180043066599042234      1.06758467270349899358     -1.11131107323546762800
      3.30861466023545203186      1.15280201951511074299     -1.16245646699877491770
      1.62673524213780007486      2.36197144493113464492     -1.68408306427757903379
      2.01275774445400745805      3.22145569824181654539     -1.13436153672620299027
      0.53977259353539375208      2.34387646392484993996     -1.59903610190308875794
      1.90272839257745096653      2.46030593946162712271     -2.73469226419734745548
      1.82907221958667465245     -0.20435677295619777971     -1.90023709655560368859
      0.91523664203252208527     -0.18711121964897439729     -2.72719765369092614904
      2.50546191088451486451     -1.32188929088990070326     -1.60792563341452021675
      3.17933370399920312011     -1.25392384897971620461     -0.85070511675365034776
      2.33232922023566935366     -2.62343875411827953670     -2.25303807049387083694
      3.22194149299159171562     -2.86579916466464590385     -2.83629246353104713663
      2.18330950267279400023     -3.39325482613185469560     -1.49419243325489659036
      1.46808229434065951047     -2.61335941334865706764     -2.92025338800668743389
