     -6.85057757243299825234      0.96739304333292475135     -1.72647574798867076140
     -5.83140654393346213880      1.24044838035999083203     -1.99347742976951280980
     -5.84458822352285789492      2.15049774214359912250     -2.59250572208861695955
     -5.36739323861467809706      0.43756175097214228265     -2.56340560181869570044
     -5.03312909766824034818      1.49288721494595888473     -0.73698028658808600877
     -4.51578961573075332581      2.58488219703454991105     -0.54184704715741927039
     -4.91047616425942745622      0.47431744681291382326      0.11214152771364838124
     -5.35329806311776312810     -0.39668778991668102174     -0.12955975071627767736
     -4.21926179084161123711      0.54354586789517000955      1.40519950703571105954
     -4.46293006381948931249      1.50405268857228335833      1.86317415932095031827
     -4.79489246774781552318     -0.55334448442686612335      2.31421758912937702846
     -4.34893857625555391166     -0.47625358581834020821      3.30700771413550720368
     -4.56944179924149818106     -1.53822067790005045929      1.90257372043896455516
     -5.87522368341180367679     -0.43485616897420958926      2.40547187054132427519
     -2.67591402584933524267      0.50447266107520094547      1.27638095133006501669
     -2.01935825422922388128     -0.34647434939541815746      1.87335638245152202863
     -2.11282647687676616854      1.41060953252031673344      0.46756433975745548270
     -2.75889313763331678331      2.06597480599335936446      0.03894425698247104550
     -0.69788714166639309600      1.56911676716887371619      0.08868801208917177770
     -0.66888201009463266189      2.38555359917327081121     -0.63457282820619309582
      0.10883843402369383635      2.05132808031432078977      1.30309439668109039445
      0.14298348026697887958      1.27489119338593015485      2.06828695847216126324
      1.12972622228132268951      2.28258149413301580921      0.99387516582818080657
     -0.34569070858786898892      2.95027418489036952209      1.72058352700058492246
     -0.02519225685339976026      0.37760737521047427201     -0.63155797970440019640
      0.65672277691153446710      0.59556273787659053109     -1.62872155485578518075
     -0.20971759179583299160     -0.85967607371421761453     -0.15806803669427832437
     -0.77795463210374815599     -0.92295892475648244613      0.67920123070705817891
      0.37370621351391580811     -2.12335928082120073412     -0.64354429556919756639
      0.04857900889506469588     -2.89258225427604598323      0.05781246854661092893
     -0.25411350670589877287     -2.48603070313869078944     -1.99738259779575044739
     -1.34148866132083788294     -2.47750368272317356144     -1.91911849703647074961
      0.07277433003612726603     -3.48348923447730740577     -2.29413251023851083588
      0.06020573807737666927     -1.77172067165616531348     -2.75946458542667016900
      1.91941365399082242149     -2.23188974266310058425     -0.65155981185693911950
      2.44256854422013658379     -3.34429131034638027486     -0.64536608891004332289
      2.65239144637279666838     -1.11837637987352356284     -0.60857520636218764842
      2.16339824256463364449     -0.23468025452106641704     -0.68044369478912314353
      4.10668649133118535133     -1.05112971983462677450     -0.49150785276825714742
      4.47474051449222276489     -1.98866904437024727414     -0.07181935632057302732
      4.69947201334592801203     -0.88252522440280167793     -1.89732366106196370659
      4.39170097532642422777     -1.71797787545404645471     -2.52798993177923136955
      4.34344861674915883043      0.04947173923109048077     -2.33972370681869401565
      5.78803856569709651581     -0.86238093594035036826     -1.84519157327935423574
      4.53635914195106160207      0.08749580131220818791      0.45522308963537888582
      3.76092594573182203987      1.00028598672206503473      0.74033441826667290009
      5.78523451955425205284      0.03450335517077247893      0.93626870707765252888
      6.36481155643248097675     -0.74067160873801995979      0.65552069764343856573
      6.35616162348205460120      1.03225593479657917761      1.83923826159450265472
      6.33506905393215635769      2.01444586407564685260      1.36248134420596089811
      7.38640941685922314264      0.77407747680076388619      2.08763130988590983605
      5.76489877827573948821      1.07965505621863089303      2.75604374912953131727
