     -5.45859258843133954286      2.87835543193267895390     -3.38920068655106154765
     -5.28588523220803629954      3.17264930277847456708     -2.35570640897154293114
     -6.18592494205157894527      3.01111402640816949727     -1.76551280573917246386
     -5.01256652192469509544      4.22681593330089100391     -2.32030225585226190788
     -4.15334512495572028001      2.35389564298644016205     -1.78281650315820683339
     -3.14427356945625069429      2.91481841629897608925     -1.37915137159632106290
     -4.33812461265780502373      1.03238860155273060037     -1.75826907206701155140
     -5.21288263822278796766      0.70406703885826782408     -2.13188892553998909918
     -3.43123515785973243197     -0.00860609440884773161     -1.23971942207776097966
     -3.96501113528250748175     -0.95483918814915524909     -1.33746189673106274931
     -2.20430850375035403133     -0.11827952166230067121     -2.15662565913378712068
     -1.59806040754280465066     -0.97328144553699735830     -1.85308292517290928991
     -2.51913840583407200313     -0.25818360017813818397     -3.19100420035227339000
     -1.59562272821721395921      0.78406622781827750579     -2.08273214193168731967
     -3.04113947734938872003      0.07120602556845927189      0.25530191986365152745
     -3.00657971409781188399     -0.96024727771723772385      0.92081861150642585478
     -2.74835129040982995008      1.25242562142196867114      0.80290080153031695431
     -2.75173406309821144688      2.05884777816861408439      0.18773553920063590361
     -2.38819311870419559440      1.47868612750833960945      2.20821650717132467179
     -3.02467342678814077317      0.83879038505257663694      2.82121737265799898964
     -2.72894176528013110428      2.93567960184377785282      2.55493966058231247729
     -3.77651703044686160027      3.13797540801532015564      2.32968911366292896759
     -2.09700938412969684066      3.61194120386325145944      1.97720602776667320200
     -2.55690107016431689146      3.11098264589989526030      3.61778388363978109510
     -0.92806026502205041240      1.08420727158559371262      2.54982246611877760856
     -0.26979067685187446690      1.73693479667449279802      3.35780780735697792494
     -0.40383996966540852691      0.03999113194771348329      1.90385314442181985406
     -1.01077324810446467218     -0.47465899562003849299      1.27769757292623631351
      0.98391735718911443875     -0.40923488207429170593      1.98984137088613888267
      1.60650304598231064013      0.41776012950980045968      2.33582683407348490334
      1.06901704303269751151     -1.54331112753732013765      3.02056213605828682844
      2.10268776756494002456     -1.87342235042860272287      3.12805371287380928891
      0.71108084383582315091     -1.18766499725845253721      3.98792378878809383735
      0.45465874057060873259     -2.38540041185331785911      2.69799934073303138149
      1.51172088246318980786     -0.84662219862161469663      0.60979346979582105259
      0.73725830627347377355     -1.12580743688426099247     -0.30604247335746942449
      2.83676439239941968751     -0.92064638045270486000      0.46598187754081138445
      3.42432430153639977277     -0.72707585117003870057      1.26440994515903604167
      3.52139872195116820919     -1.35963571310588915431     -0.75006167705462556405
      2.87841295675192609949     -2.05701884042703042610     -1.28989815088825565681
      3.77318015862121303172     -0.13558080043158479699     -1.64241440503576563437
      4.25565194334103491514     -0.44290565927194458506     -2.57044635013495215148
      2.82430850028005275831      0.34653070962243809339     -1.88314175786853454930
      4.41630282106472016324      0.57719454470572550964     -1.12379463725441630650
      4.83323362364469222285     -2.09212089246050059188     -0.40998982107137244002
      5.37065195523229022001     -1.93095713378540412286      0.68521802384545438258
      5.35220417476692578163     -2.88510415923804774962     -1.35611899792111922913
      4.85772156682005817885     -2.96208773890434517995     -2.23104681489478817724
      6.59192299956790872528     -3.64318182868436579724     -1.19614565478200352011
      6.49703837029883768395     -4.33090610387273411419     -0.35321485548631137430
      7.41852034872332577464     -2.95902412048436858072     -0.99323235714073587754
      6.80899524659515176239     -4.21151925310334007690     -2.10157870039442995491
