     -2.28031435233459278678      0.49942838615700707594     -3.29111121761960578880
     -1.78668537075835498484      0.94641806415787832485     -2.43081324940782650401
     -0.75517339192355259492      0.60373556851166088055     -2.38055938454415683125
     -1.80683074713601032890      2.03176783375466607495     -2.51856292368949308269
     -2.51903689872332359201      0.54090864216803724585     -1.17381912111009412136
     -3.20128597336224940406      1.35526909959313335285     -0.56367637022642458344
     -2.37367052501665209974     -0.72006700162039760649     -0.77358823045156765996
     -1.72457757493901953083     -1.29841481401734326617     -1.28179589702422314090
     -3.03939926707046348398     -1.30905042187846798463      0.39323135030360700792
     -4.05604085615288756372     -0.91453221020222641435      0.43824758081281894873
     -3.14123980810587966062     -2.82591962913989869222      0.17394205372885448990
     -3.68519497073856516778     -3.27937312894759092075      1.00372511505211781113
     -3.67647294308095506921     -3.03338427680993616420     -0.75334062746565144675
     -2.14331928070551835930     -3.26409906367757240986      0.12409816873191552300
     -2.35353693922525319948     -0.91401485156345707583      1.72154482129703056970
     -1.90482468851050823488     -1.76692569866180249072      2.48799772000025054552
     -2.18698929789188811768      0.39015739033010032877      1.95872761060415356837
     -2.56118661629142385650      1.03350674138787668177      1.26845104987224654991
     -1.38293451444691339880      0.95714811559612777980      3.04601477941739284816
     -1.56726145187028298444      0.37600866847990305208      3.95095560189012617869
     -1.86429397023626952645      2.39240764171695108331      3.30293409195306253423
     -1.69982036614234610639      3.00532364607000435086      2.41511646803274171447
     -2.92687262184513397045      2.39046142337348221929      3.54841732047735725075
     -1.30840230468496176996      2.82168564473035665685      4.13740334514355190265
      0.12931715665379847624      0.84925845962940471612      2.73809321245768133579
      0.85333479853239058155      1.84287440478782471587      2.68654543195666262179
      0.59703271095975818383     -0.36440977648078554108      2.43572385849710615346
     -0.05545341552726425205     -1.13889393541949335287      2.48396122576048083985
      1.85951001953535999256     -0.57495814895550301227      1.73778469241862087991
      2.63594593101915197764      0.00196765196870231146      2.24319617047024744139
      2.23250060041212039508     -2.05991821000838815081      1.81872194226578121068
      3.18664124840461537858     -2.22854063016451853230      1.31846912525304760244
      2.32102004233191250293     -2.36237358198082558758      2.86310138337658948160
      1.46336446552564858337     -2.66421412004886493108      1.33448102337581109289
      1.74564718545922170634     -0.08103266172996935468      0.28151086859896201631
      0.78516202941401558313     -0.41710742206812467803     -0.41350609745465310985
      2.73695577734091433086      0.69913725610517041265     -0.16581278202942223432
      3.45499938947054152649      0.92314009598299207049      0.50426493404595396086
      2.84302595400445134999      1.39811589987916407019     -1.46054565014717852023
      3.83125362920666567845      1.85966460054701809845     -1.47177813794499523503
      1.83850258540819488928      2.55967787984740002827     -1.47257743270156238324
      1.99393486795262941946      3.19709922319135309010     -0.60102611857754506541
      0.81863577266488618545      2.17680092839107652836     -1.45471365669493035711
      1.97844211747289144832      3.15569926915427201308     -2.37553171016417952188
      2.80071131904584813554      0.56053646626100250838     -2.76483224842476049687
      3.33696842433755946900      1.01226614968122974325     -3.77319293578376235843
      2.22366625183312027758     -0.64642522345731490141     -2.76814178460286042238
      1.73657990715125953862     -0.92152917249414378897     -1.92410699576998078797
      2.15939577354549472332     -1.53324881316820604837     -3.92780957312365375245
      1.62590435069622518682     -1.03674269493164539213     -4.74070005624074131134
      3.16998447100885671901     -1.76777914156907556276     -4.26788038186774798532
      1.64238136733273520917     -2.45751052245824208597     -3.66723836272715564277
