     -7.11862293861428163666      0.44429031718126354988     -0.60512591668750170815
     -6.21362018239370694772      0.86838195746784807572     -1.03605387398305914815
     -5.79990568431058850507      0.18813714558449684544     -1.77822413596328199326
     -6.44880305194857417206      1.82182810112496706978     -1.50809608928142968587
     -5.19778724294098903869      1.10038126400350866341      0.05668017194746143017
     -4.76889049667411679678      2.22612999133542643904      0.27338179473209006654
     -4.79128308040385242350      0.02982222876656849889      0.73650355474200990269
     -5.18125735246114782484     -0.86368437639701500785      0.48606368621437678890
     -3.85377779022592603653      0.06357605173287263212      1.86533776298446674069
     -4.09606390877689641172      0.93597529718800376308      2.47516187527197839557
     -4.10365917768700327883     -1.18093241172871388223      2.73115583941486406161
     -3.46808572914015700306     -1.14294156766704513295      3.61719379067232083003
     -3.86691606334767801201     -2.08417142637779839731      2.16686074791096716652
     -5.14641359659870989418     -1.21237383908480644834      3.04916900984696681576
     -2.37751731924653553207      0.23647257572560909100      1.42892796835543767209
     -1.52545522529011101653     -0.58217599428170074827      1.76776147434869579378
     -2.09624133788964517322      1.28760435672201722923      0.64867448996023346908
     -2.88368074505236648974      1.89458656618235798952      0.44359003986400608044
     -0.81586431601161713001      1.67044956088643847814      0.02748537423051185952
     -1.02550454977051264116      2.55227650860053145720     -0.57971806857374930111
      0.16366533452173898100      2.12847439158527995673      1.11753518566061793571
      0.44787705031862368177      1.28612843419827194147      1.74958039956082189725
     -0.29538119441986521174      2.90338284524527789898      1.73209639327799402864
      1.06336268510958564804      2.53408364985165457384      0.65189734667851406691
     -0.17676666800322654582      0.65746979613302658496     -0.95090949905154942279
      0.33001004292674795959      1.06216543725887135885     -1.99362958453225735944
     -0.18258672610855555818     -0.64308825543001724157     -0.65212066423224046563
     -0.56790244815367996178     -0.90489904819556743476      0.24824878319217527634
      0.35818242139102990373     -1.71692334171028715417     -1.49426531377731786066
      0.10532064328755554039     -1.48520221915472494523     -2.53001675130262704272
     -0.36633536897424306966     -3.01917503203932335865     -1.12222463779385761562
     -1.44458287844684396539     -2.88556527647087213140     -1.21392078279294612919
     -0.12140091809455516580     -3.29958848360273604428     -0.09666144793549279191
     -0.05211552741642885844     -3.81964426736601492252     -1.79342261399020252988
      1.90378816096920644441     -1.83115468809769632585     -1.44650436831291506756
      2.45839735881657928118     -2.92567917844858405019     -1.53233697717075312283
      2.60218175273845275797     -0.70748629835799026200     -1.26757155390407838524
      2.08767849239589020627      0.16414784379253061219     -1.23862371054364128753
      4.04804122050463011107     -0.62133612986736341810     -1.07652228877814803987
      4.41904129647406218595     -1.58555282955565357561     -0.72524372697172556634
      4.70213272742819832217     -0.31390950002708700728     -2.43064030997621083330
      4.44549296070294275296     -1.09478789675813947824     -3.14813199911430574574
      5.78620335112074979378     -0.27707904583360254414     -2.32266151468885384546
      4.34577160849828203482      0.64742333007399288647     -2.80450614631092731699
      4.40560314097628058505      0.43438537224683670956     -0.01178545430918022559
      3.60324030714824816712      1.31485140557853097398      0.29827119581216199329
      5.62277355039672865900      0.34912542172441662913      0.54039443470072900944
      6.22749562045479532202     -0.39651470760840346053      0.23377558786148924796
      6.12389410097730291227      1.26995748024575672019      1.55910510667823443143
      6.12057592116414816985      2.28919560603470939597      1.16722611839684264901
      7.13968752313780452567      0.99856725946644386838      1.84943479227337070903
      5.47600424694222809308      1.23459561812363238786      2.43740450538891506582
