     -6.59206639552708306695      0.98262466139183535230     -1.74920638125762528681
     -5.56403492839516378154      1.31901503614912019025     -1.86951997453386420389
     -5.55628879471800107837      2.30239436679067699387     -2.33868969226835687891
     -5.01169032422533256010      0.61649586567456660102     -2.49093721477392460173
     -4.90544913895473388976      1.41824301251516460276     -0.51449433722229087618
     -4.45513420769821788525      2.48665354719579001497     -0.12277906379380199020
     -4.82574817204967665418      0.29620176397458186646      0.19862195086380457498
     -5.20723014618807411580     -0.54444277851552858039     -0.20238075603545124803
     -4.26599702091969845696      0.20442703300810763367      1.55276361480825175754
     -4.59632200282909675337      1.08328247329988536229      2.10965918765190796336
     -4.87453396836620989063     -1.02727541641464514832      2.24041533639554435453
     -4.53201205249713812151     -1.07452482282038563888      3.27525202544466731425
     -4.56308223994138906221     -1.93671032809056509194      1.72453617466891184762
     -5.96303938434661784385     -0.95925070377431298496      2.23471900194169670328
     -2.71738048492594419514      0.23328099059745044386      1.57983662941904823285
     -2.07432503705063897570     -0.64869070193135502933      2.14809657231524742116
     -2.10705166738399007897      1.21573378137954568601      0.91154826360798157925
     -2.70083327825306485082      1.90664757691461006495      0.46431180669085353463
     -0.65758776145648745182      1.40765542972110058173      0.80568720151724504408
     -0.21721602242206289324      1.20656992997833079073      1.78391831673105261125
     -0.39522507267974815726      2.88585818818162920252      0.48197729943850581291
     -0.84511515598263164950      3.52110152567049983219      1.24580261139840087203
      0.68009902161329871539      3.06950275193722310618      0.45878244093967207595
     -0.81836186136604815999      3.13614425788362005676     -0.49215995693785302700
      0.00863924761364358307      0.42441048278275661509     -0.18671023225877828033
      0.63231901289157832480      0.83415671730752150026     -1.16286405972214734739
     -0.15364446978910037411     -0.88202033751024022656      0.05626474098408757590
     -0.70221926414987700937     -1.10363523068781144154      0.88043382879462583901
      0.37836733407387074246     -2.02956098191792166929     -0.70121810072296697491
      0.09708375490480213033     -2.91899250130872944808     -0.13628843177868632530
     -0.35399982127149509648     -2.12870782615671805260     -2.04740780245600317855
     -0.09028668193330716130     -1.28025988327728867944     -2.68030763001258609535
     -1.43220564249222581665     -2.13925054520340118813     -1.88632162599090169586
     -0.06143752160657635353     -3.04962092453380151369     -2.55358724064802178333
      1.91729677462952885492     -2.13339096599046795788     -0.84993154246844937472
      2.42381492442748536220     -3.23017645992843727143     -1.07682689365740191789
      2.66650850968425334742     -1.04402593347228789256     -0.67524098305078694704
      2.18551443216129692715     -0.16083818330226512527     -0.55501863974494325404
      4.12654626678693681185     -0.99757191332714778564     -0.66936268708894131052
      4.51527064293894131453     -1.99787258772213083269     -0.47223566529706256789
      4.60260274237517474916     -0.55813458687074979370     -2.06093375857831961895
      4.22533055042961702696      0.44173154179469059644     -2.28242292154665538106
      5.69189746316334321818     -0.54729012988036640497     -2.09857374867712564992
      4.23045600069812710586     -1.25529175165030149053     -2.81319683614001680994
      4.65019340933550395789     -0.06502893819338127768      0.44141824345558661191
      3.91070025454279202037      0.76275322341391715852      0.97398317473568940539
      5.93795992491431423588     -0.19815335111365633969      0.78486559851267156951
      6.48369336619875191730     -0.89465875327164334774      0.30251676830858897915
      6.59741013580352575474      0.60663329208353711230      1.81165664281786975565
      6.53701535029720570691      1.66389927984065999489      1.54518427304031247260
      7.64503775746505276345      0.31781948998916564886      1.90563753178289552181
      6.09576164247058915890      0.46214031738955463346      2.77072694039784384046
