     -2.19321033091438666318     -3.15177947009196213202      0.36935950855363480771
     -2.32596397746026228859     -2.73450225525442869312     -0.62821660667940926182
     -3.38143065616569948872     -2.53554980661654472129     -0.80287089166326119916
     -1.95284005164450125136     -3.44032097479479848090     -1.36862341614684446256
     -1.54139267681188729675     -1.44895275517501587181     -0.73145056219935966624
     -0.88318843890592491075     -1.05412844275626027546      0.22279731854556000803
     -1.64641931262067231501     -0.77691888772602568647     -1.87816065338420856712
     -2.20760524456870088628     -1.18699474115242242789     -2.60612707763212236856
     -0.79508965003540132965      0.35861262370044344472     -2.25569174474680922415
      0.22637377018247586968     -0.00836647438536410569     -2.35481011433075337891
     -1.25094794549685306428      0.84896191883380867083     -3.63528943610629440286
     -2.27586669775862970866      1.21893632139794960700     -3.58572636771282970969
     -0.59697104378633658595      1.65752471453320704420     -3.96622813438456089941
     -1.19001215408019245245      0.03492833830182802413     -4.35889261105962333431
     -0.75348493284758411015      1.52397432026481638445     -1.24240559520957805084
      0.26144605565541356729      2.20898709185690433898     -1.15005013267780342723
     -1.80305157541763350082      1.71771212858995436790     -0.43376712471896872181
     -2.59114887544194250069      1.09946883491447011671     -0.52675251683243173861
     -1.83081438055292777811      2.71491952764408539522      0.64510313457983503582
     -1.61940252758195568639      3.69506404203353167048      0.21384425664158954183
     -3.24917503478742730749      2.74007083047181021485      1.22805816216173324662
     -3.48834603953195143689      1.77420607632428239953      1.67527039690868551070
     -3.97155511863006172035      2.97031440940271806994      0.44415552682066200552
     -3.30991228915425139689      3.51068997876288468873      1.99835550240093784424
     -0.77164160457310493335      2.47777677467776147324      1.74890973745259414862
     -0.46057312352979556946      3.39353098759015825436      2.50470306923840846380
     -0.20204751407526458373      1.27073656738427542834      1.82049756174906729456
     -0.54629478599970715536      0.54982549088349064181      1.19619985684917384816
      0.95222428654565216544      0.91186619616804298616      2.64450792611233698182
      1.43396410318213063384      1.82678278634486823684      2.99331780437478389700
      0.44954332443958516796      0.13958457071408253425      3.87296235119245801926
     -0.27460498707956865205      0.74546382825642054648      4.41898076764246816595
      1.28743440740697501212     -0.08694557625186855043      4.53341436181496337809
     -0.02019362598711866436     -0.79332888765187303814      3.55839731669129744063
      2.01122487514713865764      0.14145257260272828259      1.81986595603242928831
      2.70039102423919885609     -0.73858239729642960469      2.33691103197128491331
      2.10185292451968797067      0.41100401129617175622      0.51057520233187514425
      1.51962847370463061125      1.14747549097620393788      0.12984446843889718703
      2.92423505509908121525     -0.34883061634669565443     -0.43426662372903879206
      3.86420363281737877514     -0.59990044176291013045      0.05990576469525706049
      3.27086577842678050132      0.55339145854006066561     -1.62797493527845760219
      3.93250923020140863429      0.01785453807024727640     -2.30961194654713919405
      2.36686107410317614352      0.83690401677101378120     -2.16567527340038168404
      3.77609670943533837217      1.45412620842134043819     -1.27768629977356718008
      2.25769393399366347097     -1.69006623232647212873     -0.82264988025499630186
      1.86538912833784786827     -1.90463221218080880348     -1.97061712653662768346
      2.10163369795063337264     -2.58395304238708556355      0.16113264086729101043
      2.40086160822147842708     -2.29440690029620775192      1.08714847322029228849
      1.47676758658417273118     -3.89552285503963746649      0.01341464426075645970
      1.78428983345705716168     -4.54738034580578176502      0.83212859882909495646
      0.39218900360067926458     -3.78544708387108030934      0.02925981506019676923
      1.77550507818815761496     -4.34563625655988783336     -0.93547608443249918864
