     -6.30457259859649532530      2.13512719518822802200     -1.69530413117876466167
     -6.12617720394373943549      1.15503403494518264161     -1.25395748662806960638
     -7.06422994163127970779      0.75036900008509088700     -0.87860980509133213001
     -5.70727024820568384911      0.48902817179770785572     -2.00606289302806750641
     -5.14989045093424380184      1.30276563636124298462     -0.11165828306524261393
     -4.68818053478692231550      2.40106145542026094830      0.16904165906568002775
     -4.81378349408669770071      0.19065867413403900232      0.53930433771671903997
     -5.22636805884173849535     -0.67596336619037300508      0.23616355387038057145
     -3.92477167591515474498      0.14212970418785195181      1.70619125474302624212
     -4.15957335177512543822      0.99845473456941580270      2.34120627083617227626
     -4.25853448527175881821     -1.12500356726223693649      2.50859927218026834694
     -5.31436776477897243609     -1.12766946067585616120      2.78185136012347333789
     -3.66042307499217178801     -1.14763394001446239479      3.42085514132124623998
     -4.03238451515353979460     -2.01371455180734448831      1.91752741097630829969
     -2.42570692634983497982      0.27353388384148591417      1.33845562021065278557
     -1.62062656040982555616     -0.59115882493819615906      1.67780140445588821230
     -2.07160548565016977562      1.34293900397069343455      0.61473291845440791725
     -2.82592769639482188637      1.98840243783409453826      0.40278288276324386574
     -0.75222932885984750140      1.69910366228204878780      0.06318509666439964256
     -0.90206939870519675662      2.61206563951588099926     -0.51501227324876186486
      0.19651740558635297229      2.07405084394128014225      1.21069017991115690513
     -0.25859658642688804209      2.84145741780716187819      1.83746821411302607707
      1.13005416903301925124      2.46185764992747291302      0.79970625400771477853
      0.42124565096433108646      1.19655588943932245094      1.81839404225615863808
     -0.11085643839668588018      0.70135889930132166992     -0.92927475867459730097
      0.45503065058075392590      1.12686211845784844954     -1.93256194449760920762
     -0.17885536878909294445     -0.60881974437357244678     -0.68520926143685056964
     -0.61196713100567246002     -0.89081212616126859150      0.18689894907477389019
      0.35621476403221663531     -1.66885106746787026388     -1.54822386787011478937
      0.15683614590774633268     -1.38616293638550103218     -2.58299455636741948084
     -0.43250081215264557510     -2.95510360615353651070     -1.26067925624192023193
     -0.24245133017170308887     -3.28568597342135060302     -0.23842638268750368513
     -1.49998803863251373159     -2.77523550377670380485     -1.39104768288976821111
     -0.12052740161618684389     -3.74002187924117368567     -1.95101810791627872099
      1.89290937427673799931     -1.84617727631630690333     -1.44167767152922721152
      2.40868875185981856646     -2.95756765461264770067     -1.54996211126133576208
      2.62521090195818862512     -0.75915416228152121647     -1.18767682749161540556
      2.14343336121748606615      0.13037440890996027099     -1.14377941996432808125
      4.06381297630716087355     -0.73816839124741140399     -0.93387584821990887729
      4.38255445063417070628     -1.72959369930999695697     -0.60794447795594364070
      4.78638655603462481736     -0.40321478600308957585     -2.24600235085828270343
      5.86546792672004979607     -0.41379310407446950881     -2.09206562263665052370
      4.53115774840449070382     -1.14406043851015515322     -3.00523574381566493940
      4.48311583980599870358      0.58565047172864881375     -2.59399961115436461512
      4.41540223251588326292      0.25923355657666452556      0.18756843733527397977
      3.63455846427809969867      1.15780334495868175715      0.50061319295889772363
      5.60374213220605099650      0.10376319689742974361      0.78535848933795626703
      6.19224495610935665724     -0.65248346202270701699      0.47320705470706186935
      6.09549629539716963933      0.96262391111213851946      1.86116564860263711267
      6.14766796226412015614      1.99600140189204311447      1.51211614641296154815
      5.40978324413104871837      0.91803341749265421345      2.70982982541951011868
      7.08690394224973019277      0.63974975967190006454      2.18154575819062612752
