     -0.90116204901384633352     -0.47647913520570117640     -4.04623450140019436105
     -1.72786657953759159589     -1.18298792660587870351     -4.06446796026050538586
     -2.67149769510770385139     -0.64332712832933147684     -4.02419638658913569884
     -1.68286339115268979150     -1.77421689262579151958     -4.97788348659945878438
     -1.63052536930727098863     -2.10946560997684073868     -2.87444889852407658992
     -1.49396967576642714093     -3.31225825357949288374     -3.05144331688532499669
     -1.70831574759506055194     -1.54832822447427420620     -1.66753781887195229316
     -1.64186267674250196968     -0.53866035426901404115     -1.64178563903277008329
     -1.58280488563155818937     -2.29589340147969034334     -0.40784158953599586317
     -0.78386634402473753802     -3.03315748520801209409     -0.50896284334297470231
     -2.90132740937314448360     -3.04216291804056115922     -0.14167689136818789608
     -2.82352289196094830004     -3.59794645169046090061      0.79376078209659317597
     -3.73194836631709403463     -2.33902612601276960191     -0.07373205059582214893
     -3.09857350876164261422     -3.75064915949472199586     -0.94738978655201355750
     -1.24370186216357803133     -1.40485013057557694971      0.80361246685471088291
     -0.37832531042855405135     -1.75767158633687015090      1.59967679115127525691
     -1.94862771823253821957     -0.27398818669963820316      0.95269872110709585833
     -2.63104549595418024666     -0.08698675767385337376      0.23598046375359293947
     -1.90320291719260747954      0.69106324352496273367      2.06705735314774097233
     -2.60011890950027879654      1.48785526130607470563      1.80286492506003415137
     -2.47357600264709320825      0.04047844737010043714      3.33589196413339328373
     -1.81826805035600869154     -0.76204644026825696379      3.67745466090583628116
     -2.55469263318091854842      0.78940703473363893483      4.12483601513051123533
     -3.46453357831134534095     -0.36742684778374962162      3.13326113383721338579
     -0.55839391466169774336      1.41165726052247775257      2.31038178594883492067
     -0.52727747825234050350      2.64081947909045933187      2.29990311945373404612
      0.55766651715503279263      0.69402642120126967207      2.45839893509169238328
      0.46486728633854096371     -0.31606845515807652225      2.41621012863168393991
      1.91787898293372616187      1.24493865042908646856      2.49230455452148813578
      1.90941888706104334616      2.16275231978212012507      3.08254514451049432822
      2.83001241598346719996      0.23516184009290222456      3.20342984767873284468
      2.85606076602546554710     -0.70213256676680979584      2.64495017975117141518
      2.45938341589189191083      0.04437302529236167997      4.21115978152519598865
      3.84190090495754255073      0.63718887778832278279      3.26788215847204721598
      2.38535841872191589630      1.61925011269837026973      1.06695009555253861322
      3.36909217879569444776      1.08910653671503543372      0.55231415545960527158
      1.58945754199291688913      2.45729330728219030888      0.39258215476416558065
      0.84391413805366322087      2.87587486777682510564      0.93833716698528302214
      1.39853681856381961701      2.47830300410396997535     -1.05980630970515754541
      0.54600599400602589650      3.13211536142911883829     -1.24870489649986105007
      2.59754689961273710352      3.12970629772297659343     -1.76778659960553663488
      2.76729788963500800136      4.12723069939412035012     -1.36104035988905369692
      3.49926018310885300622      2.53263087525829133639     -1.62900315509949544790
      2.38956247434658797246      3.21357370445215639876     -2.83498371828695194807
      0.98314646306701680700      1.09882536150799681174     -1.61666844233802753372
     -0.19304632376899211188      0.89708432455927389348     -1.92264143804701070906
      1.91902532477500709085      0.14512860381009912158     -1.68944952156894467876
      2.82374195247498294137      0.37719567113147378645     -1.29114805661892417810
      1.71741179222202022814     -1.22163390479203970429     -2.16413870741784286622
      1.13987346624032070963     -1.78798013192103844027     -1.43251102951580167044
      2.68250101332625279227     -1.71143647020091260735     -2.30230697148808616248
      1.18599505965281837305     -1.21626004380631269619     -3.11665410988556068617
