     -1.55943230331984650228      2.44588525132686029906     -3.59669658337932629522
     -1.46737023714352354808      2.76906060714265134237     -2.56130672466995745751
     -0.42183655461676017318      2.73008290149243038059     -2.26241535892948864017
     -1.84412123443940711986      3.78550592615306369382     -2.45780363348605934704
     -2.27433631083277765228      1.84809816832723750046     -1.67873290937035890558
     -3.14676267668115849929      2.29989975220487385954     -0.94735588440698670354
     -1.96618452436209234513      0.55433091818754276492     -1.71746461980428177796
     -1.19438435456560299031      0.28065838705078482995     -2.31656092409847902402
     -2.67038363752114671357     -0.50552473428411215384     -0.98409878693940056049
     -3.73910908810024977811     -0.29200054574410216901     -1.04051261112204707082
     -2.42677005232507081445     -1.83439993822486058228     -1.71401886777371936788
     -3.02563522697701925424     -2.62116639558839015223     -1.25335362802488581302
     -1.37330347550198972328     -2.10644474944285642337     -1.64474736560718381995
     -2.71128047093501178821     -1.74300973516699686527     -2.76293599046803395325
     -2.31555295915032788301     -0.55491825923431603584      0.52318140029470727725
     -2.03669837289738975272     -1.61746710529899329067      1.08022208066473557331
     -2.25449654251343378775      0.60402862862961048673      1.18492419161938489225
     -2.53020773941843080124      1.44102914691656525115      0.68156276697793416464
     -1.75861017002101327478      0.75876468723856593801      2.55220271835332068733
     -2.22045303142482763903     -0.00241515409022790293      3.18327059771391329690
     -2.20063790669019265778      2.13421814793048136849      3.07141765823662904467
     -1.84776483447063077925      2.27037330724488306544      4.09431009440547821754
     -3.28907728926072184805      2.20377343243407208817      3.05862677579615871437
     -1.78369388052852562154      2.92460500430988235010      2.44480490662533256341
     -0.23021363591669349868      0.54801877549281030610      2.59320010284999558081
      0.54226063800219836963      1.50082482418027418625      2.50727038879316754816
      0.19367951173953354416     -0.72073097316228340592      2.63931244949659760124
     -0.54185065306238877625     -1.41659921208366967882      2.60539837657846584662
      1.55872947518068638573     -1.23292721068633404080      2.42511054769021239252
      1.48859237485470807805     -2.31918964489861867406      2.49761595967625327219
      2.47654736033075950630     -0.78892770712691062673      3.57358721423224645619
      2.63271075726299130793      0.28986302561849230930      3.54027988959096617805
      2.03201081291901086701     -1.05943114838667917788      4.53190711703399440324
      3.44269914094866980037     -1.28621732805660937693      3.47874393769620704475
      2.16108752547394589172     -0.96601443480455129187      1.02484246870206030522
      2.84414620152605523984     -1.83816017634004702508      0.49288646310503175796
      1.87623472891011644492      0.18916365137927909634      0.41242220231878973236
      1.39144174969506906336      0.87158615117267734806      0.98423768956137969166
      2.11957592570467401316      0.57227034971907986272     -0.98559877885719215929
      1.65210416429697870555      1.54910939405728664831     -1.11527393571365207592
      3.62207497672481526507      0.79159756466534281216     -1.21574646973957745111
      3.78344512864703563793      1.18737663789320557761     -2.21912280028767883167
      4.00832689866505020859      1.50552775045225972761     -0.48725191355083147249
      4.16342547030222576154     -0.14991440757214397062     -1.11558913710923102158
      1.45980460204567541460     -0.33358273324406378935     -2.05128156387948124006
      0.65943214234055358425      0.15928405226196318267     -2.84615880640671958801
      1.75095465525883686730     -1.63873891359301060433     -2.05967452560330288591
      2.37664814079944708425     -1.96654564737392223428     -1.32898379724630122389
      1.24383254860670344755     -2.61757007432500188315     -3.02033800848388001015
      1.12674787676984267115     -3.58676963401807613607     -2.53307076396469099677
      0.27722172612088924470     -2.30010546988164898963     -3.41598355816136445284
      1.94643262954976026258     -2.71616511085374856549     -3.84926005092885148429
