     -3.90316227554790362575     -1.50148914852046222457      1.00922843471293122164
     -2.97975575941942905089     -1.98132265574436150501      0.69114618171315134187
     -3.18909665085209814706     -2.70998357791017818741     -0.09041215141138542188
     -2.51782772766310491974     -2.48351599530365074742      1.54045546520027776261
     -2.02427490206274374174     -0.94261838280575316329      0.15542548178361501043
     -0.92338906523866148834     -0.79790794547508181456      0.67196912212538617570
     -2.46440731496395093458     -0.19261529306511293580     -0.85520944979240098860
     -3.38291856830526205258     -0.39234239733250891868     -1.21503320124127833779
     -1.61784689695950523181      0.70220050987974413914     -1.65481176512629901687
     -0.89331761087141847710      0.08753112963502271415     -2.18878227550606485607
     -2.51038421861170490956      1.38461718138998390870     -2.69847053240954348752
     -1.89562542651258558735      2.01333289123324910008     -3.34482042974037474536
     -3.25985195817936457274      2.00633758999044919946     -2.20698517997898902010
     -3.00521491513267413609      0.63253831447531161380     -3.31449436297602284540
     -0.81056799578727822819      1.74656814225077194891     -0.85222551421216552470
      0.27263955872770306854      2.13382086512047974836     -1.28182261098874183958
     -1.27805353205445015874      2.15513067143069392273      0.33417854755687809165
     -2.15161309557272950599      1.77271428196753833006      0.65452180770919010655
     -0.54358903263162250408      3.05148343921988463023      1.23765407892942969070
     -0.30533842325165383436      3.96805528822738695638      0.69498000454299424522
     -1.47196422445389751843      3.40930683307252246905      2.40482931040564018588
     -1.72267496299743583243      2.51271300497032301635      2.97347674438796971685
     -2.38485321783664216966      3.87200363753825449464      2.02814139476329424738
     -0.96688368321275919293      4.11646362170495461186      3.06492309597635159690
      0.80031830264034808931      2.47276914783948997822      1.74309994154141478795
      1.65220793122563436306      3.22310251793033897272      2.20987272737417361768
      0.99955545901009723586      1.15659926068483098760      1.62264376440668423029
      0.23115223072795326731      0.59390014443038852132      1.27494738490435022271
      2.26347897292455435547      0.45416278546433508367      1.84446522132735468702
      3.07272000571271775016      1.18571146333282229079      1.87238346876456596135
      2.19941026897519753547     -0.23836031185635106477      3.21359424451678599155
      1.41137806559292711128     -0.99263673220445203249      3.21164327402628746455
      3.15447231437201613957     -0.71965157597819262580      3.42757892393381613516
      1.99534897384795795183      0.49893193155713144726      3.99101028594717233133
      2.58022886878252011300     -0.51101707535955331885      0.67692459689236972320
      3.17162822450916603856     -1.57303202653814855339      0.87470778283244499107
      2.12562646684640510486     -0.18911798428252662996     -0.54161195373978110457
      1.64995523573932745265      0.69766519327240383852     -0.65859024311528124862
      2.18915428459155680940     -1.07414961824463350837     -1.70740366902764018064
      3.14787799238878784891     -1.59489481548418998713     -1.68603499034895309983
      2.17094514583570763477     -0.21788784005613956452     -2.98238651027828494122
      1.23122226617029761897      0.32752428739936412239     -3.06094890299920141530
      2.99706977062841284365      0.49374946520481804990     -2.96304828444692480716
      2.27807128603071173956     -0.86214166685965554215     -3.85569164918045759194
      1.09304534950013954031     -2.16506977515264642520     -1.65770447812324261960
      0.17592049370804066499     -2.19322157489949276510     -2.47981146184404099841
      1.17853358424648080316     -3.04947058232578838144     -0.65683313439410095924
      1.93429756553911236239     -2.91011672497884044120      0.00670355612183526611
      0.23626143090607462649     -4.13859580065088206169     -0.41512443532830417547
     -0.06495159074102703489     -4.58784842855446495236     -1.36364041773292377080
      0.70258805493327847191     -4.90069608434691428300      0.21059378656689131670
     -0.64754505525322381132     -3.74922958529251237891      0.09079897497914816984
