         1      129.3267135703
         2        0.8670124422
         3       -0.2588442293
         4        3.7537915746
         5       -0.2588243934
         6       -0.2587525707
         7       -1.6205035468
         8       -1.6204590989
         9        0.0575329726
        10       -1.7637237067
        11       -3.1808085336
        12       -3.1808259802
        13       -3.1808158713
        14  1000000.0000000000
        15       -3.1808257987
        16       -3.1807566293
        17       -1.7637198410
        18       -1.7637246355
        19       -2.6112556991
        20       -2.6112551191
        21       -1.6434530289
        22       -3.9619754331
        23       -3.9619763479
        24       -3.9619685330
        25       -2.9993857784
        26       -3.9619451965
        27       -7.4256954386
        28       -6.0455909810
        29       -7.4256954129
        30       -7.4256984036
        31       -2.1170860504
        32  1000000.0000000000
        33       -5.0332015387
        34        0.2827832360
        35       -7.4256953913
        36       -7.4256972648
        37        0.5777279057
        38       -7.4256930361
        39       -7.4256975576
        40       -7.4256929609
        41       -7.4256864699
        42       -7.4256934113
        43       -7.4256975252
        44       -7.4256938086
        45       -7.4256977665
        46       -7.4256969835
        47       -7.4256967603
        48       -7.4256958330
        49       -7.4256985693
        50  1000000.0000000000
        51       -5.6221903607
        52       -3.1813892499
        53       -1.7775096836
        54       -5.6221882382
        55       -5.6221923344
        56       -3.7381093922
        57       -5.6221748272
        58       -3.9899988096
        59       -7.4256980144
        60       -1.8919260609
        61       -7.4256928333
        62       -7.4256917390
        63  1000000.0000000000
        64       -5.8016455320
        65       -5.6221800311
        66       -5.0331931022
        67       -7.4256959626
        68       -7.4256935828
        69       -7.4256847702
        70       -7.4256918213
        71       -5.8016190407
        72       -7.4256976823
        73  1000000.0000000000
        74       -5.6221899861
        75       -5.0332077884
        76      -12.6105428413
        77      -12.6105457933
        78       -7.6822279005
        79      -12.6105445634
        80      -12.6105445633
        81      -12.6105416743
        82      -12.6105426596
        83      -11.0957453629
        84      -11.0957420462
        85      -12.6105419665
        86        2.1576514909
        87      -12.6105428075
        88      -12.6105434854
        89      -12.6105437295
        90      -12.6105399515
        91       -1.6854579101
        92      -12.6696706652
        93      -11.2135768665
        94      -12.6696795387
        95      -12.6696809573
        96      -12.6696823356
        97      -12.6696815216
        98      -11.2135780738
        99       -7.1293956911
       100      -11.2135690920
       101      -13.2375468396
       102      -13.2375473880
       103      -11.2135773244
       104      -13.2375447616
       105      -13.2375478141
       106      -13.2375410431
       107      -13.2375450272
       108  1000000.0000000000
       109      -13.2375454814
       110      -11.2135759423
       111       -9.5419379280
       112  1000000.0000000000
       113       -5.1015650307
       114      -13.2375471530
       115      -11.7203776835
       116  1000000.0000000000
       117      -11.7203705067
       118       -9.5419347242
       119       -4.0253976533
       120       -2.2211372654
       121      -11.7203790915
       122  1000000.0000000000
       123      -11.7203781246
       124       -6.9046265195
       125      -12.9464826355
       126      -12.9464840025
       127      -11.0843414775
       128      -11.0843295310
       129      -11.0843408248
       130       -9.1064050608
       131       -4.3613002320
       132      -11.0843388093
       133       -5.9993180838
       134      -12.6696813891
       135  1000000.0000000000
       136  1000000.0000000000
       137       -3.4240802550
       138      -12.6696543086
       139      139.0582625310
       140      -11.0843413394
       141      -12.9464885495
       142      -12.9464847824
       143  1000000.0000000000
       144      -12.9464865106
       145  1000000.0000000000
       146      -14.5172770208
       147  1000000.0000000000
       148      -14.5172732327
       149       -7.7620138247
       150      -11.4547541357
       151  1000000.0000000000
       152      -14.5172742857
       153      -14.5172775741
       154  1000000.0000000000
       155      -14.5172771077
       156      -14.5172763089
       157      -14.5172773658
       158       -3.4891684168
       159        6.4882113916
       160      -11.0957479428
       161      -12.9464886028
       162      -14.5172755009
       163  1000000.0000000000
       164      -12.6696804247
       165       -7.7613090001
       166      -14.5172731656
       167      -12.9464874768
       168      -14.5172738635
       169       -0.6850956492
       170      -14.5172775477
       171      -12.9464852967
       172      -12.6105418361
       173        3.1321880902
       174       -5.6371498682
       175      -12.9464848850
       176      -12.9464826107
       177        4.6829749855
       178      -14.5172747007
       179      -12.6105460899
       180       29.4563249623
       181      -14.5172750690
       182       -2.3566252628
       183      -14.5172763303
       184       -7.4336512130
       185      -14.5172740218
       186      -12.6696821220
       187      -14.5172752231
       188      -14.5172114734
       189      -14.5172776079
       190      -11.4533610259
       191       -3.9137232667
       192      -14.5172779038
       193      -14.5172763045
       194      -14.5172773767
       195      -14.5172777262
       196      -10.7334615446
       197      126.0372853876
       198      -14.5172771394
       199        1.4357870134
       200       -5.8016456097
       201      -12.9464855146
       202      -15.3324095794
