         1    0.8670085140    
         2    0.8670085140    
         3    0.8670124422    
         4   -0.2588442293    
         5   -0.2588442293    
         6   -0.2588243934    
         7   -0.2587525707    
         8    -1.620503547    
         9    -1.620459099    
        10    -1.620459099    
        11    -1.763723707    
        12    -3.180808534    
        13    -3.180825980    
        14    -3.180815871    
        15    -3.180815871    
        16    -3.180825799    
        17    -3.180756629    
        18    -1.763719841    
        19    -1.763724636    
        20    -2.611255699    
        21    -2.611255119    
        22    -2.611255119    
        23    -3.961975433    
        24    -3.961976348    
        25    -3.961968533    
        26    -3.961968533    
        27    -3.961945196    
        28    -7.425695439    
        29    -7.425695439    
        30    -7.425695413    
        31    -7.425698404    
        32    -7.425698404    
        33    -7.425698404    
        34    -7.425698404    
        35    -7.425698404    
        36    -7.425695391    
        37    -7.425697265    
        38    -7.425697265    
        39    -7.425693036    
        40    -7.425697558    
        41    -7.425692961    
        42    -7.425686470    
        43    -7.425693411    
        44    -7.425697525    
        45    -7.425693809    
        46    -7.425697766    
        47    -7.425696984    
        48    -7.425696760    
        49    -7.425695833    
        50    -7.425698569    
        51    -7.425698569    
        52    -5.622190361    
        53    -5.622190361    
        54    -5.622190361    
        55    -5.622188238    
        56    -5.622192334    
        57    -5.622192334    
        58    -5.622174827    
        59    -5.622174827    
        60    -7.425698014    
        61    -7.425698014    
        62    -7.425692833    
        63    -7.425691739    
        64    -7.425691739    
        65    -7.425691739    
        66    -7.425691739    
        67    -7.425691739    
        68    -7.425695963    
        69    -7.425693583    
        70    -7.425684770    
        71    -7.425691821    
        72    -7.425691821    
        73    -7.425697682    
        74    -7.425697682    
        75    -7.425697682    
        76    -7.425697682    
        77    -12.61054284    
        78    -12.61054579    
        79    -12.61054579    
        80    -12.61054456    
        81    -12.61054456    
        82    -12.61054167    
        83    -12.61054266    
        84    -12.61054266    
        85    -12.61054266    
        86    -12.61054197    
        87    -12.61054197    
        88    -12.61054281    
        89    -12.61054349    
        90    -12.61054373    
        91    -12.61053995    
        92    -12.61053995    
        93    -12.66967067    
        94    -12.66967067    
        95    -12.66967954    
        96    -12.66968096    
        97    -12.66968234    
        98    -12.66968152    
        99    -11.21357807    
       100    -11.21357807    
       101    -11.21356909    
       102    -13.23754684    
       103    -13.23754739    
       104    -13.23754739    
       105    -13.23754476    
       106    -13.23754781    
       107    -13.23754104    
       108    -13.23754503    
       109    -13.23754503    
       110    -13.23754548    
       111    -13.23754548    
       112    -13.23754548    
       113    -13.23754548    
       114    -13.23754548    
       115    -13.23754715    
       116    -11.72037768    
       117    -11.72037768    
       118    -11.72037051    
       119    -11.72037051    
       120    -11.72037051    
       121    -11.72037051    
       122    -11.72037909    
       123    -11.72037909    
       124    -11.72037812    
       125    -11.72037812    
       126    -12.94648264    
       127    -12.94648400    
       128    -11.08434148    
       129    -11.08432953    
       130    -11.08434082    
       131    -11.08434082    
       132    -11.08434082    
       133    -11.08433881    
       134    -11.08433881    
       135    -12.66968139    
       136    -12.66968139    
       137    -12.66968139    
       138    -12.66968139    
       139    -12.66965431    
       140    -12.66965431    
       141    -11.08434134    
       142    -12.94648855    
       143    -12.94648478    
       144    -12.94648478    
       145    -12.94648651    
       146    -12.94648651    
       147    -14.51727702    
       148    -14.51727702    
       149    -14.51727323    
       150    -14.51727323    
       151    -14.51727323    
       152    -14.51727323    
       153    -14.51727429    
       154    -14.51727757    
       155    -14.51727757    
       156    -14.51727711    
       157    -14.51727631    
       158    -14.51727737    
       159    -14.51727737    
       160    -14.51727737    
       161    -14.51727737    
       162    -14.51727737    
       163    -14.51727550    
       164    -14.51727550    
       165    -14.51727550    
       166    -14.51727550    
       167    -14.51727317    
       168    -14.51727317    
       169    -14.51727386    
       170    -14.51727386    
       171    -14.51727755    
       172    -14.51727755    
       173    -14.51727755    
       174    -14.51727755    
       175    -14.51727755    
       176    -14.51727755    
       177    -14.51727755    
       178    -14.51727755    
       179    -14.51727470    
       180    -14.51727470    
       181    -14.51727470    
       182    -14.51727507    
       183    -14.51727507    
       184    -14.51727633    
       185    -14.51727633    
       186    -14.51727402    
       187    -14.51727402    
       188    -14.51727522    
       189    -14.51721147    
       190    -14.51727761    
       191    -14.51727761    
       192    -14.51727761    
       193    -14.51727790    
       194    -14.51727630    
       195    -14.51727738    
       196    -14.51727773    
       197    -14.51727773    
       198    -14.51727773    
       199    -14.51727714    
       200    -14.51727714    
       201    -14.51727714    
       202    -12.94648551    
