        1.5298761614       -0.1063839667        0.4042227295
        0.8611668134       -1.3338924837       -0.8180240795
       -0.9706275251       -0.8823088762       -0.7932907831
       -0.1014536375       -0.5695554688       -1.3196167937
       -1.1657678461        0.3747758140       -1.2060010819
        1.1203687961       -0.1482252613        0.6681481551
        0.9346791212        1.6281947324        1.4883186398
       -0.5188955787        0.3461873682        0.5221095394
        0.6381697964       -0.5488346779        0.9610920188
       -0.1201723398        1.4577291701        0.4475493341
       -0.3544867204       -0.3744824447        0.7211567740
       -1.5365620107       -1.3726899172       -0.0322714655
        0.9463111565        0.9575642751       -1.2074949994
        0.5256368943       -0.2971686424       -1.0513926829
        0.8537325915       -0.8016336615        0.5178062455
        0.1265698204        0.7062906901        1.6445454165
       -0.1652741088       -0.4333330577        1.3970517994
       -0.8486057482        1.5738861259       -0.8104609452
       -0.5980070851       -1.4781685738        0.4886066662
        0.4241841997        0.5688442893        0.3964689319
        0.1366988452        0.1427204482        0.7663879667
        1.1248394359        0.9201646540       -1.6611937334
        0.1173189808        1.1527504564       -1.1588075185
        1.4774321703       -1.4871059869       -1.2087499510
        0.9759414362       -0.5329052527        0.4578957238
        1.4955469756        1.1406077336        1.2055485999
       -1.3976451049       -1.3925848438       -1.3889881272
       -0.1426697969       -0.6253124534       -1.0112507452
        1.1969514440       -1.5840429524       -0.1919718682
       -0.2448207742        0.3005805382        0.6140855751
        0.7981205486       -0.4434129459       -1.0255083072
        1.6695559432        1.2374511088        1.0036539488
       -0.0522070100       -1.7029579960       -0.6741992601
       -1.6209118658        1.7011526764        0.9440844731
       -0.8986825276        0.4889252596        1.6515182569
        0.3970340599        1.0106060931        0.8774580856
        1.0917331543       -0.1004701332        0.7574684863
        1.5442545815       -1.3462945039       -0.6929585560
