        0.9807558095       -0.5597811594       -0.1195370438
       -0.8899274123       -0.0659352968        0.4059850214
       -1.6262209456        0.9771372628       -0.1739127697
        0.2115938764        1.2739349983        0.0144907168
       -0.5865667407        0.7498431171       -1.4893978217
       -1.2434131303        0.4314796016        1.6429917757
       -0.2695056809        0.2580401802       -0.1336900109
        0.1481739148       -0.3300757597        1.3674047822
       -1.0431251136        0.3379834065       -0.4159480922
       -1.2358058827        0.9499392156        0.4445373301
       -0.7237512341        0.1198421129       -0.5349306537
        1.1220592405        1.0583639763        0.5583625543
       -0.7109186780        0.0497799717       -0.9974852813
        1.7115658565       -0.2825268307        0.8548704241
       -0.7282775275        1.2141067994       -1.5566069425
        0.8805628153        0.3404733007        0.3875373211
        1.4710140534       -0.6693033301        0.6455398880
        1.5992847349        1.4629335373       -0.2976075438
       -1.0197952221       -1.5013252362        0.4361866459
       -0.3611028887        0.8287196081        0.6764935468
       -1.2314851528       -0.8621405714        1.5433525887
       -0.5367812111        0.4672647810       -0.2248172780
        0.3167465581       -1.2862820038        1.4636509594
       -1.1612085294       -0.6395356597        1.5166949664
       -0.4604594221       -0.1384992642        0.9165422117
        1.1510093671        0.2008128213       -1.6606056672
        1.4087994825        1.0224144691        1.0261139481
       -1.1509389618       -1.6881312766       -1.2838327758
       -0.7318380687        0.2727443865       -0.7325607770
       -0.4582153753        1.2264703618        0.0226382055
       -1.5296364260       -0.5708580035       -1.4301373559
        1.6280546106       -0.2570806515        0.3272601180
        0.0399677578        0.4716628944        0.1191514246
       -0.5380251710       -1.2540200983        0.5713114453
        1.0084674494       -0.2877125779       -0.1246954796
       -1.5813411197        1.3737701412        0.5638144513
        0.3223940272       -0.5279226284        1.0455589704
        0.6214892563        1.3978424464       -1.5741899384
