       -0.3135987312        0.2631416011        1.6588263555
       -1.3195224775        0.8779256565        1.4394112403
       -1.3761527789       -0.4888660089        1.1775383368
        1.6481942975        1.4709825883        0.8359562610
       -1.1009636544        0.5175947264        0.6472927254
       -1.4105827430        1.6877306911        1.5212705319
       -0.0357390214       -0.6609768859        0.6474250253
        1.5571103727        1.6104527625        0.6539816251
        1.3346886105        0.8067296414        0.3959005165
       -1.6943369163        1.7087821413        0.2041453592
        0.8047590551       -0.2276506734       -1.3650427889
       -0.4792716987       -1.0831842187       -0.6392215943
        0.4742991159       -1.2182273777        0.8554114136
        1.2623429920        0.2113614773       -1.1211668021
       -0.9952547877       -0.1440405447        0.3353576765
        1.7074166990        0.2816865438        0.4708442358
        0.2568290179        1.5160851476       -0.1252519307
       -0.3550944647       -1.0368725940        1.2069628110
       -0.2874574084       -1.4237255752       -0.9336690766
       -1.1012577480       -1.1349795104        0.9366265354
        0.4780203250       -1.0884048959        1.0044411712
       -1.2190588232        0.2546907161        1.0995440265
       -1.2231761656        0.8324348632       -1.0427308579
        1.6560553145       -0.2688841865       -0.3835154935
       -1.6403360921       -0.0653203145       -1.6104413773
        1.6257005893       -1.5461849388       -0.4390225948
       -0.3073701888        0.9600499494        1.0755944667
        0.6159081371       -0.4379462099        1.7290547603
       -0.1163099589       -0.4615793332       -1.4176023777
        0.9482061466        0.2689424355       -0.7736772856
        0.5292266133       -1.6301275093        1.2390000442
       -0.7348072692       -1.6623084115       -0.5029370387
        0.3108773107       -1.7184502362       -0.1031653248
        1.1589340370        1.0433241989       -0.5370947183
        1.6152945811       -0.9456631040        1.6332764815
        0.4477461482       -0.7325471576        0.3062742806
        0.0916658959       -1.7313687478       -0.8965065939
       -1.7037499046        0.0898629104       -0.4728124735
