       -0.2832790958        1.4972131300       -1.3321864019
       -0.6063378766        0.7918388965       -0.0549632364
       -0.3948238397        0.4269433474       -1.4255289398
        0.6662592641        1.1480175155        0.8098651700
       -0.9819011445       -1.2949938348       -0.1756423463
        0.6242298808       -0.3156133229       -1.5681181439
       -1.6210691751        0.1418458684        0.3792409370
       -1.2732935596        1.6723908194       -0.4710768381
        1.4823948745       -0.4765558417       -0.5214097226
        1.0362951678        0.9486670378       -1.0128309811
        1.0413704855        1.6104612668        1.5478740912
        0.6660903938        0.3291957260        0.8990454746
       -1.4675104012        0.9749229390        1.4716696390
        0.8438786403        0.6579671402       -1.1772780699
       -0.0109343147        0.1675582007       -0.0399319729
        0.9376984616       -0.3149899251       -1.0583697238
       -0.0438140045        0.0424267419       -0.0445433910
       -1.0910296435       -0.5086252804       -0.4900352936
        1.1787191633        0.6222871865        1.5480340847
       -0.9951722423        1.6135753267       -1.4332186877
       -0.8884024056       -0.5372013924       -0.4641601997
       -0.8334904762       -0.6325855333        1.2126966146
        0.8461323850        0.1366954061        1.6997970159
        0.1986596387        1.1634284232        0.0163617121
       -1.4453695228        0.1215061283        1.0932922877
        1.3685127789       -1.3961431670       -0.4710967808
        0.3524984061        0.4359052732       -0.9735453952
       -1.6664541589       -0.1504236300        0.1519956521
        1.5251682558       -1.6321829704        0.8441060807
        0.7641213849        0.1273339756        0.5560438372
        1.3272672805        1.6529432080       -1.1121079921
       -0.2301554581        1.5292308834       -0.7173865752
       -0.6420722982        0.5536275809       -0.2690287669
        1.2967393601        0.2418132514       -1.1381204187
        0.5819275063       -0.6160169567       -0.2904465516
        0.8027358640       -0.7126698105        1.5019109908
       -0.3316238950       -0.1639337227        1.3947838206
       -0.9138770011       -0.6098311759       -1.2235106044
