        0.6555779598        0.3213312376        1.3215507885
        1.7149403946       -0.6726479953       -1.4039867094
        0.7384415968        0.5017780971       -1.2233395563
       -1.6558606942       -1.2779845228       -1.6624296520
        0.9884672116       -1.3283239726       -1.3078753742
        1.1121651764        0.5613663638        0.0796920322
        0.4974799587        0.3591519418       -1.2248369339
       -0.6629202997        0.4706788965        0.5483260971
       -1.7007913554       -1.1506820534        0.6176670302
       -1.6066338965       -0.6585995505        0.2270249898
       -1.7029548005       -0.0238085759       -1.1956327008
        0.8815487376        0.9939023228        0.5660460047
        1.6553114198        0.3353700248        1.2064180581
        1.6777740533        0.4731900046        1.6331251600
        0.5304714636       -0.9636680428       -1.0084674881
        0.5361305389        1.2298570353        0.8380774462
        0.6183510547        1.2348370302        1.5874477135
        1.6328146451       -1.6937441076       -0.5705423089
        1.7032148367        0.0764702948        0.5662185674
        1.5796498719       -1.6344528671        0.0545452407
        1.0264799503       -0.1543034017        0.2546664583
        0.2734748796        1.1654562342       -1.3179726613
       -0.1321953417        0.8010153110       -0.2769187196
       -1.4504311646       -0.8881699565       -0.0871457888
       -0.4713151604       -1.6213711068        0.6189614897
        0.8224815177       -0.4054066999       -0.5135180874
       -1.3392375034        0.1563663847       -0.5154531243
       -1.5834437429        1.1675760160        0.9881037371
       -1.3324576621       -1.7103796568       -0.4419981702
       -0.9319497739        0.7030612986        1.7274346872
        0.7975031611       -0.4092259531       -1.6188872213
        1.3876542387       -1.1537874381        1.6850530145
       -1.0097204281        0.6557114872       -0.6987751649
        0.1886075119       -1.2356887685        1.0064923496
        0.5407762290        1.2357277700        0.3006181831
       -1.6717046526       -0.0930735933        0.3006357481
        1.4553466889        0.1027451386       -1.6293839308
       -0.0097049808       -0.2988366051        0.2174711619
