       -1.6117692618       -1.5900217679       -0.6073855902
       -1.6371565743       -1.4159939093       -0.2315379219
        1.1786374034        0.6901038661        1.1213502162
       -1.1086287590        0.9033048551        0.6163353387
       -1.6438040980        0.9609053301       -0.2013876133
       -0.4109144989        1.6258032291        0.6398730004
       -0.2943380893        0.5669444228       -0.0679551165
        0.1380696833       -1.6610340028       -0.2031599095
       -1.5333500002        0.3778446087        0.5923588370
        1.6764510677       -0.7438573621       -0.3314145423
       -1.5615385074       -0.0780729770       -0.8894423505
       -1.4463652317        0.2941536234       -0.0530692657
        0.9646355322        1.0955929575       -1.6802928591
        0.2449327200        0.6403567104       -0.3090853475
        1.0318896374        0.7634705014        1.0842087134
       -0.3052341083        0.5705972139        0.6853518455
        0.6790346004       -1.4645291138        0.6779360129
        1.5652612166       -1.6899970793        0.2648344733
       -0.2975829940        0.4125185007        0.7219872001
        0.2031056110       -1.2591153587       -1.3126790592
        0.6662394537        1.0979405297        0.9561718279
       -0.0622635760       -0.4884859339        0.0413308305
        0.1964316600       -0.1828218891        1.2315064603
        1.4316856026       -1.2717388202       -0.0293569249
       -1.1533215044       -1.3257156528       -1.4994071836
        0.9576021425       -0.1800032148       -0.5633573622
        0.7360782872        0.8027146162       -0.4810053548
        1.2381142211       -0.9574731286        0.6338305707
        1.5311088457        1.4559138961       -1.4988694929
       -1.4025284430       -1.3917425260        1.6514425833
        1.3549869762        0.2686473547        0.0693753267
        0.1273116875       -1.0872671730        1.2431766050
       -0.5910478819        1.5786500673       -0.5022565097
       -0.6202220984        1.1395809338       -1.4512357634
       -0.4993078343       -1.2414603252       -0.5526220256
       -0.9396568578        1.3016816182       -1.4346529238
        1.2201159993        0.9908416758        1.3941037853
        1.6541968513        0.9362753010        0.9159503418
