        0.2944653175       -0.9291722627       -1.2738114898
       -0.2286338228       -1.0111613053       -0.8017281391
        0.3602056174       -0.5509890397        1.1506220784
        1.1691490818       -1.4517345123        1.5989043921
        0.8691827572        1.0278732895        1.5042566467
        0.2380897872       -0.9862141896       -1.3459638334
       -0.9599682524        0.4243444223       -0.7939502289
       -1.0306004656        1.4621948061       -1.7201706213
        0.1821855929       -0.2725683266       -1.4960311469
       -0.3707900294       -1.5135291470       -1.0328851318
       -0.3025668668       -1.4848825442        0.2718887509
        0.4844470156       -0.2789004864        0.8870865596
        1.3108600556        0.5376884980        0.1852829121
        0.1456318772        1.3431026153        0.0972827209
       -0.7674685439       -0.6636942802       -1.5740455661
       -1.7142113969        1.1480449591       -1.6342733680
        0.0718171571       -0.2821911482       -0.1774490386
       -0.0377784112        1.4705972063        0.0598403947
        1.3324026216        0.9052211640        0.2054981016
        1.4395306064        0.3935484809       -1.7249794795
        0.4555838027       -0.0252716961        1.6398397096
       -0.3398247385       -1.0872174767        0.7104497908
        1.2280194134       -0.9105272676       -0.2892758699
       -1.7260812883        1.5201444491        0.0507812136
        1.3993348363        0.8347290854       -0.0083774705
        1.0197453855       -0.0613172101        0.8112752887
       -0.1164042445        1.6028139465        0.2037139619
        1.3656085056       -0.4909624830       -1.1226162239
       -1.4998323398       -0.2295450215       -1.5760125826
        0.7652930990       -0.0781983938       -0.5791755660
       -0.2020748091       -1.3858922485        0.7712488230
       -0.8768037614       -0.5844174506       -0.4208393555
       -0.1604433206        0.6484507669        0.2048573871
       -0.5786584083       -0.0995769657       -0.1525469170
       -1.1164273927        1.0045022012        0.3998201915
        0.4875421232        1.3183443610        1.6854663532
       -1.5140983464       -1.3627767717        0.4483577285
        0.7058230256        0.5853179432        1.2432598360
