       -0.4777203500       -0.0141482658        1.2050315907
        0.7416208339       -1.7027362160        1.2448798736
       -0.5233104247        0.5837444290       -0.9441400330
       -0.4110427805        0.5659789901       -1.1435202418
       -0.2538255310       -1.5678500034        1.1289420733
        0.1002735450        1.3412336670       -1.5812074003
        1.0823351823       -1.7200158575        0.8457537280
        1.4568948403       -0.9049198130       -0.3089427787
       -1.5113449639       -1.4210657282        1.2641561481
        1.3739799375       -1.3639508135        1.3012980623
        0.5581667193       -1.2178021102        1.7274907440
        1.6898897970       -0.3571191753        0.2870396708
        1.6185159830       -0.1913245207       -1.6361995877
       -1.4116241397        1.3371751947       -0.6144575265
        1.2331088812       -1.1877824383       -1.6877238871
       -0.1937599051        1.3745403648       -1.4595338590
       -0.2672062371        0.7307374535        0.0756929283
        0.3220697848        0.2113166639       -1.1918580595
        0.7277554402       -1.2880919820        1.1209291541
        0.8098278881        0.4650460711        0.8879639574
       -0.3785385716       -0.8023761689        1.2053105969
        0.8326808623       -0.2885782308        0.1681096463
       -0.2221205814       -1.3331586838        0.3208777151
       -0.9046328381       -0.8656212320       -0.4817553308
        0.7794424221        1.3398459833        1.4860377515
        1.0160739776        0.0330998236        1.6731523936
        1.1861190230       -0.7601532299        0.5212922842
       -0.3920642516        0.4323914698        0.6604748076
        1.6717094209       -1.4342374688       -0.3361564601
       -0.7883689323        1.6317559140        1.2628251486
       -1.2563707741       -0.9079626208       -1.6408158307
       -0.1891005456       -1.6316895609        0.1445437506
       -0.5887523934       -1.0820313440       -0.9773917823
        0.9367325321       -0.7026054629       -0.8589974547
        0.3383709759        0.0720328605        0.4399608919
       -0.3708399580        0.6836891431        1.6848235513
       -1.0538602825       -0.6781743981        1.2302554495
       -0.2782094078       -1.6872627798       -0.1175187613
