       -0.6633600044       -0.4251471418        0.2879077047
       -0.4306552053       -1.6099551734        1.7261801115
        0.8320581419       -1.5668213131        0.6545455980
        0.5346696319        0.6290468673        0.3129133872
       -0.4188831370       -1.1144013142        0.2319569015
       -0.4604434476       -0.4851636005       -0.6901032306
       -0.2558791015        1.0981746483        1.5194567951
       -0.1770289121        1.0009386338        0.1532483179
       -1.5137616816       -0.7105173586       -1.2194751687
        1.3853261786       -1.2110789338        0.2077118511
        1.6905447164       -1.0388635360       -1.6125958874
       -1.4030668773        0.9501277996       -1.6471233907
       -1.5457271335       -1.6332253092       -0.8412965140
        0.9936199516        1.2629405094        0.4574499281
        0.3713517811       -0.0474310720        1.4694223450
        0.3383616215        1.0427160609        0.5405970493
        0.0647807832       -1.4303204490        0.4236011325
        0.5543250828       -1.0017251320        0.6044253473
        0.4443219218        0.0992054983        1.1139326818
        1.3317601940       -0.8013458009       -0.4694878849
       -0.7527886341        0.7354151410       -1.2053129585
        0.2082030976        0.5268295174       -1.6389859968
       -0.1129765677       -1.3239796415       -0.0765735476
        0.0387651013        0.0983955666        0.3632987909
        1.1649638038        1.3578174696       -0.6632288450
       -0.3011981725        1.3700966976        0.2541509638
       -0.5058365840        0.9456177195        1.6741867153
        0.1799705560        0.3140517150       -1.4330390499
       -1.6026470635        0.7922825984       -1.1073098675
       -1.2016551587       -1.5027340289       -0.5727358770
        0.3505689118        0.7367656250       -1.1852256215
       -0.4290211919        0.1299843199       -0.9875205215
       -0.8845427072        0.0581079774       -1.2483683416
        1.7003910183       -0.8488223937        0.5917999259
        1.4148520618        0.2739540294       -0.7465668344
        0.2779574935        0.8492901841       -0.3726735730
        1.5818946655        1.3330448782        0.8672283309
       -0.5542820292       -0.2598481260       -1.4414862538
