        0.7634650605        0.9444514158        1.4224257570
        0.2882257044       -0.6799137340       -0.9995963539
        0.5248887943        0.1750731905        0.7611012299
        1.1110041620       -0.3877478691       -1.4408642965
       -1.2878572908       -1.1537046297       -1.2608474614
       -1.0116286198        0.6973188067        0.8813445226
        1.1392454320        1.1005900141        0.5404104138
        0.7814207594       -1.3285237354        1.7271305812
        0.2461167017       -1.3052162306        0.6613904520
       -1.3773477216        1.3573171060        1.3953555897
       -1.4920048833        1.5272196906        0.3460769226
        1.4328407518        1.2083490542       -0.2265386698
       -1.6885441361        1.0502800372       -1.0052449151
        1.6292227001       -0.3127559698        1.4141516014
        0.0543546822       -1.0988944965       -0.6314861844
        0.7505954951        1.3194641672        0.5055181020
        0.3346752990        1.4384494274       -0.1087051825
        0.4815801113       -1.4546561571       -1.1985222498
        0.6190472049        0.2588853871       -1.4474343027
        1.4865536944       -1.6643641759        0.4447826597
       -0.6899699919        1.3863416899        1.5480105060
        0.1874401629        0.9294799643        1.5079376347
        0.7228621429       -1.4189796876       -0.3703378200
       -0.6862575807       -1.2234777133        1.4070934490
       -0.0827401180        1.4700097756       -0.9032023879
       -0.7277105848       -0.5796142125       -1.2124272434
       -0.5223271898        0.9281608954        0.4702907529
        1.2328810843       -0.9836819693       -1.2952434424
        0.9764320857       -0.0691241319       -0.9171882736
        0.5446163911       -0.4021284557        0.4342406431
       -0.7137404010        1.2112177764        0.3489729158
        1.2231676517        0.9419895104        1.4190293259
        0.0688733597       -1.4264515318        1.2160786440
        1.7219461551       -0.7419869797        0.8065670024
       -0.8132732542        0.6769127845       -0.4292561186
        1.4725372550       -0.1446805445       -0.3481619324
        1.3798819292       -0.7195868345        0.0080422010
        0.1534218420       -1.6552466104        0.5396710245
