       -0.0655980416       -0.3959987010        0.4203857346
       -0.9219709721        0.0732500930       -0.7073952961
        0.5068261260        0.2394507225       -0.6396033614
       -0.0082142702       -0.8377830558        0.0008288009
        1.0186082869       -0.4023412911        0.9532461778
       -0.2237260463        0.1424474684       -0.7063832707
        0.1592951303        0.1907484511       -1.1031307871
       -0.4894272040       -1.3442541172        1.3037581755
        0.3191910162        0.9898159874       -0.1395052502
       -1.0109642396        1.3582400319        0.0210900347
        0.1467424790       -0.4472939145       -1.1753656067
       -0.5683169821        1.2213444928       -1.2499920344
        1.4383176551       -0.1830072615        0.7505616894
        0.4546677340       -0.4772933614        1.5000607626
       -0.1934025280       -1.1889737806       -0.2103184853
       -1.0521695832       -1.5677686726       -0.8138365867
       -0.0086479161       -1.1292807400        0.4245612194
       -0.2614595480        0.3734838386        0.9812079560
       -0.2075087621       -0.4489123277       -0.6888313947
        1.6152234918       -0.8411232963        1.2571970222
       -1.1765605881       -1.3219352979        1.4017597534
       -1.5311960546        1.5780579022       -1.5160347060
        1.3014438847        0.3638627235       -0.0993720248
       -1.3094995833        0.4256401320        1.3003189972
        1.1254414909        1.1601728833       -0.9088351520
        1.5943264474        1.0297721511       -0.4486429742
       -1.7186362990        1.5857652587       -0.1883632373
        1.0067482450        0.3679477007       -0.0835695246
       -0.5557031557       -1.4391345295       -1.6431624866
       -0.1343807959       -0.8799951613       -1.3823953053
       -0.4849833206        0.6756226997        1.3198872199
       -1.5918465883        0.7288742044        1.2830669639
       -0.4530206012       -0.5976445301        1.4118935126
       -0.1616533490       -1.5995766459        1.0166363810
        1.6352208211        0.7008060424        1.6584894455
        0.4538595300       -0.7622381510       -1.5279251677
        0.3602089452       -1.0258734416       -0.0561743133
       -1.0211942411        1.0731840240       -1.2178807987
