        1.3824679124        0.6722090697        1.2813540119
       -1.6344243104       -0.7507754636        1.4389672787
       -0.5690314958       -0.9195902104        0.5445161887
       -0.6028626779        1.0954398438        1.4086716896
        1.6347287053        0.9023771996        1.2336422649
        0.4212311092       -1.1226629780       -1.1180285490
        0.8331700827        1.1773802451        1.2765595701
        1.6505206832        0.3358192307       -0.2246110305
       -0.3740098521        1.3608471693        0.5564223183
        0.3945954686       -0.0327057680        0.4048101602
       -0.5762688956        1.6755493895       -1.5563434284
        1.6877954038       -0.8266352984       -1.2873346922
       -1.4186620122       -0.0887332659        0.2767876474
        0.3648270464       -0.3184800578        1.1063142086
       -1.6936439455       -0.9924485779       -0.4728843419
       -1.7045897511       -1.3443281568       -0.0410212980
       -1.6173412976        1.2521185380       -0.5508202451
       -0.6573360318       -0.4339717542       -1.0621970731
       -1.2525975910        0.5524901193       -1.3947850240
        1.5198410721        0.4167218679       -1.1560142086
        1.1908507927        0.3961786114        0.7459916472
       -1.2844564785        0.2256067960        0.1501858787
        0.1883107906        0.8143210710       -0.9498586236
       -0.6426295139        0.5706173067       -1.4178489688
       -1.5549949382       -0.5160774835        1.0248018977
       -1.5894518959        0.3740187806       -1.2088656553
        0.3359957713        0.9083787259        1.0922785137
        1.0234654782       -1.5459244606       -1.5902956913
       -1.6038067825       -1.0059266329        0.3322637836
       -0.7554927042        1.7318026163       -0.0610436384
       -0.3164105466        1.0151558232        1.0916726631
       -0.5578765633        0.1976947302       -0.3712406709
       -1.4745665033        0.5311693866        0.1841961195
       -0.1013711453        0.6326541238        0.5818819557
        1.1934303349       -0.1558915741        0.1487896327
        0.6314119642        0.8352867786       -0.5949474947
        1.0841359627        0.3362309675       -0.2035585899
       -1.0716670166       -1.3512735020       -0.2326083140
