        0.6589047890       -0.3720185439       -0.5200757002
       -0.9839184833       -0.2747372094       -1.3507758596
       -0.8155639663        1.2889922940       -0.4183503662
       -0.2731527810       -0.9929132872        0.7169998575
        1.2321131851       -0.8418401264        1.4140750486
        0.2030169729       -1.6010773320        0.1486330380
        0.9715787077       -1.6810943575        0.4582043659
        0.3428877439       -0.7212789662       -0.2550882851
       -0.4700092544       -0.9441502052       -0.3980160026
       -1.4160080981        0.2665099079       -1.6440337692
        0.7990561164       -0.9400927878        0.4412490846
       -0.5858137192        0.9031616701       -1.2564029505
        0.8311957071       -1.2776583124        0.1880424146
       -1.4245054242        0.9048331655        1.6973323522
        0.4992348852       -1.6727555086        0.3160977104
        0.1249218585       -0.9745130540       -1.2938554022
       -0.7606062636       -0.0281727722       -1.1968075621
       -0.6332970241        0.6468761945        0.1877480323
        1.7182356958       -1.3467721761       -1.3161384446
        1.4446779860        1.0821386957        0.7847693137
        1.1681898821        0.9116740771        1.0712830025
       -0.3377403675       -0.5681932123       -1.1190474930
        0.1391741409       -1.2295497320        1.3917986053
       -0.0338270373        0.4240524080       -0.7943877849
        1.3611799321        0.7738759983        1.2601909547
       -0.6148297311        1.4642483073       -1.0907576300
        0.6434273377       -1.2235459474       -0.2685161259
       -1.0641341392        1.6362747323       -1.6762119211
       -1.3623815853        0.8146904818        1.5381312243
        0.5866029758        0.4867311123       -0.7600110095
       -0.2507609480       -1.2021137593       -1.7182098636
       -1.0364618492       -1.2853326359        0.8613727754
       -0.9164244668        0.3626552084       -0.7490210050
       -0.6278763404        1.2135692168       -1.2188661500
       -0.0457515788       -1.1676613715        0.5258172161
       -0.9127084358        1.5467829691       -0.9502330381
        1.0732920096        1.1768205517        0.5121014195
       -0.9255790481        1.4349764355       -0.1724833245
