        1.5942237656        0.6572479211        0.0279909454
       -0.3158960958       -1.4906625422        1.4656339327
       -0.6542402273       -1.4508530091        0.6508748838
        0.7672469236       -0.7071639585        1.7280941330
        1.1554953830       -0.7560079793        0.6689617486
        0.3071111059       -0.5992929888       -0.7670240354
       -0.6752551827        1.6955919259       -1.2337347326
        0.5662383247       -0.6740000328        0.7174296272
       -1.3504894411       -0.6770016775       -1.3219725604
        0.2270284789       -0.8822550229       -0.6169648744
       -1.7052569914       -1.3428511349        0.1816592116
        1.2902338439        1.1906562160        0.7326181194
        0.3549360391        0.1873189192        1.6050152172
        0.6775313415       -0.6736190674        1.6917669850
       -0.6979781864       -1.5683086685       -0.3170780708
        1.0297675102        0.0986157432       -1.7312681502
       -0.7364720944       -0.6778876345       -0.3780652031
       -1.1824658496        0.2819930534        1.2728459087
        0.5314778739       -0.3062692736        0.3146025880
       -1.6852977441        0.5049485864       -1.0484766695
       -1.2725103456       -1.4713092632        1.0501520105
        1.3066310611       -0.7569735572       -0.9795064199
        1.3251793283        0.7940327646        0.1049501210
        1.6081052984        0.4709162671       -0.1314197448
        0.9605930247        1.2066120299        1.1597222176
       -1.3694392069       -0.6514202529        1.5892535493
       -0.3903524288       -1.1535237707        1.3027251152
       -0.7839625147        1.7225093489       -0.2146015154
        0.9999952731       -1.2279599804        1.5796875587
        0.3748133136       -0.8315877158       -0.5426328887
       -0.5079004493       -0.1525675147        1.2058299709
        0.2584719534        0.9524199877       -0.9004820304
       -1.5703872259        0.1727394393        1.1552781858
        0.1546946135        1.0669208661        1.3898729454
       -1.0462499215       -1.1031508185       -1.3065976312
       -1.5879442509        0.8809803786        1.6728428820
        0.9485929353        0.4861618275        0.3551881405
        1.5852055024        1.5211908803       -1.0947421660
