       -0.1537532272       -1.7168908059        1.6506318708
        1.6441193022        0.3160211641        1.2812404160
       -0.7628741972        1.3316619434       -0.6729966471
        0.5536924258        0.5461347422       -0.2457636494
        0.1826788460        0.9520313763       -0.8240474891
       -0.4779528071        0.6510439058        0.7480080262
        0.1952140871       -0.3060773649        0.2297951582
        0.8384122996       -0.2878920657        1.4571023299
        0.5739781045       -1.3405299643        1.1618140025
       -0.9865543887       -0.2972206987        0.8927558587
       -0.0513738787        0.6703757758        0.4589327103
       -0.9826683243        1.2424485235       -0.7698516978
       -0.8794778262       -0.3182525206        0.2277986832
       -1.6795605964       -1.5169555463       -1.1553580664
       -0.4254726763        1.0893334968       -1.2398877175
        0.0893150362        0.1059807584       -0.1270776043
       -1.0135363002       -1.0618797493        0.6482154917
        0.8710108409        0.7801841552        0.5891173423
        0.5002788596       -0.8088413529        0.5466715570
        0.6106694658       -1.5709481937       -0.0841907690
        0.9304834210        0.8121735488        1.6404709600
        0.8999289620        0.7300613171        1.6801658550
       -0.7068226770       -0.7481962650        0.7061059372
        0.4286223389        1.1299747899        0.1646759914
       -1.2722343171       -0.1078034285        0.0565177547
        1.5574003173        1.4772291458        1.5236217142
        0.9903550606        1.6348206083       -1.4757102076
       -0.5328647607       -0.0622337998       -0.6592740884
       -0.4896470532        0.1014063334        1.2414633416
        0.0385752171       -0.6522735527       -1.6862479830
        0.5507226349        0.4562195795       -0.6113735396
       -1.0020770132       -0.0418106949       -0.0017492153
       -0.0834293497        0.7640744954        0.2926350610
        1.6870483990        0.1271247100        1.1728955019
        0.2643036334        1.3167075634        0.2988159187
       -0.1823017117        0.4753297162       -0.4669682420
       -0.9545372079        1.1113751923        0.9633503092
       -1.1642935326       -1.6407959412        0.4900241761
