        1.3419376343       -0.7235403086       -0.2845482426
        1.2188687809       -1.5452981753        1.5325583675
       -0.7144303553        1.3717444998       -0.7831388346
        1.5220177640       -0.3622024053       -1.1693506239
        1.2389788319        0.2665078447       -1.5963271035
        0.1139576361       -0.0026193558        1.2044441600
       -0.3697320242       -1.5332696615       -0.3150559008
        1.3135589993       -0.0119654683       -0.7393917260
       -1.1092882048       -0.2112854101       -1.1168410652
       -0.3289100318        0.8627861074       -1.0543778885
        0.3492251511       -0.8197970162       -0.1857320018
        0.7152732297        1.4146905084       -0.8547838959
        1.1447406246       -1.4566234059       -0.8437257960
        1.4199701637       -1.6086090995        0.1167456970
        1.4668454693        1.0153777919       -0.6634692143
       -0.7300634754        1.2972807271       -1.2242458980
        0.8024199371       -1.4430159192        1.3306879290
        0.5053675902        1.5274393961       -0.4421985622
       -1.4274727616       -1.2263748696        1.2177051953
        1.5104512608       -0.1622531601        0.0353077032
        1.0098077144       -0.7408905828        0.3416152096
        0.6777599126        1.0551907931        1.3546710106
       -0.2778234853        1.4634156503       -1.6746692187
       -1.3511272972       -1.2103969386       -0.6988636030
       -1.5842408343        1.2899924712        0.9680020597
        0.0160138959       -0.9898688277       -0.5931461111
        0.8330822979        0.0588746764       -1.3694329755
       -0.6979028273       -1.3613129498       -0.5059219507
        1.1286877668        1.2425141443       -0.4826384633
        0.8962045122        1.2213302040       -0.6599980855
        1.3392392455        1.3868288907        0.8297806105
        0.8205061566        0.0905344286       -0.3415554411
        0.7011025572       -0.1549573065       -0.3399353503
       -0.3155990889       -1.5066027267        0.4348518798
        0.2296590756        0.5121662080       -0.0627545079
       -0.2640711747        0.8252928379        0.8715325652
       -0.1050824418        0.8131390702        0.8691984188
        0.5013137717       -0.9198234289        1.6262337698
