       -0.3245229778        0.4207918175       -1.5277028957
       -0.5033625142        1.5656135188       -0.7001347468
        0.9935035230        1.2097949610        1.1414385259
       -0.0374401558        1.4688349144        0.3884975387
       -0.8950541636        1.3739165459       -0.3534118422
       -1.4474219093       -0.1331774264        1.5202971562
       -0.0772504938       -0.3578864519       -1.6307203729
       -0.6776326892        0.6890557363        0.1879947411
        0.8439265396       -0.6139924268       -0.0494576715
       -1.2643186338        0.4602553717        1.0830205441
       -1.0821021816       -0.2859789540       -1.6227623651
        1.4179862870       -1.3171926832        0.1731250181
        0.2297437875       -0.1813966766       -0.1282295467
       -0.1568290035        0.3562676725        1.0159950293
        0.4680611207       -1.5556905367       -1.2407984307
       -0.6584099631        1.6294155863        1.4179995822
       -0.2075017774       -1.6409205368       -1.1326871578
        1.7247612644        1.5968375248       -0.4827863570
       -0.9235863978        1.2715972596       -0.2715121038
        1.0214105317        0.2382667489        1.1397825372
        0.5481409328        0.3669413872       -1.2385046908
       -1.7037663130       -1.5409299510       -0.5988527969
        0.1135131760        0.3673569858        1.1763904901
        0.6583543547       -1.5996110484        0.9464353231
       -1.2525709233       -1.4970518702        0.4546724539
        0.0477820386        1.7023552136        1.5786138355
        0.2084625063       -0.0679360126       -0.9040404649
        0.5882580772        0.6210813683        1.1400876563
        0.9906454795        1.4147817823        1.6530671536
       -0.1416205282        1.0046977119        0.0990925524
       -0.6300886689       -0.4161414349       -0.6039715844
        1.1227994735       -1.3613549161        0.8679537846
       -1.2709835306        1.6944617604       -1.6471614905
       -1.1807515748       -0.7860120751        1.3103271187
        1.6922774821        1.3213728364        0.5782017742
        1.5072061496       -0.7843490098       -1.5847503491
        1.4896921218        0.5982677037       -1.0010438078
        1.5584633618       -0.3784085704       -1.5348485408
