       -0.5413958957       -1.4021035965        0.3848112210
       -0.3502970338       -0.6459961172        1.0836820514
        0.9206502755       -0.4294950217        1.0907438784
        0.9580675745        1.0974181811       -0.6249854881
        0.1066162077       -0.2254451942       -0.4947039848
       -0.7622805900        1.6483691105        0.3603458860
       -1.3112110270       -0.8020545365        1.0825418847
       -1.6559975156       -0.9453752999        0.9114427136
       -0.9750018824        1.0293962347       -0.7727343637
       -0.4786294485        1.4597400000        0.6241140216
        0.6001627422        0.8014955706        0.6649368206
        0.4013331354        1.1956215221       -0.0788855994
        0.6697883451       -0.4164144744        1.4303706922
       -1.5360949510       -0.7517417722        1.1281416379
       -0.6811910173       -0.7987660539        1.1124615816
       -1.4673099754        0.0444751715        0.8355355748
       -1.3669505757       -0.4425480334        1.3853843614
        0.1846704446       -1.3228315351        0.5389805218
       -0.5286946475        0.0199064175        1.5818138267
        0.9541233111        0.0628207852       -0.6205897993
        1.7062336351        0.8197731746       -1.4349102436
       -1.6178744490       -1.6307949512        0.0784109549
        1.6777269234        1.6523408579        0.8867659902
       -0.9298714084        1.4943059160       -0.9512976586
        1.2588963484       -0.7676577135       -0.4729419069
        1.6158705345        0.1572070959       -1.5176361527
        0.8050047928       -0.8098504425       -0.4739964842
        0.9748044440       -0.8361246975        1.6179149701
       -1.6623489696       -1.0653561836       -0.7220553390
       -0.1393589358       -1.1975322834       -0.8357557707
       -1.2120778464        1.5908989609        0.9892345930
       -1.2350871039       -1.6391963754       -1.6219479716
       -0.2280038774       -0.6215428531       -0.2307456100
        1.6452052736        1.3108490414       -1.4506970193
       -0.7011405182       -0.0981286263       -1.7087765583
        1.6602836251       -0.2331128524       -1.0091315893
       -1.0639489895       -1.4508906508        1.2197966849
        1.6902851996       -1.0673089146       -1.3078982641
