       -0.0003937887       -1.1944578396        1.0673773196
        0.0226843562        1.1603318638        0.2110586505
        0.5701710834       -0.0283639679       -0.2285569909
       -0.0956655031        1.5601440100       -0.7850753007
        0.0221636256       -0.0462598080       -1.0171579375
        1.3469982873       -1.0299484934       -1.3465293791
       -1.1716544553        1.0961599195       -1.5298305349
       -1.4658321389        1.4212517942        0.0024733043
       -1.7171798747        0.4499282036       -0.1905075172
       -0.7840505866       -0.6394573922       -0.9608336118
       -1.6189189736       -1.1151904208       -1.1110464704
       -1.3052855292       -0.9071590560        0.2308520487
        0.8230337312       -1.2873067179        0.3313447952
       -1.7283949016       -0.3017778312        1.5552504093
       -0.0319851971       -1.2115984901       -0.5851965204
        0.2522931653       -1.1824699694        0.2216385926
        0.7532198443        1.0146810191       -1.3634246709
        1.1705891138        1.6137799998        1.4233855761
        0.4300250453       -0.8134336687        0.3330898140
       -0.1928833718        0.4147144368        0.8302725537
       -0.2218098729        0.4654825271       -0.5352446707
        1.2052778849        0.3097968576        0.0794595848
        1.3149679614       -0.1434224152        0.9895047063
        0.1771839582       -1.2996123038       -1.1966027244
        1.1880900077        1.2719880826        1.3179019270
       -1.5646181744        0.1365736946       -1.4752117700
        1.2484377645        0.7970208077       -1.0548572012
        0.5141920849       -0.4581152971        1.1540919168
       -0.4867859222        0.9292728087        0.2047973879
        0.3988104969       -0.5462559729        1.1470505568
       -1.3460873079       -1.3089580130       -0.0536549994
       -0.2443765351        0.2870848715        0.5119591669
        0.5965394982       -1.4233072892       -0.2286030868
        1.5093427576       -1.2605841829        0.8520324443
       -0.7531676734        0.9112164815        0.7302772802
       -1.6659818035        1.4294050207       -0.3217834325
        0.9740597638       -1.3753541921       -1.1131543523
        1.5386206947        1.3326364288       -0.1522305595
