        0.3974985643       -1.4936449104        0.1333014704
       -0.0899350062       -1.4617857471       -0.7555547230
       -0.1144893858       -0.8243961957       -1.6467115087
        0.6528042023        0.8704123089       -0.0179570709
       -1.3661925987       -1.2413964852        0.2482894657
        0.6543959477       -1.2835595976        1.6856485945
       -1.5210936347       -0.8759314012       -1.5725238436
        1.7003880744       -1.4292761536       -1.5335012491
       -0.4554429470        1.5378739707        0.0492015325
       -1.1893453981        1.1461960714        1.3996954912
        0.4537115879        0.1185555591        0.7882919311
       -0.4276493633        1.4867675864       -0.9901285445
        1.6870838291        1.0349594468       -0.0319482184
       -1.4127486771        1.3092135907       -0.8038779180
        0.5492612826       -1.0152773879       -1.0147925228
        1.3220643457       -0.5788967355        1.3856750562
        1.5055258225       -1.5854634626       -0.0206407159
        0.1269704833        0.9029704857        1.6387016834
        1.6184214280        0.4211071733        0.7048534521
       -0.3355742075       -1.6854610799       -0.3964271414
        1.3619036114        0.4852026729       -0.7798689559
        1.1440032775       -1.5262971582        0.8003246018
       -0.0042224962       -0.0509886838        1.3641169916
       -1.2961310125       -0.4382762724       -0.4983504848
        0.2945984691        1.2729193789        1.0430031456
        0.6830582331        0.4248750718        0.6474188165
        1.4991213846        0.3061219268       -0.0438538884
        1.2897889531        0.8013417972        0.9578773322
        0.5318813920        1.6611307064       -1.5157140270
       -0.3392011294       -0.6752955924       -0.6394773139
        1.5743019777        0.3976259555       -1.6085996226
       -1.0556630018        1.1876991154       -1.6662186385
       -1.2694756437        1.2352386255        1.0414271311
       -0.2754934395        0.7795989216       -0.8396690368
        1.4288659653        0.4960187484        0.9816333816
        0.2394499370       -1.5054832754        0.1063186492
        0.3886617972       -0.9246312272       -0.4159583806
        0.6004017969        1.5792492767        0.4439073153
