       -0.0124142435       -0.8000928916       -0.1681921950
       -1.3841003273       -0.5341357335       -0.1803070628
        1.1031391090        0.6811276677        0.3479985369
        0.2213769045        0.2364996355       -0.8207230248
        0.9067463643       -0.6352639971        0.6681086923
       -1.5931762182       -0.6896469577       -1.7146444653
        0.4812410494       -0.9917912534        0.7005524375
        1.5531503106        1.4065842005        0.0501498729
        0.2565049078        0.1607545001        1.5248218155
        1.3321875166        1.5868520787        1.4743614737
        1.4312353047        1.6041823150       -1.5409938474
       -1.6725016844        0.7760195523       -0.5208208950
       -0.8053758715       -0.1983768239       -1.7072615964
       -0.9464814287       -0.0993036488       -0.4589544565
        1.4083330391        0.3892972030        0.9927861461
       -1.1431274363       -0.2965721397       -1.1318554380
        0.2845270303        0.8981430415       -1.6535252154
        0.2416190779       -1.0766409882       -0.5099649825
        0.6911350132       -0.7940650524       -0.3529488250
       -1.7123779690       -0.4185003795       -1.7086776996
       -0.3437081107        1.4192773994        0.7734517116
       -0.3587548390       -0.3375248221        0.3085657009
       -1.6095990594       -0.6225104634        1.6889630383
        1.6805037813        0.0628362984        0.1045515358
       -0.8399055121        0.4774567005        0.2180347203
        0.2708679486       -0.1320974218       -1.4689361928
       -1.7319887856       -0.0084706189       -0.9087007132
        0.9647498637        1.3617481330        0.8744357803
       -0.6412934139        1.3213790856       -1.3982822512
        0.5871613093        1.4078828073        1.4187605983
       -1.0902509946       -0.6629158943        1.4487978980
        1.2490771191        1.0922208357       -0.7919718916
        0.8253039360        1.6979578551       -0.4613255977
        1.6854991313        1.5758248067       -0.7698602989
        0.0262379999       -0.0778607191       -0.2844875223
        1.5855697513       -0.4177747725        0.3036170969
        0.3277669131       -1.3704450332       -1.3514122461
        1.6122655669       -1.5169401638        0.6480904895
