        1.5643630081       -1.0113057453        1.5114201859
        1.3309634704       -1.6651843104        1.7154984830
        0.6652602855        1.0413483183        0.2078808925
       -0.8536555919       -0.8016065292        0.6377534412
        1.2998268072        0.2055314766        0.7463645922
       -0.4786122529       -0.8177596863        0.7916896026
        1.0376229475       -0.3921841500       -1.7058203562
        0.6582163123        0.3388162732       -0.2821810632
        0.2229102236       -0.2620174218       -0.4379482215
       -0.4979514382        0.2337644907        0.6201737861
        0.3128478373       -1.4773081941        0.5774329652
        1.5615594841       -1.1892895445        0.1819207496
       -0.6348006282        1.4681618589        0.8935018762
       -1.4243689319       -1.6038306677       -1.4968795462
       -1.6004181943        0.5204498567       -1.0903960751
        1.2537110222       -0.2757563599       -0.2209367030
        1.5367427325       -0.6846249690        0.6005587255
       -1.4073642205        0.3441630818        0.3837519640
       -0.0837876703       -1.7273513627        0.6732974044
       -1.1105013239        0.2333054708        1.0964132065
        0.3308199544        1.6699819059       -1.6989985260
        0.0592586648        0.9193568129       -1.4098920370
       -0.4140812716       -0.1026030408        1.2346062910
       -0.1979808954        1.0412842429       -1.4413378472
       -0.2161930043        1.1169500107        0.5660561107
        0.0193497632       -0.1659293347        1.6777555172
        0.1596299901       -1.0089739605       -0.5230556552
        0.5885641045        0.4012203734        1.2820177114
       -0.4935685380       -0.6513948659        1.2383139081
        1.1127998902        0.2498299743        1.3150195966
       -0.4726494796        0.1431336868       -0.1281890386
       -0.5894631647       -1.0479487025        0.1980335728
        1.2470981672        1.0848683511       -1.6485250810
        1.6865935377        0.2232102017       -0.8763177237
       -0.7097551343        1.5613526866       -0.8581710485
        0.1996797232       -0.5423662694       -0.6116388910
       -0.9659776249       -0.3195201979       -0.3065375899
        1.5723371533        0.0406551715       -1.2950282567
