      2.84127103883311038501      2.27681586207417607781     -3.10274928384581150098
      1.88596975703909941480      1.79699438850559323200     -2.89214131616482106324
      1.50887274348154987180      1.32710092390979350618     -3.80020704491515903811
      1.17432115961799832249      2.54801791163203805723     -2.55049223665665136807
      2.07540300113244002844      0.75096294819466480330     -1.80993568560285389424
      1.80861885969188840306     -0.43062461010238611836     -2.02451338237313205326
      2.52125496679260852062      1.18196439217337645466     -0.63096601904274640660
      2.76250200470990447954      2.16048297697147173579     -0.53888859206196282337
      2.86713217669229614160      0.30306678921062679688      0.50469241238278184092
      3.59545600015634647661     -0.43535745573599321512      0.16674559410819286831
      3.52639796918439873963      1.13191372244141663650      1.62015091013538903297
      3.85401601321978226622      0.45983534784674245932      2.41601043189072450801
      2.78742333862383828702      1.82173962148466728195      2.03342513187704598820
      4.64579130000863393946      1.87234564229807176616      1.13550701114304541939
      5.04786780104280552450      2.37121830461171168025      1.88113225293112340530
      1.67347360364322050863     -0.48203790825802445008      1.08972844744848096354
      1.86633118915991924602     -1.47283483943737514288      1.79972613403817338629
      0.43500901835703470466     -0.08313912308479259883      0.76679390371285682804
      0.34779872460241206822      0.74944112471762658334      0.19948487567451281266
     -0.80025342558685430561     -0.79638168280565091450      1.13281976708043297108
     -0.69033075222762307899     -1.15702402995515818418      2.15729089416979125104
     -1.97556108578207512139      0.20312758744078890372      1.12438170939927317704
     -1.72514067337690146786      1.04084230615569373057      1.77831242333453509730
     -2.84977011066026175712     -0.29611677794616697579      1.54461980984366475944
     -2.32566537014481600210      0.74504335982018377038     -0.27645498138001567412
     -1.43775086569659893421      1.19706253128847484035     -0.71980677486607513860
     -2.64520961638297924523     -0.07660390010997097932     -0.91881020972022497961
     -3.43268856061645477595      1.81045893020093351389     -0.24569736826955820841
     -3.12284707711001496833      2.62920699280300462775      0.40703662848552552012
     -3.55196130996856851425      2.20591512009187074028     -1.25642407081289886328
     -4.77815738419556446104      1.24261201888650241187      0.23437711961422555418
     -5.05198129726060596312      0.39713579468446780218     -0.40438826924699494691
     -4.66382374275091660110      0.86809841606622539789      1.25595301683940974158
     -5.85482886090918697164      2.26903207279244112371      0.19728509727527190898
     -6.73351488111809182158      1.88239259659874491604      0.51535126622831561871
     -5.99622820350035468095      2.61786033784306626515     -0.74101215985050006285
     -5.63261358310004300876      3.05505420684588635538      0.79300479845901306053
     -1.08957454471110271044     -2.05216604778157929445      0.27464598390566546948
     -1.99393818397343869364     -2.82671254613590061666      0.60465539456327188628
     -0.33948742080685495592     -2.26413095537349162711     -0.81488034724969993228
      0.38029992943254192772     -1.58197452208913991178     -1.02395498452795497002
     -0.48497142510836155349     -3.39429693771767837518     -1.72734927408663629933
     -1.48593472400859227811     -3.39660439863301411023     -2.16233419336820498202
     -0.32498021325812370685     -4.33084297023699171802     -1.19030931291291386387
      0.24994723621627834564     -3.31598204538728191793     -2.53000844425216575573
