      4.98395902460307738124      2.74406763619882454464      1.41728305360330941731
      5.45075763576451688408      2.04433665105932238504      0.72466063009356163072
      6.17050915765451080119      2.57654753703810923682      0.10313338045771659746
      5.96573929569405070339      1.26857332601136119088      1.29055775063919320189
      4.38334127648377780417      1.40874409824058832719     -0.14801171180686897855
      4.41330607232734006828      1.54017078668305495981     -1.37088908976846868271
      3.42962911329606123800      0.72350050381710617753      0.47980070015265191552
      3.46173587746769673146      0.67685013269870963892      1.49072114563307978052
      2.32076680403149815390      0.00843847005075572948     -0.17598438376619238155
      1.90280626181219680859      0.64433325308296152123     -0.95792800220395857291
      2.84259772846964242632     -1.27907064790871838333     -0.84333675726736234690
      3.17364463274462682563     -1.97421086629281439251     -0.06918196527981178290
      3.69936880354183461606     -1.03428573880926277795     -1.47325616160497752105
      1.84499566461037400877     -1.89994205995093934369     -1.65173163919909837816
      2.24214086142890245412     -2.67376325454652619129     -2.10988584129167966452
      1.18672899309301360660     -0.31676023228735583626      0.81985521919124992873
      1.39082323697434073750     -0.32381724786671345351      2.03970978038190553505
     -0.01382703043186564278     -0.60117586153739743793      0.29808461182086909425
     -0.09474225454439297311     -0.57007121534679483510     -0.71068782490418680453
     -1.23147928199064105037     -0.92077235369221432926      1.06829505899234922239
     -0.92798238686532608099     -1.27198641662495681715      2.05600318130107639902
     -2.04585803111171227187      0.37551163010636057216      1.27468326233011985948
     -1.40818972429990552087      1.11295508878570070799      1.76575507716968660432
     -2.87951869761237722045      0.16327543737786562317      1.94652464819009862751
     -2.59725747690279362700      0.98313787056006440856     -0.02794744288442522345
     -3.24427841700282204584      0.25903559926102903699     -0.52476680127038732859
     -1.77050830697406968994      1.23243871927864279137     -0.69452512646431208143
     -3.40335289990807243754      2.25642046349633140778      0.26192562314623013542
     -4.23596655813166034221      2.01207568606888864693      0.92488875895474387256
     -2.75803361673995839354      2.98598809391502584276      0.75567749039031573144
     -3.94388985861571894631      2.84898579669220897159     -1.04728254747925331181
     -4.57024585415818762613      2.10000926354957506703     -1.54161236770070009250
     -3.10096158840045266203      3.06970632507636720376     -1.70940516860814439859
     -4.73383618443810760823      4.08698035262039560678     -0.80905281445446541877
     -4.17064507705534204263      4.80160362956823849601     -0.36855384474681612827
     -5.08286757769388586325      4.46521444506226838911     -1.67949880530027639836
     -5.52996776799544953462      3.90433245892164348945     -0.21345731298689382682
     -2.06628165597032653622     -2.08408844661923886576      0.47589802703502820380
     -3.19213713403452237216     -2.33420530027034978104      0.91992640562052985231
     -1.52943790440790849949     -2.79492012880665052776     -0.52510887330515110261
     -0.58924740236329842258     -2.55648046083927615868     -0.81019977694343148222
     -2.18478250849730670780     -3.90793661451619023239     -1.20824287590567780448
     -2.40628135286583866304     -4.70499137291770708202     -0.49622813010079841467
     -3.11545152654144086313     -3.56892988411164635565     -1.66678562300580290767
     -1.52982159899030678574     -4.30153397054605068917     -1.98717652455856574889
