     -3.14316117611198464488     -2.05610450260438559766     -3.18994701424963666980
     -2.48774047029809297626     -1.19297933512570675241     -3.07784205859903092772
     -2.84816399245983253863     -0.38027884541392675821     -3.70805671961554539351
     -1.47796981993904985586     -1.46688905066984909276     -3.38194908129915372541
     -2.47655287612978058931     -0.75443440942604389488     -1.62573389294757619794
     -2.83806867198655154994      0.37764336660224107067     -1.30801529428282359291
     -2.04368940520513175940     -1.64448674451349852177     -0.73423558620545603670
     -1.79548316628880200163     -2.56936257751816299333     -1.06255390952936989990
     -2.05878202087712747215     -1.43970064525101526520      0.72811784990511063675
     -3.06922396419917031807     -1.16376790600308299695      1.03345401463731856317
     -1.68989962473327914871     -2.75578482019577908346      1.43661833310788322748
     -0.64053853024492923840     -2.97832569189291440637      1.23325087545415668089
     -1.80684494757380353924     -2.63069701623683238623      2.51512991028409782501
     -2.48496228808889174644     -3.85656618042754306686      0.99415103938893079061
     -3.40430013613288950935     -3.75039952110286334275      1.32528889319558196291
     -1.12385999180575368861     -0.31562811555503206273      1.22489659555180607775
     -1.26448514533896383405      0.15624875211814262532      2.35656542820757053391
     -0.19196822773226851488      0.15188828389499900440      0.38222468830697919895
     -0.12019955213238195380     -0.28929161736582031939     -0.52535963293143717046
      0.70318516416140408598      1.28749482218782240750      0.66420759664966999569
      0.96394392448048404898      1.27763417240201260228      1.72414340915715547098
      2.00317177988317807191      1.11190140080979271708     -0.14671136889413677329
      2.63786201933167152589      1.98527700823444441802      0.01483796359532782612
      1.76258043673952680130      1.05849704103225383811     -1.21042128815237703954
      2.79526405724663540298     -0.14100282526240184855      0.26462307896958164877
      2.20065042519292175527     -1.03445831931372267398      0.06900517202648411008
      3.01525054143650450555     -0.09124119132580212066      1.33225956320038463332
      4.11200505197594345930     -0.23963914137170558294     -0.51720715298935782123
      3.89283993354132817899     -0.28895863127121179659     -1.58583571962366920438
      4.71619681164462267731      0.64799328351181373353     -0.31851209937129071337
      4.88530690472175432859     -1.49541064523470224046     -0.09043204400812089594
      5.07656614024381536154     -1.44302140567347980671      0.98580136321257316734
      4.26091744028219299167     -2.37465155815312867205     -0.27660278527770498780
      6.17270366239585666079     -1.62797357369257755799     -0.82410801730360128126
      6.02057778826983547305     -1.69617335283939674184     -1.82114171606658037383
      6.67011103529246263122     -2.45866173741984583856     -0.53243838539542009958
      6.77498880346640675043     -0.83438833379461452289     -0.65273898080846137759
      0.05472072057982934473      2.66843369621039228079      0.39969340629928379327
      0.64197126598706422129      3.70020156797495936019      0.74376136057915476218
     -1.14500950918330746120      2.70570850122311856722     -0.19587026738429721973
     -1.56657016085471800793      1.81920411709625651220     -0.44682750753189803827
     -1.88930269588463395358      3.92158507378451703929     -0.51115646199908437719
     -1.30605692405722351168      4.55272315735367882894     -1.18394716787339726594
     -2.83081562883609993975      3.66103451837589011220     -0.99714146498994959966
     -2.10436897201023453974      4.47576528289443853481      0.40414218333676654726
