       -2.2277379401       -1.4093246252       -1.3015324064
        0.3964588654        2.1062434258        2.1681998215
        1.0474458980       -1.7029737606        0.5224725577
       -0.3744464266       -0.7737303138       -0.8071777829
       -0.7088872706       -0.5048817001       -2.1573214605
        1.1230817562        0.0471223989       -0.9277337064
       -0.8150721297        2.2411984494       -1.6238742668
        2.1709908703        0.9844357579        0.8369514858
       -0.2081554727       -0.6747148817        1.4907777322
       -0.3538503846       -1.6645917493        0.8624686489
       -1.2447334164        0.5392363476       -0.6934552523
        1.4914429501        0.4423757908       -0.2488180239
       -1.6795756125        2.0338991758        0.6462663647
       -1.5813031497       -0.4674278569       -1.5003382221
       -0.6038155610       -1.8685781842        0.8533827581
       -0.0112905688        0.6556665213       -1.0907734612
        0.4499029191        1.2755558717        2.3061393883
        1.7094239760        0.8148030306        0.8745039001
        1.3393703197        1.8537589495       -2.0731497973
       -2.1435436053        0.4585711315       -2.2264133544
       -2.0357999580       -1.5757878300       -0.5383281906
       -0.8198027698        1.2856393711        2.2058010889
       -2.2259843800       -1.6272980674       -1.3646155295
       -1.6473568810       -0.4433935008       -1.7200727974
       -1.0524868895       -2.2096385868        0.8051792061
       -1.8550605433       -0.5545230108        0.8650964630
       -0.2473671712       -2.2120606384       -1.2254112078
       -0.3897013311       -1.2615509483       -1.8004684455
       -0.5781089751        0.5515190932       -0.0545100330
        0.7585959185        0.8329198613        1.5151330883
       -1.9577004216        1.4233295314       -0.4224836296
        1.9185457665       -1.4145920054       -1.9866944282
       -1.2354540743        1.1408643337        0.1194224049
       -2.0465771541       -2.0710674964       -1.5344608631
       -1.1383827329        1.4688089546       -1.1845226832
       -1.8514403663        1.8591171407       -1.5834520996
        1.3151212581        1.8578551259        0.3763866566
       -2.0269910405        1.7074988339        0.1779692232
        1.1335533498       -0.2881286010       -0.7052182749
       -0.0147854682       -0.0694378421        1.6613489922
       -0.8702482614       -0.6025910325       -1.0692031791
        2.2746804345       -0.7828977305       -0.1808276114
        0.4797619657        0.9159515761       -1.0880145302
        1.3867698349       -1.2462134446        1.7868964690
        1.1584035915        0.0021519319       -2.0727399478
        1.8725321370       -0.4690373437        1.6821872376
       -0.0388771495        1.6334932542       -0.1804208268
       -0.9383446630       -2.1571482611       -0.1023084372
        2.2201786488        0.9649482713        1.4209902812
       -2.0057979845        0.1142125457       -1.4059555022
        2.1823063077       -0.7868002146        1.2712346295
        1.1846403361        0.7079469270        1.8276577310
       -1.3035033541        0.6102254791        2.0114719127
        1.3695289723        0.0269514363        2.1309455658
        1.8782901140       -0.2119106144        1.4785885097
        0.7286387461        1.3855426867       -0.4852351943
       -1.0022580993        1.4814966652        1.0911232131
       -1.7890118556        0.9173521732       -0.1206418275
       -0.1803249249       -0.7523763416       -0.5877854382
       -2.2127213762       -0.7572202297       -1.3266997939
        1.9207886825       -2.1416717772       -0.4479578649
       -0.5726380865       -1.1950357828        1.1901923657
        0.4296542654        1.0380846234       -0.6524099883
        1.7333606343        1.7954754125        2.1618320934
       -1.6481881470       -0.3129259739        1.8685431886
       -2.2045484108        1.8069982405       -2.1308955941
        1.3852672470        0.9002572272        0.8786533732
        1.0206220566       -1.4630274994       -1.8284129792
       -0.0183602720        1.2167583393       -0.7664587045
        1.5952687330       -0.7600480852       -0.9024882471
        1.2553689265        1.8120710961       -1.6307855380
       -0.6571270676        1.3994825012        0.5722238773
       -2.1681994408        0.2296476358        1.4838902015
        0.2973101398       -0.0322403094       -1.3827572062
       -0.4649063567        2.2041643494       -2.2999549597
       -1.7623044714        1.6817805927        0.0263030440
        1.4566919752       -1.9801522102        0.3301786358
       -1.9486810894       -1.6198560569       -1.5484671738
        1.5102040587        0.2274497725        1.3269599243
       -1.1974190964       -2.0218536266       -0.6405578388
        1.8623445454        0.3758536847       -1.7008551563
        2.0701971332        0.1857352965        1.0781100008
       -1.6356042252       -1.6696935289       -1.1196465285
       -1.2422794985        1.1618077122       -0.8403594414
       -1.3297460435       -0.0022595535        0.4430003458
       -0.9017702249        1.3418677073        0.2339360053
        2.1186851648        1.3027453378        1.2326642557
       -0.3340771732       -0.7786753969        1.6283679622
       -1.7512443982        2.2855254517       -0.2871487106
       -1.9985277539       -0.5060845701       -1.0258984701
       -0.6532887374       -2.0731309047       -1.7932859631
       -0.3938498127       -0.9389110390        1.9372385937
        1.3321068189        1.1067629254       -2.2230386307
        0.5398710629        2.0298928985       -1.1703677997
       -0.9310903655       -0.5394993234       -0.6625184541
       -0.8433406143        2.1691269227       -0.6903160087
        2.1942535590       -0.7562510245        2.3031727612
       -1.0960549356        0.9843342639       -0.6362921753
        0.6325570597        1.8871364597       -0.6565015985
       -2.2530861688        0.5646811944       -1.0415908382
       -1.0811463525       -0.0249013565       -2.1461780762
        1.0781044453       -1.0173285471        1.7938978069
        1.1323310258       -0.1778211408        0.2898517618
        1.6226784687        0.3107914194       -0.3463535095
        2.2605894577        0.3549956111        0.1553217056
        2.0604871886       -0.7570562315       -1.6123137525
       -0.8992309118        0.7931557606        1.8632937977
       -1.7908217731        0.1405645558       -2.1572778875
       -1.3669363796        1.5775805905       -0.1123348587
       -1.5000172006        0.3665954506       -0.6819540484
       -1.5497487759       -1.4880566939       -0.2983150676
        0.8686892990       -0.4590737599        0.7058534054
        1.9396171863       -0.3595491739       -0.2515767161
        1.8678914669        0.3012645077        1.0448067405
       -2.2267082738       -1.2023328962        0.9558509577
       -2.0458976376        0.7196260663       -0.3116690264
       -1.2310981182        0.7632202231       -0.2110393758
        1.1675751528        1.4482149365       -2.0019951791
       -1.2977120418        2.1002634693       -0.6634114630
       -0.6188993137        1.7684670801       -1.8547579777
        1.1454201333        0.5469328662       -0.3495651360
       -2.1961900724        0.8843974862        1.0287094139
       -0.0386431277        0.4407134288        1.7760562675
        1.4426141935        0.4959790896        1.4508927760
       -1.3323979939       -1.8875429991       -1.6602424155
        2.1214719314       -1.5045024885        2.2377970107
        0.0274408438       -0.0911954953        0.4112083605
       -0.6215971642        0.6343569932       -1.4036067584
        0.1646419795        2.2652539263       -2.1521860640
        1.3426586372       -0.2999059221       -1.1406304538
       -0.2749207458        2.3052563354       -1.3371047816
       -1.4567997581       -0.8927245541       -1.5738734440
       -0.5720080555        1.5804378840       -0.1467409834
       -1.9531647556        0.4752590585       -1.4056833317
        1.6389578173       -1.4727200225        1.3723039612
        1.9847169055       -0.4996854533       -1.9852795778
       -1.1134647540        0.4775108573        1.3842048542
        1.0412758712        0.3696495570       -1.2065122074
       -1.5104683250        0.2149666544       -0.1633191875
        0.7589705529        2.2420713527       -1.0131424158
        0.9448181093       -2.0608096448       -2.2475872016
        2.0717015902       -0.1017343679       -0.9819829004
       -2.0121078755        2.1878520118       -1.4835703263
        0.2402183596        0.5168874961        0.1161585140
       -1.9515140165       -0.2068310934       -0.6387033137
       -1.3092150202       -0.5754630792        0.6294546786
       -0.0033844485        2.2837418234        1.7478340294
       -2.1204841627       -0.5661385295        0.0304639121
       -0.1867651241        1.3725775791       -1.4771658519
        0.2648350699       -1.4422568557       -1.0932090500
