     -1.16719996553913074600     -2.89019918049474489052     -3.52329042039349493720
     -1.53629443665388598639     -2.50736241331907860896     -2.57231572522715046247
     -2.46710710247128250927     -3.01248081925852195795     -2.31539783598473958293
     -1.71788414360623531429     -1.43680394600546490480     -2.66220484606394913740
     -0.49942431973591533412     -2.75519835592930428803     -1.49309691407255118456
     -0.76932249693548293568     -3.43973225732350895711     -0.50734167832027277090
      0.69198976653003430037     -2.18483206003823804409     -1.66396100207582153807
      0.85793244382119371316     -1.67192599680610687329     -2.52036902129357542890
      1.85802290550961779481     -2.40641041448681747283     -0.78503970013287405205
      2.03071615965966634221     -3.48001198268415068426     -0.69859938040940461335
      3.11249904202775828921     -1.78339773239830390317     -1.42102630159506460039
      2.99827370796753811533     -0.69754268505514072096     -1.44052863418947540985
      3.98166332748068363401     -2.02833311195927112891     -0.80701871006524505958
      3.32275995001534329987     -2.26068367767350864028     -2.74921348944097099221
      4.14358373378899180750     -1.85743419691785383030     -3.10978162749914144314
      1.68862156637877514065     -1.86650460581465504895      0.65164492284336206218
      2.45328881012553834395     -2.23236635989604614849      1.54830897028007430372
      0.67161806195128181951     -1.02858107916924468306      0.89922758215764708734
      0.08881399890480663750     -0.75725292978728275806      0.11769086404321517370
      0.29911624945650955310     -0.53342582359257495472      2.23551077997390645891
      1.20574406063706263126     -0.37440716698873366397      2.82074510784342091796
     -0.43002256671362115714      0.81870453725470693218      2.08262336576937068244
     -1.34922819492614376458      0.65893764251334396853      1.51571403513261060425
     -0.71707733263670181412      1.17672813819502364296      3.07311528929118260578
      0.37638433888308259201      1.93365997666440403435      1.38995252468886065778
      0.60887353877443495254      1.63277163612699860451      0.36816823602758025347
     -0.25563958516288931566      2.82178586465334824140      1.34290176835624963658
      1.67534798042118548977      2.29375072229435827964      2.13193467079782461582
      1.43944735789885980282      2.45916437834036649690      3.18500131926572160879
      2.38451720791767929342      1.46653310910993806004      2.06842461996860782492
      2.33047095178276064686      3.57448876641665469478      1.58730115406350269502
      1.59501016878285750700      4.38460971078477257379      1.60988414299635218541
      3.14616262170354898942      3.85461346424181616754      2.26104323398048467908
      2.86785293550141284769      3.41184482625027740710      0.20776024441986082336
      3.31502894150571725262      4.26423342262838378502     -0.10365797060861395296
      2.13433332614720328024      3.19648217091861308603     -0.45355780734824968636
      3.55939225500049660766      2.67519525332452667854      0.16829771097640683353
     -0.55170151743986362014     -1.53575875256214167131      3.05335942670924476161
     -0.78455811206213044162     -1.31331127271345504681      4.24656983707757529345
     -1.01046265457880046768     -2.63417383599983079279      2.43850321081622389841
     -0.77905879296349833663     -2.74947050468340492557      1.45865619312219418902
     -1.81912724075301657223     -3.67382007349871164692      3.06853854344436127732
     -2.74933176130208289933     -3.24593465502335787320      3.44642454829910382941
     -2.05673871138132469127     -4.44846259530374954494      2.33779431089385791864
     -1.26913344628410240666     -4.12441293334674252691      3.89655708696198210816
