     -3.63050111806381892166     -4.62717508622947004682      3.65732324660468854916
     -4.05301361826436767899     -4.23278326241026281451      2.73347104158493081627
     -4.90871290333528786931     -4.83945475673001457295      2.43874148146063696174
     -4.37915803465078390388     -3.20560080114482959246      2.89364804343313197776
     -3.00950585837468453931     -4.26578617862961007035      1.63300208635199095575
     -1.87685069029732609636     -4.69219867593943451567      1.85311743669337025686
     -3.37969110032502850771     -3.79820081678092602573      0.44193457366332544733
     -4.33856517387085194315     -3.49615878934465396100      0.32291548596059865828
     -2.54214808251035728759     -3.84644268822070634073     -0.77330210771408713910
     -2.21555721559807539123     -4.87498956199707578207     -0.93386922456797871739
     -3.37804945383081900445     -3.41640294317972559313     -1.99249116886754262801
     -3.60923787040799171066     -2.35349145005188642443     -1.89858780016641937038
     -2.78948347485949499358     -3.55606548323918003618     -2.90166397483697968696
     -4.60279324050628524390     -4.14314874988207026973     -2.09959836310699632378
     -4.41094597672735488914     -5.07148951526133195955     -2.35937428008973926197
     -1.26443662320720329184     -2.98229787342141294815     -0.70282962602962273380
     -0.34357678012266584799     -3.16666140275948615468     -1.50353371212754338693
     -1.17363429516020234544     -2.06386027106256086938      0.26953159954936528608
     -1.97040926762130608196     -1.95408691584529226049      0.88316070350518760534
      0.01552267715064724329     -1.23558492422424692769      0.53511455061349144646
      0.50049975930619605702     -0.99911861051120909316     -0.41381812200342610319
     -0.43365061901532497846      0.09037527046837534606      1.18237671798237653498
     -0.96501627139548828982     -0.12762914924522231197      2.11028680858330952574
      0.45302607666735172920      0.67881675546040409763      1.42585618050487283881
     -1.32715320372851119934      0.92899437280654117988      0.24900835858168834935
     -0.81197554318291065290      1.06003771175123229220     -0.70372853728587525524
     -2.26344925995253376527      0.40199544475534604304      0.06022800165815213325
     -1.64730745235476727650      2.32087760196870895868      0.81583231852859605659
     -0.71301345251352066246      2.85197539267069366531      1.00890589851673095900
     -2.20571059903010446845      2.87580621797989399724      0.05936534152997425401
     -2.48076896637195964956      2.24800099466759029099      2.10525531170251012369
     -3.39298599194214034469      1.67805105557786915504      1.90324689586773865280
     -1.91091561682790755938      1.71025577014319218883      2.86883178572341712709
     -2.83600609600990249959      3.60229896416603789788      2.60904948431684413634
     -3.38385967836005008280      3.54031086188324195518      3.45682645123166754075
     -2.00851857375461451127      4.14426330194435621479      2.81793842618116707754
     -3.38156248015489024894      4.11435232653512983347      1.92916527803562387611
      1.08926130495043160806     -1.94907208302136969458      1.39273844923357548176
      2.19384075747753515273     -1.42056205074568686619      1.56079679653475777990
      0.78850496336289188637     -3.13924394164464493073      1.92977895920384256989
     -0.13586712322270280695     -3.51134333245265173318      1.74625023191580597270
      1.68715301667959227672     -3.93912682379811807110      2.75708575132606981128
      1.18498419706099222815     -4.85810838610968787066      3.06338544994303818569
      1.97334641023264056869     -3.37781602191520846645      3.64825556843074183533
      2.58457874027425882346     -4.19706164808813220191      2.19206824556770030199
