     -4.66257179835931534484     -4.09457258670097701270      3.64396752578606575312
     -4.96348394474989351721     -3.84673185135740292040      2.62632252735596694038
     -5.80704248590878790992     -4.47214342984865442787      2.33574598419503010049
     -5.26060634449161756976     -2.79945747283052703835      2.58101274144578196612
     -3.80784367412868096636     -4.08600930206037649128      1.67333369577156099162
     -2.72326229685185294827     -4.49254874366209211445      2.08771070932644242646
     -4.02394173016314837810     -3.81445882973647920622      0.38770928288546296914
     -4.93197222768598564357     -3.46223326669684539070      0.11059108302529614687
     -3.03904245858191401908     -4.03634536768302343290     -0.68842323673325167555
     -2.63776490972900035104     -5.04605350948862074745     -0.58565447195362707600
     -3.74911292383220784430     -3.96720265408324301859     -2.05299536968937346160
     -3.01694711810733151580     -4.08468781015577420135     -2.85460428665790244551
     -4.44763645849169098057     -4.80369840007142467897     -2.11472252865509791064
     -4.48215563440160735809     -2.75465900158836829448     -2.23440161908959078474
     -3.86834112321412559865     -2.03743938608304642202     -2.50516977500045445737
     -1.82270445099982847381     -3.08577819512493833898     -0.64434259942254512588
     -0.81793089706740695899     -3.32744883629455712182     -1.31952876768142512987
     -1.87175212595098550139     -2.03328063426096194988      0.18488494231774557641
     -2.73358844838834391666     -1.88006972400877336860      0.69156529486498052872
     -0.74640796796009356573     -1.12089708958976830289      0.45249233799235838438
     -0.18175818985324210253     -0.97602513965660531170     -0.47039196902323149319
     -1.30443195450617643871      0.24875724376166724605      0.89016417789722546150
     -1.91338278520206683808      0.11599033679098764982      1.78596843921894476992
     -0.46723691635139358302      0.90348258076906251546      1.13958495568258766362
     -2.13534149029407860354      0.92867161099397910196     -0.21418072321389619583
     -3.03042233852300668673      0.33997714979914550604     -0.41939846208362446811
     -1.53785898248470576100      0.97023481962815660840     -1.12609032516487594933
     -2.55662375799777663588      2.36133865268532971982      0.14814018053702421307
     -1.66404978181228568879      2.95459042739480448603      0.35697092942304409213
     -3.06125615837200948377      2.79632009655227609102     -0.71679937769354451493
     -3.50391829029657975170      2.40262882698058177766      1.35790333462896239958
     -4.37236283306877560051      1.77094133863491243197      1.14684277766400044563
     -2.98923445096336770632      1.98600926887862483383      2.22880668893292588351
     -3.95269942595463108503      3.78894238547582062893      1.65936072141017110226
     -4.45012762029566477651      4.19111299192047503936      0.87648154421323842822
     -3.16820482245308188141      4.38975824953931148542      1.87311482795911232735
     -4.57492015600454404733      3.80210910413778968575      2.45647178881874284073
      0.26429490725624033010     -1.67339756120436589093      1.48728123986893323583
      1.33628859114420084353     -1.08733682217022264993      1.67426269046604159207
     -0.05424055327644660557     -2.79109135333296620729      2.15460922794892884014
     -0.94920761289698218910     -3.21623281041097142108      1.94637696188093789473
      0.78664844153425927953     -3.44026934837624631669      3.15633376670230081373
      0.28177968200366371176     -4.32735067691506714027      3.54201222621210831676
      0.97939889429881255012     -2.75465153307373400438      3.98334720292427935107
      1.73650000290808237402     -3.73922040172550129711      2.70959708531539433807
