     -2.01443138942418853432     -5.68885493975450717841     -1.32950937676638214491
     -2.21262623272323999402     -5.06001442218677599527     -0.46210444708169678973
     -2.94502168144396359040     -4.29891893232965482952     -0.72944839195926969300
     -2.60740687197755027782     -5.67400507228545247784      0.34707875053769476903
     -0.92514695239332456200     -4.39033346286435310901     -0.02088362220713534459
     -0.47965313587869096157     -4.56921125718844312047      1.11165470036028635192
     -0.32847839439008730267     -3.59197221361090157643     -0.90576848630575945709
     -0.76545109396593202788     -3.47522823284233117747     -1.81105458564872878746
      0.96237558976644765885     -2.91458201484211265608     -0.65714977850472711118
      1.66863919835246976575     -3.64203075405009224497     -0.25402570965729820429
      1.55097046944750038833     -2.38407886391646561819     -1.97618932938577263059
      2.45996523723103610592     -1.82194285314181425584     -1.75419071300366180566
      0.83790761245694977966     -1.70264567634913976946     -2.44497977276912603628
      1.88666022537570055029     -3.43741200891323384070     -2.87929825909284087260
      1.06869584576495135764     -3.87967456874453420212     -3.19459811241165692053
      0.87836157463411324020     -1.77296680725199196083      0.37928725619617742471
      1.90676807503763523499     -1.29378691415262547793      0.86441578858838064026
     -0.33624638717545041189     -1.35644817955633456563      0.76480915056794362972
     -1.13900846885254836138     -1.77680828323335693320      0.31442927707548978811
     -0.58995417974535102612     -0.37429373842778401738      1.83294450323075430731
      0.22831745551086340962      0.34650794559175401854      1.85577912579323744957
     -1.89779121360874647451      0.38249917912606606896      1.51524622566957156700
     -2.72807575064522023212     -0.32562817532896687345      1.54571588863341191633
     -2.07283139462370868955      1.12455263744508160428      2.29642530857886839613
     -1.93295721284988908373      1.10532774507539799380      0.15505427424153639393
     -1.84186478021345934053      0.37606328661326215990     -0.65103414826054073483
     -2.90658276565699580374      1.58812434364865118219      0.05768066466642927936
     -0.83827582578559811655      2.17206960652006575430     -0.00088939247133756059
     -0.90026390606717965337      2.87511713017995607089      0.83235376045663722611
      0.14290089713379974801      1.69427082467128031773      0.00400502869447165889
     -1.02777453095852222553      2.92504355233669777192     -1.32562968367422628901
     -0.98037607890374067754      2.20681318692142491855     -2.15001655267699742780
     -2.02415562883695043794      3.37770167302120638553     -1.33426467392644276799
      0.00422878441137808803      3.97983286807602976154     -1.51621552408624937769
      0.93468008605241603703      3.58484525253855812466     -1.53085586969801878965
     -0.13549095458171045436      4.46665537349803898337     -2.39155134233720589876
     -0.03310933636907799349      4.66668729454468955709     -0.77531718911792635307
     -0.63014025958433594887     -0.99851120420881422923      3.24947352747549267349
     -0.71505011767330239891     -0.26726598852544425355      4.24217628340200292314
     -0.56404442366895946037     -2.33242674583995190929      3.35976175592028702965
     -0.49100658019692655643     -2.86575991388981288210      2.50241526415880111145
     -0.58824442294010814702     -3.07378017135017911343      4.61758249214037430619
     -0.52536256686208826494     -4.14419174269532319954      4.41549129969015385910
     -1.51613182493705966891     -2.86861155769939291105      5.15436083334203765105
      0.25864432036709678053     -2.78047949476448330586      5.24042491032538926277
