     -2.65785937667445404387     -5.61422142585826922101     -1.76278484455807071818
     -2.81748208642940145552     -4.91197646827708389594     -0.94516975191428109770
     -3.40297073507351122146     -4.06712019217280573713     -1.30651627893848876205
     -3.35801066111250801072     -5.40981352835796247547     -0.14046874402620435074
     -1.47649799644398105336     -4.41699456977251703194     -0.43752122742823290613
     -1.14122726763280857298     -4.59780864066765371234      0.73210352474917694821
     -0.70593579352983226727     -3.77153149464848258532     -1.31152122440677332271
     -1.03023322485602375487     -3.69043897957045174962     -2.26709392785073937659
      0.66965901797620808189     -3.31141190060712142795     -1.03457784178785061613
      1.25473126972615589558     -4.15578026428220592692     -0.66701545388159710903
      1.31880293916769053553     -2.81399131879186459315     -2.33901909746143088498
      2.36862555613403147348     -2.57766172344415922524     -2.15315931336524224449
      0.81508902922107107081     -1.89687282904465059907     -2.65082316572709997260
      1.22411161751754415938     -3.76953248398569851219     -3.39613825557841009228
      1.81480532535006422457     -4.53108436718306162305     -3.20327396906472783300
      0.76888585476582649303     -2.20443999222136310934      0.03741144259698454821
      1.85346924535223367414     -1.94433779570682507831      0.56529751638572667272
     -0.35516542589420529996     -1.56882715904901060000      0.39719146029105961704
     -1.20793327530994987207     -1.81986264243616280289     -0.08631178817732151898
     -0.44935554977643499264     -0.56762582436988606727      1.47331289361215622691
      0.48606673156652696610     -0.00878360796386106445      1.52177022370774328586
     -1.58990946281831213582      0.41822601608181270150      1.13965755461692186401
     -2.53596101399221263151     -0.12648693096435800753      1.14580353510043031484
     -1.64282288151338540239      1.17309624503313547628      1.92635795978930568495
     -1.46442772712177537997      1.14665196089596643780     -0.21221982333328578973
     -1.49190651986236333393      0.41983181818637421712     -1.02518680078690405111
     -2.33113942209247371196      1.80034441996213523396     -0.32186008406827754103
     -0.19019561111006982879      1.99621847664473062167     -0.33516900300803709190
     -0.13990039264736117697      2.69224173215466278108      0.50473502308046191978
      0.68682195204317453285      1.34695805830907278100     -0.31715757707772018748
     -0.21158182251545012975      2.78138236089029566855     -1.65460470761269395901
     -0.27891617835711307594      2.07299293038762799668     -2.48609697087415915107
     -1.10828595818613195867      3.40841904746277091220     -1.67700421306749758443
      0.99921008665041577412      3.63148383110591455036     -1.81351506168326426227
      1.84214490546288200967      3.07342876103906492702     -1.81499830868685863017
      0.96878862041298741126      4.14240892549954509150     -2.68573502883379910955
      1.07237315893671447675      4.30786189215840398248     -1.06567929503936764668
     -0.63473495151003678227     -1.18578058031435484843      2.88070118944459130361
     -0.59265442322549155563     -0.46116783848267056678      3.88103378735259729737
     -0.83084348584581746433     -2.50780464800891644828      2.97560272142738435619
     -0.85082537741152530764     -3.03774979065629135988      2.11222444877956538889
     -1.01924330057090295476     -3.24183694440496639189      4.22363733506683658447
     -1.16224812210804473445     -4.30202124440996858112      4.00896149093855047596
     -1.89828580268597235658     -2.86516585015830704819      4.74954171975975469877
     -0.14179924071726598966     -3.12472371370267332225      4.86201387949842089853
