     -4.13380336443119311696     -4.14939219171753315152      4.10410452220745813889
     -4.43189794591085473030     -3.97792189469249901634      3.07003439174585457394
     -5.24253438169716012851     -4.65768701034573062714      2.80942963675917001254
     -4.77498770733468269611     -2.94993964425796439954      2.95749960100974673693
     -3.25391607719205211424     -4.22139573868054540640      2.14589794652744103587
     -2.15994160650251165734     -4.55756010231333430482      2.59683292679717769857
     -3.46526595613760290959     -4.03609566689273258078      0.84384741739403279492
     -4.40042930986685831840     -3.79512788403890422018      0.54010721706618958216
     -2.47653399030046106333     -4.32661975551333721768     -0.21378904836282705548
     -2.13038372164437328493     -5.35471015793907234581     -0.09724321836447603895
     -3.14701204247876820119     -4.20408565668284861516     -1.59422227410964589822
     -2.44530912429045566014     -4.52569116383648761825     -2.36668911505651502480
     -3.38867361042722681219     -3.15434421903289363698     -1.77191057733889922865
     -4.34736519829979073393     -4.97199219417441007351     -1.68929889938073674038
     -4.12342029226899864369     -5.92889769741880634513     -1.70610465857773618836
     -1.21972866100530041855     -3.43019857320743515317     -0.17665807547583195491
     -0.20444354800244737835     -3.75627191038807861645     -0.79784666801556347604
     -1.25397473109330337415     -2.32085281410318300388      0.57551641533642983184
     -2.12153113958829475649     -2.10414154609461689915      1.04880815894327472648
     -0.10565202766749574870     -1.42698199933153202501      0.80588072404782762348
      0.49198008561659345439     -1.37640780975812271336     -0.10619235924544837002
     -0.62880774413952766899     -0.00866856321064880808      1.11091188786586880788
      0.22077184027916849085      0.63228529504059372002      1.35417346051806597451
     -1.28740340038094780439     -0.04402589168199055186      1.98112688602106756797
     -1.37901253962084813232      0.61796995196703341513     -0.07715461059938334698
     -2.25865760202128118550      0.01765483769841848932     -0.30996321835902446162
     -0.72064114410864010818      0.63299185600336937974     -0.94717598296281779735
     -1.81415316136994042573      2.05548849939594724390      0.24967965630815311395
     -2.49204055802520541008      2.05055145939089733531      1.10564752554066259016
     -0.92876897331588803564      2.63147181526978402033      0.52583579283114756375
     -2.48474412288140644733      2.75952761406454527560     -0.94192099411010299370
     -2.59221051970140248244      3.82023184570914775549     -0.69504780082467443325
     -1.82420262559352264198      2.69087285804583631332     -1.81170482441047142608
     -3.82377856649460667882      2.19604164085763109426     -1.26994790585606254218
     -4.24924809522234347980      2.70638291023630062071     -2.03268495302179363904
     -3.76071473512885390278      1.22746598527941985779     -1.55136550681098372984
     -4.44971905120295563307      2.25610209970797459533     -0.47803808535501057797
      0.85431020325946116500     -1.92449175636805791534      1.91430769855241988964
      1.93657511132304938073     -1.35461798726826621042      2.09234490317626953271
      0.48299452242404261604     -2.97841981127128008211      2.65371695329827739229
     -0.41717447752664532645     -3.39584160259307532570      2.44854410221133900194
      1.27254997977399231246     -3.56964130367391740961      3.73020026548936378674
      0.73040042169981500564     -4.41087669007592975134      4.16483990678675031205
      1.45791969874157256726     -2.82738546372086441139      4.50856708104335890397
      2.22736411739950002087     -3.92670586130237664335      3.34035833833087858480
