     -0.46668733907646237080     -3.37056468347975179967     -3.26472860591231706096
     -0.97092224322442355344     -2.89788956438367906188     -2.42242146122798995833
     -1.89121013860993736344     -3.43821088541111041792     -2.20177630891403675051
     -1.20924321950507573931     -1.86622634483125082738     -2.67941424647669457215
     -0.05684039104494729988     -2.91891186723945317283     -1.21187548034190495372
     -0.39819662127762545101     -3.48856112810156293591     -0.17637675189263735120
      1.10698115126893914528     -2.28179454762556943592     -1.32847349627815147777
      1.34002123977375919850     -1.87177899977628925399     -2.22377230442142748146
      2.17109054071518814411     -2.28931579918423810938     -0.30431296584167877306
      2.41197688961140288555     -3.32416379788023519382     -0.05750014492336390226
      3.44248491255408728406     -1.63728857736462662942     -0.87421026872834495247
      3.24914888513244459745     -0.57668839845975961023     -1.04907545464109497324
      4.24660652154208317910     -1.72502195043371608918     -0.14065120097620814610
      3.84841519739037618564     -2.25208448216243040108     -2.09628739648077377922
      4.67186621017696879221     -1.82014114512383873290     -2.41531761420971236021
      1.79041297524087239523     -1.59202331864870538780      1.01938072433511628390
      2.45644935253856688817     -1.78663391643470959025      2.03981053197381356767
      0.70395937913932504770     -0.80689202383935920704      1.03189494815849713838
      0.21135211041806184484     -0.67851490474140341291      0.15729796284778974069
      0.15118822218460264972     -0.15329002917770612191      2.23025720545308248077
      0.97037580165109882380      0.10008953435314769942      2.90447491776389288276
     -0.55494255265834646629      1.15279226456891836783      1.80507205689375549440
     -1.40456988785014935672      0.89747825305253980943      1.16861285903553957510
     -0.95641261781274800047      1.64341003755270143039      2.69302572978641485690
      0.32665808957986874894      2.16222263709251416586      1.04114338183876564692
      0.62506877118056414222      1.72268435148408727287      0.08859339057305365417
     -0.27987618290994964454      3.03782572772703662878      0.80836205650750403429
      1.59867303663870297115      2.61818643120700222937      1.78035765581888005826
      2.25406846610469324688      1.75644223787705211492      1.91595920474926706412
      2.13556512456064639949      3.32594975880336019003      1.14576990240634302154
      1.34698284824716862929      3.26394013951859518485      3.15514841994053085728
      0.77563059984998394825      2.57201161849301263018      3.78097269013209258404
      2.31552044349026386882      3.41770006699152606444      3.64133536224149612082
      0.63856926186402973578      4.57064468405996127132      3.05579082433916271455
      0.51812300517477216655      4.98431316057966711242      3.97113180887868510993
     -0.27948225861407138826      4.46735100356322067938      2.64559701962210258586
      1.16219031204620359965      5.22790547555337514751      2.49311283334441791126
     -0.79453083213754904790     -1.06311622761475632615      3.05189964905371535764
     -1.21851335269586891208     -0.67806693974528320368      4.14692780656474013767
     -1.12450671373023602939     -2.26014212849665252492      2.54876318307338589619
     -0.73605013329048185611     -2.50794867279531263904      1.64620638462133239699
     -1.99942443570859818003     -3.23232817432900088050      3.19786921564719950339
     -2.98748124486894850449     -2.79731921027829510962      3.35816239057047516425
     -2.09991567974854920209     -4.11623873458490940891      2.56609112524018545543
     -1.57833930934370414434     -3.53026532661980541050      4.15968240091647700751
