       1    -413.1366197           1
       2    -412.6834826           1
       3    -416.4384456           2
       4    -416.4328774           2
       5    -417.3788757           3
       6    -416.4606583           3
       7    -416.5635937           4
       8    -414.7221045           4
       9    -414.9924366           5
      10    -414.6218663           5
      11    -415.9066986           6
      12    -415.6933320           6
      13    -415.8969495           7
      14    -415.7461460           7
      15    -416.0094684           8
      16    -415.6698035           8
      17    -418.8158266           9
      18    -418.7830742           9
      19    -419.1568885          10
      20    -418.9448983          10
      21    -419.1261029          11
      22    -418.5120006          11
      23    -418.5918889          12
      24    -417.4149963          12
      25    -417.8425577          13
      26    -417.2867242          13
      27    -417.5171927          14
      28    -417.1350133          14
      29    -418.4085543          15
      30    -418.3339525          15
      31    -418.9393430          16
      32    -417.5977888          16
      33    -421.4270921          17
      34    -417.2554596          17
      35    -420.3786093          18
      36    -419.9943116          18
      37    -419.9979418          19
      38    -419.8408152          19
      39    -420.5635249          20
      40    -420.1774748          20
      41    -420.1793748          21
      42    -413.7638773          21
      43    -419.1875339          22
      44    -418.8383902          22
      45    -418.8547836          23
      46    -418.5093758          23
      47    -418.8940869          24
      48    -415.7699053          24
      49    -419.9381077          25
      50    -413.7083969          25
      51    -418.1883995          26
      52    -412.2179801          26
      53    -432.5285360          27
      54    -432.4974054          27
      55    -432.7232603          28
      56    -427.5498814          28
      57    -442.3336361          29
      58    -442.2926462          29
      59    -442.3770145          30
      60    -441.9671566          30
      61    -441.9850318          31
      62    -441.9632038          31
      63    -442.4524428          32
      64    -439.9105429          32
      65    -444.5682708          33
      66    -444.5576082          33
      67    -444.6112807          34
      68    -443.5460758          34
      69    -443.8501438          35
      70    -443.5298418          35
      71    -447.9203108          36
      72    -445.8962359          36
      73    -448.3892977          37
      74    -447.8159565          37
      75    -449.9013081          38
      76    -447.5811546          38
      77    -454.4730096          39
