       -0.000000000000050      -34.602207579841902
        4.354476897903060      -32.266204908038297
        9.360084699699900      -35.928144127378701
        9.360084699699842      -35.928144127383298
       11.276288767995691      -35.602517197200598
       16.602048417990702      -36.709183869100997
       16.602048417990503      -36.709183869100897
       34.311615103911002      -32.259869728843199
       59.041199794513702      -36.603929473335299
       59.0411997945      -36.6039294733
       72.2362566163      -30.6963195127
       84.5188125575      -36.0052301475
       84.5188125575      -36.0052301475
       89.6390966435      -32.3234336139
       93.8302299597      -34.5658036376
       93.830229959664734      -34.565803637565601
      101.901698737072849      -31.202072437232101
      111.149622457695230      -37.972810010173497
      111.149622457694932      -37.972810010172601
      115.891913746233911      -35.748619815232999
      125.090038742782227      -41.233876808604897
      125.0900387428      -41.2338768086
      139.4478271765      -34.3645542064
      149.1846761354      -40.6448843122
      149.1846761354      -40.6448843122
      151.8498938837      -36.8417334646
      154.3354572511      -40.6448843122
      154.3354572511      -40.6448843122
      165.4092437279      -36.5063561299
      173.1540418957      -41.7229924014
