-7.0497129 -1.1956236 0.7490399
-6.1690990 -1.8284651 0.8525576
-6.4579865 -2.7888029 1.2778554
-5.7161327 -1.9862438 -0.1254599
-5.1656692 -1.1600512 1.7656465
-5.4176479 -0.0606326 2.2595740
-4.0321784 -1.8253459 1.9843215
-3.9167059 -2.7159596 1.5218430
-2.9212689 -1.3590822 2.8224996
-2.9494408 -0.2690112 2.8774592
-3.1120489 -1.9149717 4.2419666
-3.0837688 -3.0056465 4.2235127
-2.3179812 -1.5491761 4.8943820
-4.0725011 -1.5878769 4.6427898
-1.5456026 -1.7548939 2.2419734
-1.4350784 -2.7134141 1.4697385
-0.4949505 -1.0194658 2.6323400
-0.6735999 -0.2685821 3.2857657
0.9051845 -1.2216711 2.2229400
1.4481277 -0.3365706 2.5590789
1.4926104 -2.4100934 3.0034058
1.0220548 -3.3400876 2.6822720
1.3235869 -2.2723069 4.0722076
2.5668303 -2.4751572 2.8259239
1.1402187 -1.2710856 0.6894679
2.0470264 -1.9564430 0.2049430
0.3230965 -0.5437617 -0.0841159
-0.4002165 -0.0058621 0.3715061
0.3402229 -0.5545472 -1.5529248
0.4743510 -1.5850037 -1.8870282
-1.0370313 -0.0831764 -2.0382748
-1.2082709 0.9509482 -1.7350591
-1.0838662 -0.1460344 -3.1263173
-1.8176048 -0.7186560 -1.6170638
1.4818046 0.2772503 -2.1866854
1.7966881 0.0788824 -3.3651326
2.1093269 1.1756817 -1.4112815
1.7840582 1.2535417 -0.4594132
3.1576323 2.1220256 -1.8273249
3.3525350 2.7690087 -0.9700434
4.4614017 1.3413842 -2.0789970
5.2977872 2.0314862 -2.1935881
4.6707846 0.6862959 -1.2319886
4.3742240 0.7395612 -2.9841589
2.7540499 3.0815911 -2.9807393
1.6087623 3.0921225 -3.4494769
3.6918698 3.9383414 -3.4107501
4.6024507 3.8890518 -2.9734618
3.4996856 4.9328409 -4.4680691
2.7088614 5.6316402 -4.1872495
4.4231389 5.4926186 -4.6291068
3.2199923 4.4394293 -5.4012997
