       1    -38.68228936          15
       2    -35.99448023          16
       3    -38.16340532          25
       4    -38.65879515          26
       5    -38.77472883          27
       6    -38.47256348          29
       7    -37.69725712          30
       8    -35.91391055          33
       9    -37.44236300          36
      10    -38.58500761          37
      11    -35.90380447          38
      12    -38.51167887          39
      13    -35.81344511          41
      14    -38.37529308          42
      15    -38.32435347          43
