       1    -41.72299240           6
       2    -36.50635613           3
       3    -40.64488431           5
       4    -34.36455421          55
       5    -41.23387681          11
       6    -35.74861982          10
       7    -37.97281001           4
       8    -31.20207244           5
       9    -34.56580364           8
      10    -32.32343361          43
      11    -36.00523015          34
      12    -30.69631951          63
      13    -36.60392947          17
      14    -32.25986973          16
      15    -36.70918387          18
      16    -35.60251720          20
      17    -35.92814413          14
      18    -32.26620491          15
      19    -34.60220758          10
