       -4.836624672535119       -0.591550572261948        0.515339361717030
       -3.991213111240992       -1.252243705542099        0.327494163573378
       -4.017247258111067       -2.084740483691982        1.029494087040468
       -4.043979992574219       -1.631806632213223       -0.692283984854281
       -2.706575324719816       -0.481211507699245        0.513536280806559
       -1.908000679348810       -0.374720773338970       -0.415585885357347
       -2.486977993670314        0.037669081751260        1.721527811092405
       -3.193686609658828       -0.100859059576070        2.429953502824052
       -1.336655454019890        0.886995443012534        2.056309216118332
       -1.360862271191563        1.766788898096286        1.411683501140207
       -1.502559430183539        1.357783945985541        3.506994115455393
       -1.489900745045148        0.502355046596696        4.184519810038775
       -0.685393909363099        2.031384436292176        3.769418408599072
       -2.446761483276469        1.892981149648774        3.618485361266484
        0.028750404497875        0.195645052641769        1.843366273369996
        1.006733516968242        0.855831995699883        1.483700730224718
        0.091647326144590       -1.133293932743300        1.995449010586281
       -0.741726569097947       -1.612264043120338        2.307017413421661
        1.295992128737831       -1.934662768594296        1.750879381191144
        2.127095392225415       -1.486774671019970        2.298838514698591
        1.051689715269955       -3.337875198724206        2.320665793411119
        0.226322657024026       -3.819659416247771        1.793808282103135
        0.813226888580372       -3.271348574406165        3.383263026562219
        1.951147773649157       -3.943552634690398        2.200962724263596
        1.705027592419755       -1.993838294820945        0.260200162887050
        2.886126141232310       -2.183281505392183       -0.045932186654775
        0.752466526310060       -1.804050672940526       -0.663214706514918
       -0.196792380561829       -1.665738754906304       -0.341167131785565
        0.990235399329153       -1.724645631376298       -2.108730410043314
        1.927692582372124       -2.228759604143553       -2.349801546422411
       -0.137515652823945       -2.484745137656517       -2.818670079626266
       -1.098790041153040       -2.009454798766113       -2.617552164797634
        0.041076852081182       -2.482924258065279       -3.894809994196834
       -0.165959938310034       -3.517635310425156       -2.468669268098852
        1.110025515210062       -0.270393738308716       -2.614784693985011
        1.896711403492898        0.005058549984684       -3.525753457293506
        0.362018917474983        0.666400865160108       -2.017472121110722
       -0.313790614028184        0.362796604616492       -1.325950154834105
        0.363787666220997        2.085820813761487       -2.387442616285721
        0.345991715179794        2.160236222316262       -3.476335771573647
       -0.930685807400466        2.712190190982411       -1.853435198866306
       -0.992135861740728        3.753533959502605       -2.172412935847882
       -0.944544481761658        2.673614160748668       -0.763781585793372
       -1.794539669898399        2.172974566999861       -2.245119914089563
        1.610077814254155        2.859187345076920       -1.895768429828686
        2.011384120690771        3.844679409897536       -2.524710328188283
        2.235037671374961        2.420989217415295       -0.793012519611391
        1.819962842240516        1.638181462143078       -0.300832610091570
        3.437431871566873        3.020184892479048       -0.214264287237939
        3.253654282387564        4.067844781293108        0.032688774187901
        3.717070232878828        2.487546665947709        0.696774075748799
        4.264535301900644        2.963356722621374       -0.924875799338455
       -5.113235527222584       -1.366244669846047        1.648941758104313
       -4.257787108223939       -1.974520014912109        1.357628803789122
       -3.988734970084479       -2.638999418179143        2.177827531438688
       -4.512381290792615       -2.564604383474438        0.477939124286258
       -3.088900506003325       -1.070857849587395        1.041675715642002
       -2.573085940491349       -1.091286344476794       -0.075086008236477
       -2.651407567809462       -0.291903732735787        2.031723544794791
       -3.133320581901876       -0.341547615357366        2.918206352730601
       -1.581750297446906        0.704879150549021        1.887991551647432
       -1.859975471229037        1.390413899365907        1.085375683791842
       -1.505832397207534        1.507948362849979        3.193174108062062
       -1.230518333436635        0.853465378532148        4.021907970771589
       -0.755739625543048        2.294394047616632        3.096926372287852
       -2.471907590788202        1.969707761194811        3.402616102552987
       -0.206610139104471        0.103864883657700        1.517046629244465
        0.627685390849392        0.790855236239574        0.922037054493111
        0.019740412679069       -1.185547750231811        1.800456753643914
       -0.699572294720216       -1.689270113117946        2.299812664235073
        1.244366005037323       -1.913722720581303        1.448138301259336
        2.097015644180979       -1.370840917969420        1.860252095493373
        1.182866714200637       -3.289427500762214        2.124424616135169
        0.340512913968004       -3.862860846439465        1.733795930153849
        1.070015575239999       -3.169238680764417        3.202963553383879
        2.106266618552357       -3.836313513837351        1.928311527772624
        1.477810175942314       -2.045134811706501       -0.076347576693523
        2.614250079092508       -2.258845986664713       -0.508550399051380
        0.431283196048117       -1.877971342194311       -0.897147800617352
       -0.481669630728636       -1.733375495721237       -0.483486064454729
        0.519410292032401       -1.840449413132140       -2.361853131895827
        1.271838821101834       -2.563439309756564       -2.681913251947822
       -0.831834510579934       -2.296963754740611       -2.928502817932371
       -1.610104090774060       -1.579393348699089       -2.665474918435733
       -0.769853239877125       -2.369861099978779       -4.015035477339781
       -1.092370579355693       -3.276994134378707       -2.526278650889791
        0.950265291343837       -0.463689526417053       -2.928799091471902
        1.173340203126164       -0.339951863520027       -4.137758406623020
        1.067342834701546        0.565237408026980       -2.078113716969721
        0.877911544579569        0.389113757038712       -1.099727965089813
        1.447911527346663        1.934133851817122       -2.436265936950147
        1.923343970710173        1.927189583477520       -3.418548727522931
        0.171009064354906        2.783845977340983       -2.563218963211090
        0.432054536804054        3.806977353311695       -2.838161081119905
       -0.381444160176221        2.787473046573861       -1.622126650023823
       -0.468364823698390        2.367826155853169       -3.343220206286051
        2.512023464645623        2.492802680313861       -1.460188486649569
        3.682135886923384        2.102422488023594       -1.540814718266327
        2.131856906762366        3.394778008210996       -0.543181600045813
        1.156168665459306        3.657924173452756       -0.528699523221559
        3.015040968441161        4.002849677667856        0.453032047737688
        2.458365446014757        4.719418379319652        1.060092740642748
        3.426961254920640        3.231990359832312        1.107692976369319
        3.837607572136639        4.523744338915887       -0.041490339517619
       -5.063117453692768       -0.796873603788769        0.481567620972216
       -4.221899726011895       -1.449893834508339        0.252323453121169
       -4.299258698440696       -2.362429321417046        0.842186534113725
       -4.231398243938244       -1.698455734924763       -0.808344576284338
       -2.933304776085655       -0.740284533502508        0.595004919476575
       -2.086927036243825       -0.538284082487077       -0.274296838906441
       -2.767211671384257       -0.383350405393891        1.868930584052201
       -3.512908267063954       -0.592868322965326        2.517521991865109
       -1.621136766349354        0.387566527616272        2.368995858045252
       -1.574735872041303        1.327561823461520        1.816351397824023
       -1.882063133268888        0.717091081085788        3.844464311968350
       -1.938492779767282       -0.201579671491678        4.430823674264968
       -1.071203682294686        1.336329549570788        4.230946924692711
       -2.819358370865665        1.266840710860872        3.942710036183782
       -0.259463943883585       -0.320992642052334        2.184296953641781
        0.771224944263896        0.344518397453058        2.055238234805994
       -0.248055774974196       -1.657862831842894        2.105800828762863
       -1.122778326937425       -2.144762887669423        2.242754256012422
        0.948573608282951       -2.462087070398538        1.830098449885744
        1.749384335920241       -2.128125985264548        2.492463056033470
        0.623109274578821       -3.920556727281441        2.177972243818566
       -0.171267194317790       -4.293414125830785        1.529248268969880
        0.304262770618924       -3.992425964334012        3.218927047527695
        1.512246656187444       -4.537701631900774        2.041155970159723
        1.469784402868484       -2.328836634378256        0.378006810237335
        2.631522746002660       -2.650766156258590        0.110634206016200
        0.634830509832815       -1.840638113001954       -0.550041726180406
       -0.311106393660878       -1.619504331608483       -0.262626207724732
        0.961818539742168       -1.609736745414418       -1.963382251627941
        1.949725826848686       -2.022237672490724       -2.173402714604561
       -0.051827854405572       -2.391057090941739       -2.811486228951169
       -1.055240355035038       -1.991432917473981       -2.657201591197708
        0.206609394163376       -2.307109188930859       -3.867797333593240
       -0.036485395706588       -3.445074453846712       -2.530579713915048
        1.026961603242909       -0.110849527685051       -2.350559653987387
        1.272118244358340        0.219247287351460       -3.516057413303718
        0.810057200422171        0.801646928457685       -1.395280514047791
        0.640725380909909        0.471583060850994       -0.457653624733852
        0.831099113400059        2.251685222734580       -1.605334101003419
        0.300298824656207        2.470324919424563       -2.534215456252519
        0.053228359306572        2.917673118969644       -0.461853405464230
       -0.007976934877706        3.993164449474431       -0.633476663101134
        0.558457733963635        2.738971931650054        0.488417155913702
       -0.958733632239078        2.512294219068671       -0.415968350114570
        2.262398937001698        2.822003180642800       -1.744911433379482
        3.238515229230005        2.235170950318841       -1.260681148546043
        2.384657956033045        3.989650144115777       -2.391416624851312
        1.539851269231386        4.415172587579457       -2.750092926847017
        3.648195282140854        4.694490576086949       -2.614559820443646
        3.469917481619470        5.617935465705946       -3.169098604665579
        4.113773688453404        4.942367962561203       -1.658327698564015
        4.332603270206205        4.065901914043572       -3.188194166074161
       -5.548411455257654       -1.959689691842883        0.565929594902542
       -4.585023229146921       -2.424387912153991        0.359557793555038
       -4.437587694342114       -3.268367758219174        1.032316105793127
       -4.561140011885009       -2.771649918753131       -0.672771822913222
       -3.486153336740972       -1.411027743958595        0.579729712306083
       -2.728657230214228       -1.107343132740857       -0.340865213941459
       -3.380224487247400       -0.902051438057946        1.807651338198131
       -4.044233336259329       -1.209740432007200        2.504008330617432
       -2.426387659616948        0.148980754707558        2.187418354774679
       -2.581656125057295        1.005079145933508        1.528284467128729
       -2.754866393159543        0.587541118453926        3.620679341737029
       -2.611455859398455       -0.245497811602441        4.310905002305063
       -2.098238929405655        1.408363877005512        3.912892181072613
       -3.789222856772249        0.930030585946720        3.677159158845180
       -0.942977228312121       -0.266656055939564        2.052438186033412
       -0.071299249894286        0.591691174500613        1.890550564347800
       -0.648490656180957       -1.573239140514412        2.058618149313009
       -1.406923434370778       -2.223446431838568        2.208442239402311
        0.699191225657358       -2.126431869881799        1.881484690464649
        1.363979943405054       -1.645691582931735        2.601574831826805
        0.638553072962604       -3.622597699253106        2.216348353941906
       -0.015437146872646       -4.138965844007403        1.511646952575810
        0.260333758669785       -3.762044833038155        3.230224902719052
        1.638724604265503       -4.053856811917916        2.154214576520775
        1.299814681433642       -1.885420135286846        0.475044955642729
        2.516078020259881       -2.000655631077906        0.297656554866992
        0.476633150107099       -1.519759838960272       -0.517854658419818
       -0.515537212955192       -1.469815763938837       -0.321976159545434
        0.912214483078777       -1.188504357972028       -1.880006703369442
        1.679226683189064       -1.905820196735733       -2.177776489122936
       -0.288647077198723       -1.377640606231222       -2.816875748327275
       -1.067814158379797       -0.652498347182326       -2.578009400198034
        0.024750193455169       -1.233047090777087       -3.851587053505333
       -0.688988873544975       -2.386908577658710       -2.710559694673366
        1.537872123110966        0.222703073131465       -2.024330530060511
        2.074540892147276        0.531758465422436       -3.091268334254146
        1.453946723557140        1.056669210674272       -0.973118115555800
        0.966111257346964        0.689692030075024       -0.167729758228795
        2.012070760002317        2.408965788497970       -0.789405033034001
        1.172769895100080        3.086973577571715       -0.623774870657876
        2.836018456939578        2.391019093860091        0.508001968856775
        3.235165989463648        3.387220956948554        0.703622186677512
        3.663661064430265        1.685530947933104        0.419160811128353
        2.205326934916894        2.097358072066013        1.347641695941086
        2.836876826677571        2.988617051230531       -1.968475784105181
        4.030896797746721        2.699192732405179       -2.122859744877106
        2.202623611472919        3.844598149625988       -2.782758100544977
        1.227749276601484        4.035537119248207       -2.592740334937934
        2.811601060269440        4.506699763713069       -3.937482138753295
        2.079160879851741        5.147633048398145       -4.432182252474013
        3.656554663143443        5.119617011674164       -3.616691235882688
        3.166926912950868        3.761283705456093       -4.652103824111975
       -4.205609275775951        0.679908972482227       -1.033878632467780
       -3.502724402100655       -0.150760433212398       -1.083665545575866
       -3.997452812511713       -1.065944711103151       -0.760847586368914
       -3.147814538484220       -0.268168172207819       -2.106931992642128
       -2.332677960475731        0.132695300436447       -0.173502832008265
       -1.193281191047037        0.191511513780626       -0.631647943303040
       -2.601538445077165        0.288527101458908        1.122450851811614
       -3.566073245562113        0.221550910234691        1.415383626749852
       -1.601769744489091        0.659690647590263        2.132658638037122
       -1.150314950117605        1.607731015693167        1.834237337602882
       -2.333726407554907        0.879377449037935        3.462943213412887
       -2.803671292894755       -0.049047161880450        3.791798957861806
       -1.622876242703087        1.206832466260696        4.223076786614785
       -3.098076578609136        1.648813242389493        3.344034103726689
       -0.456043640293496       -0.366854716711316        2.283771163597215
        0.673707623407542        0.010675150832207        2.605919080267837
       -0.713165888973764       -1.646901564314976        1.984512656930852
       -1.664258472868788       -1.891187087848931        1.745816810249222
        0.293733674981703       -2.716298487608982        1.967800260461201
        0.856012905783894       -2.675380068016429        2.902500187386392
       -0.448762205238249       -4.058074413872420        1.918859426044509
       -1.018368029921051       -4.138642952349843        0.991527989137297
       -1.127792787692425       -4.138548353438915        2.769055864100090
        0.269936309788607       -4.877427470384961        1.966522635830692
        1.317254381790167       -2.591531108011716        0.811902114520785
        2.386682199079962       -3.206357932079794        0.864964537344873
        1.009744809320348       -1.783222637113157       -0.211320074612056
        0.098986092278188       -1.339182004186517       -0.198246351681014
        1.864143241639552       -1.474234963108286       -1.364239091009562
        2.828785561498072       -1.966811400117547       -1.233407513980794
        1.201622485302432       -2.072038426559114       -2.614579132139181
        0.246975606553556       -1.578233287890091       -2.802649555713245
        1.851136031100241       -1.937002465419795       -3.480280387682923
        1.032068172341415       -3.139838181096525       -2.469443240931200
        2.169379585828071        0.040090399960934       -1.499531273337082
        2.587018680753807        0.500757260009565       -2.566939554863594
        1.947394838346338        0.818491297566654       -0.428668313658111
        1.642255102472113        0.358696053734762        0.417498592920044
        2.079591477441760        2.281870673433489       -0.372142504922256
        1.627353325455235        2.586584813402736        0.573161225354976
        3.568473582347397        2.656576051624209       -0.277517978106343
        3.668797770624840        3.724266235313649       -0.078840960715561
        4.076078640560506        2.420061570552816       -1.213238493255488
        4.039359935333220        2.104576062921995        0.536961056253833
        1.279803092895927        3.051837452552708       -1.457889594106605
        1.698268589042963        4.121802430265449       -1.916476969731408
        0.125871729249056        2.512523193594516       -1.878066323404294
       -0.162240672383145        1.637778252186451       -1.450737200958180
       -0.753793415731211        3.087486187236216       -2.895406596291940
       -1.627109983287016        2.447788276026403       -3.036750098598273
       -1.089159848103850        4.079275237217159       -2.585295622397657
       -0.222133113320761        3.173912580736773       -3.845215751754682
       -5.247353347730995       -1.307337261107966       -0.500757814180264
       -4.346605560749636       -1.919768554157080       -0.485576524734305
       -4.470774575856367       -2.730284526766139        0.231563134887651
       -4.170091737345454       -2.333693968064048       -1.477734917761419
       -3.170240111506706       -1.064873878886572       -0.075758976062967
       -2.205137156396927       -0.935953110058004       -0.827754997221728
       -3.235159711219381       -0.497216330358205        1.129125016646717
       -4.065222559015817       -0.658746053154057        1.681811663059215
       -2.225751497370261        0.427477927196584        1.662577068151828
       -2.119046211850402        1.257478516816529        0.961697317423379
       -2.755622929523446        0.990236789382303        2.988064291267529
       -2.877325964491422        0.186369940264417        3.716044090353953
       -2.051259203585996        1.723873893476717        3.383018213565653
       -3.716994925436212        1.480173098754817        2.826402364144153
       -0.825138475041435       -0.203208498747348        1.839264593085559
        0.182630336870179        0.508897082712897        1.809125328587617
       -0.741276718571073       -1.534653634825263        1.959800418750780
       -1.605183570710998       -2.057508380629499        1.989515286191367
        0.514920082476091       -2.285867848030337        2.067793854658511
        1.091112434215453       -1.873325503469396        2.898085727996399
        0.163461497564780       -3.740039466624825        2.408096061149299
       -0.412588899675450       -4.187282968276853        1.596234570370415
       -0.420554250558757       -3.776046486153199        3.329001205023247
        1.079387680846571       -4.314922885400568        2.552347728815358
        1.406313498349522       -2.201773622634021        0.805186771612656
        2.614883090213632       -2.439337519070566        0.888504778451101
        0.840059635645791       -1.826985480650761       -0.350642983601218
       -0.160836097287614       -1.673162736236250       -0.364631083752782
        1.575076745113338       -1.588823972751010       -1.598832165266903
        2.373252710823488       -2.329365844300655       -1.675774114658022
        0.609795776897252       -1.826399280086432       -2.768002878751922
       -0.185349790309539       -1.079880275481777       -2.755062009731610
        1.150113638882302       -1.751689919229489       -3.712547843069057
        0.172059117336010       -2.822851812480315       -2.693148629988185
        2.247609546989189       -0.194184251165620       -1.679177624282630
        3.011167505418368        0.054251904991827       -2.616225076579711
        1.983311000612817        0.688373963310727       -0.701817846942651
        1.370603233659955        0.366321343963372        0.035767770920750
        2.403788878233281        2.093977172530289       -0.599043336745258
        1.914294218424163        2.484995079944187        0.295038782065262
        3.910570904038395        2.173542714903961       -0.307151497066892
        4.189445613320572        3.209164937645971       -0.108555684519839
        4.482865891083099        1.812615784741944       -1.162203881110505
        4.151940613255100        1.569247727791228        0.568360081158806
        1.946968421615416        3.002064491816782       -1.769644040779368
        2.433525008835956        2.905871593779227       -2.901880455688759
        1.024443113817973        3.931119527636950       -1.479779544802165
        0.677251211927679        3.966412260970918       -0.530336175482663
        0.477058156201768        4.895173113314557       -2.436272019222893
       -0.004974058973530        4.370686701695997       -3.264018105295118
       -0.261443916580966        5.532491851752091       -1.945864021379210
        1.276022007120237        5.524366449401956       -2.834231869659142
       -5.377045072282692       -1.791708017663075       -0.270637987226941
       -4.431060271134660       -2.331690203682096       -0.284202880269857
       -4.464408471081989       -3.140686440273289        0.444533598534426
       -4.259756726068493       -2.742568842668671       -1.278538503933488
       -3.310937334633368       -1.382586797145773        0.072650942175066
       -2.387645260656085       -1.187857513083378       -0.716750071235443
       -3.375438852813393       -0.807355012278223        1.273996415244300
       -4.169098494259661       -1.026983744377284        1.859136407186180
       -2.423366636943879        0.200243066390797        1.760942816194022
       -2.406737110719712        1.026510887783203        1.047850343603054
       -2.949298238005657        0.737762617066198        3.098427102529202
       -2.981451208848872       -0.063171020989616        3.838980676221715
       -2.291699719272676        1.529804510516999        3.459744913106283
       -3.951436204855121        1.148402889797564        2.966177297985837
       -0.971802615984961       -0.315902797189138        1.894157835970162
       -0.025587594607609        0.474665725083723        1.835302244183511
       -0.777830096743661       -1.636126784573100        2.011361221695755
       -1.595705068685996       -2.226469979441095        2.066535312493478
        0.537037372975096       -2.284390740226346        2.078881235394778
        1.104423544672967       -1.825413401826998        2.890646445890533
        0.313821535292272       -3.761283231594938        2.429537751762089
       -0.249823787661583       -4.254821688337780        1.636005072673141
       -0.236238242539530       -3.841904534634097        3.368349560414251
        1.276837386153264       -4.260834809491767        2.544669910607498
        1.378720324093723       -2.131860990430812        0.788791425900995
        2.603350713837868       -2.282478183152586        0.832030403723984
        0.750476360363318       -1.795837299198955       -0.346673797850645
       -0.258643244238825       -1.713890948700119       -0.329021055753125
        1.428885248490781       -1.498999569324845       -1.613740722169542
        2.254349535325919       -2.202477670404269       -1.736697861256753
        0.432227378454276       -1.748264625709942       -2.753314862593914
       -0.392962799501040       -1.037651299098156       -2.690853943863221
        0.933779448966765       -1.624426022229998       -3.713907014073458
        0.040733605168611       -2.764569655825417       -2.690646921388782
        2.035601019376664       -0.074641269775037       -1.684107186809336
        2.794603922626312        0.216519851162736       -2.614945062939619
        1.728040117922410        0.793146397174846       -0.706097341716135
        1.119291478588171        0.457385115459460        0.028248293271284
        2.110534743394761        2.211426584354575       -0.627624550323490
        1.595746211768707        2.621938585620565        0.243016531813199
        3.616199822638213        2.308180732199459       -0.318213119184444
        3.882610282522295        3.333777107058757       -0.061170585000893
        4.202033972196317        1.998579745124254       -1.184255730319973
        3.862577090387443        1.666874953474399        0.529398457664643
        1.647032452152102        3.083993955601189       -1.826234134324675
        0.967344248484562        2.617710415132156       -2.749212257776079
        1.975548613488179        4.383602676956605       -1.788884502569575
        2.518445321195288        4.703848704490687       -0.997964718774663
        1.613863970131436        5.370680963239129       -2.807994173381447
        2.022997903962406        5.077012063881114       -3.776991534066776
        0.527446329727630        5.444077704545041       -2.890929541964746
        2.013413397181699        6.350707641213313       -2.539762155472322
       -6.123085121762394       -2.162923665589098        2.364992403638291
       -5.335583284066095       -2.755006122801829        1.900240972563280
       -4.831167121906379       -3.349005501460376        2.661409874109259
       -5.770176487504804       -3.415466578588262        1.150722107642912
       -4.336793993094090       -1.828873227410644        1.244772678158547
       -4.123174704655429       -1.904167739969407        0.035253145319838
       -3.716425528780786       -0.961851921914255        2.045461700457306
       -3.968180316670100       -0.961091527163511        3.023865572172463
       -2.750025520570107        0.044658446016735        1.585177457194011
       -3.141075494585166        0.503054060805575        0.675016629516450
       -2.664063385841049        1.137849007575678        2.659272246636997
       -2.267275510169143        0.722558536554273        3.587084905033703
       -2.005542800624005        1.937863514005627        2.317880765788387
       -3.654681241639636        1.555833004818132        2.844559104354673
       -1.352317920131353       -0.522426696317024        1.236917938771699
       -0.569360548797086        0.169551106189076        0.585247384896169
       -1.054687210482114       -1.756741204894245        1.670823468445606
       -1.781884250268588       -2.197393023248043        2.214749347733841
        0.142998732278140       -2.589357742624205        1.453683418858480
        0.537654651563914       -2.831050628257785        2.442207415794340
       -0.316519858902374       -3.916577342281810        0.829074179538686
       -0.788887666942005       -3.740132027827167       -0.138488889614117
       -1.034231302382939       -4.407283043138447        1.488215703234158
        0.541291695476019       -4.577436586679054        0.694598420011923
        1.331381139980156       -1.972451568099463        0.672397342565366
        2.375490263508715       -1.681844145579092        1.264224949277442
        1.199114197459715       -1.799083343479976       -0.649605015147156
        0.311511191887613       -2.038897418637222       -1.066894098125813
        2.282943033837070       -1.382731195365423       -1.549952412332219
        3.175320028521371       -1.956807936463560       -1.293967307071175
        1.873640613386054       -1.769221683434558       -2.977531132265043
        0.988405683780875       -1.206576424253162       -3.278296250341917
        2.688227224263671       -1.544187829344888       -3.667246872033033
        1.658575897672879       -2.837685548233178       -3.027489031979571
        2.674011608276522        0.113619718700186       -1.460520094535896
        3.729783580510464        0.496214598814959       -1.977157451736943
        1.854320846469182        0.943038300601508       -0.799480860622823
        1.026219275732700        0.527765679378166       -0.388124395417421
        1.977798745740248        2.402856495114001       -0.672586316964624
        1.076400881401685        2.743707395374283       -0.160096127304883
        3.153010464506138        2.726864009849564        0.268663776997456
        3.142740602469646        3.784492153817402        0.533541222867533
        4.101822774009328        2.494058668197788       -0.215722731412127
        3.065470907624507        2.142231946309752        1.185712476170999
        2.003275780041172        3.180219560586670       -2.017130276093347
        1.890146365052696        2.605246408189128       -3.107163933367131
        2.103711294416233        4.515243258505267       -1.939519301558053
        2.176530246157983        4.923492020177587       -1.017108479205405
        2.122216224179418        5.424063703788567       -3.087293370377733
        2.964350520943328        5.186488012726781       -3.740707708712946
        1.195372578321225        5.328634099515806       -3.656872159390666
        2.221402520306963        6.456667767443139       -2.746812392139726
       -5.460358290412637       -1.242406201466889        3.978438087179361
       -5.032301041611302       -2.064116167330636        3.405479038879201
       -4.290902043823294       -2.582074024901133        4.012683375350665
       -5.820982716880729       -2.759608385452184        3.120632084807067
       -4.367012910399676       -1.513056617678648        2.164941046625139
       -4.742486817997159       -1.872005197378174        1.049358470977787
       -3.371463906913616       -0.648029504956422        2.359688688794444
       -3.141509053559740       -0.401945195388954        3.312096202373081
       -2.637155963260657        0.027180394433168        1.281381646632972
       -3.352766440196216        0.321310547726294        0.511474837461644
       -2.022657127715908        1.308890424182432        1.861722293342425
       -1.283714419588795        1.058960647741231        2.624813967440097
       -1.535296229505837        1.876207882864811        1.067737181434822
       -2.804051750424283        1.928685124995137        2.304053652054222
       -1.568538170968577       -0.850551953615179        0.587062680223399
       -1.046787622533246       -0.460747782569651       -0.461474334657862
       -1.235557727723093       -2.018419483085363        1.155056893976946
       -1.714346286337376       -2.262149442309680        2.009723433097767
       -0.198456887955302       -2.947237542463727        0.686242094986553
       -0.011485874966554       -3.646376348031846        1.503260451451371
       -0.749086852841340       -3.796670213885064       -0.473432488084093
       -1.005349629474355       -3.164636224611528       -1.324852224801680
       -1.646154319967651       -4.324281157032735       -0.146130758634796
       -0.004339202797353       -4.533187800881331       -0.779147551354493
        1.165125146020104       -2.258312931960098        0.431714234931915
        1.847469773251357       -1.875759591087683        1.387192177392475
        1.564006393651532       -2.077128809795970       -0.833702131479630
        0.960040898334087       -2.409191685004390       -1.571821226381719
        2.814271895474510       -1.412637078068443       -1.222309983541077
        3.620608983867649       -1.803529353383840       -0.598999482184060
        3.115529051982566       -1.797284695253056       -2.676692128816768
        2.334832486217474       -1.413678498943813       -3.335530478787183
        4.073997993863959       -1.372080179447064       -2.977534615608368
        3.168894513794847       -2.882877414935616       -2.771459045047682
        2.800075436375202        0.125205425722513       -1.036001114815652
        3.869737456309743        0.743465805472796       -1.006100489104292
        1.611639704608563        0.729689282409047       -0.884402488116912
        0.792373680990658        0.133943275444288       -0.898291510087023
        1.358014848742861        2.172578077947350       -0.758097100766280
        0.274054123525566        2.298580412281742       -0.775756819006733
        1.820461743000152        2.636571581760403        0.635696673050986
        1.468524832308680        3.649688484476276        0.832129052479944
        2.909169446558164        2.622230385195363        0.697239183701520
        1.409472523021432        1.976556249441878        1.401258002946077
        1.888819788877677        3.039302201316537       -1.933044529555943
        2.404767716847825        2.531990441220023       -2.937007666956431
        1.712150272112733        4.364978502364541       -1.833958213774671
        1.268082028185679        4.713911499720392       -0.995051318987200
        2.119361530044685        5.344089694400723       -2.843527247818188
        3.197105565727390        5.285770535798557       -3.009824866864685
        1.605318196708351        5.147031425366175       -3.786659411437642
        1.868855557451244        6.353160978637376       -2.510266224920760
       -5.502011330953474       -1.229023400794824        3.865995495489480
       -5.102487170028083       -2.013210696471246        3.224003481579234
       -4.407602294517726       -2.629208159786741        3.793505380483982
       -5.918903995808244       -2.631880759657262        2.853090003406740
       -4.373420782876224       -1.381190602453448        2.060296552599620
       -4.735592676502208       -1.607078950860745        0.906107459667678
       -3.338854943455695       -0.596835286260876        2.363279106169101
       -3.123372313308700       -0.458842829987244        3.340551149982658
       -2.538843510915439        0.138727256785394        1.374935887449916
       -3.215395407503898        0.546645207357496        0.621774423079866
       -1.873760025606630        1.320886570788360        2.094176523131793
       -1.171053799135611        0.956328571523773        2.845258440917637
       -1.334778794798946        1.935683336741712        1.372205927237363
       -2.633337362300713        1.936646188590841        2.578204924505917
       -1.499513830071768       -0.725286266046382        0.621470609669356
       -0.928007866271882       -0.264477218240103       -0.370877836142559
       -1.246163701876017       -1.960169963007197        1.077779113501276
       -1.760468467585939       -2.258806623425157        1.893511958185273
       -0.253015310737214       -2.898431133540545        0.537967516823971
       -0.121562126245544       -3.681297712743881        1.287040605620203
       -0.827731528232043       -3.600856834960663       -0.705401494842964
       -1.031136835629654       -2.877091904460567       -1.495910139068348
       -1.759485555653988       -4.104017387054714       -0.442888297460381
       -0.120076810519493       -4.347333899555137       -1.069527717129336
        1.151715454100397       -2.267990213551032        0.369769328505911
        1.831346950147673       -2.007363978573331        1.367222534666912
        1.589257909578455       -2.001993232377674       -0.867681050689881
        0.986031273723825       -2.237373375259396       -1.642784085197865
        2.885303059398233       -1.384108931947686       -1.175656450088138
        3.651558514263479       -1.872069144108071       -0.570418198407579
        3.199291036653657       -1.669819435343763       -2.650238784170738
        2.459115775385388       -1.188806299119567       -3.291748712278707
        4.188547628754731       -1.281800384887653       -2.896942093238540
        3.190704955793663       -2.745777563480437       -2.830955078851125
        2.958605896090985        0.132254678160395       -0.864899461734708
        4.062467397629622        0.676957677140226       -0.779535614408634
        1.803275630182885        0.787682483019551       -0.673769232456279
        0.960747542916505        0.227935665040816       -0.736261739616153
        1.586350859997220        2.221824161839334       -0.431529862298774
        0.503439223420713        2.358716972283181       -0.427785720549225
        2.049028803249669        2.588253515310659        0.987057995468533
        1.771891494677128        3.620113523671635        1.206543947073077
        3.131733145792922        2.488216327229293        1.069721718908240
        1.570413203353336        1.931872129199486        1.715211982568637
        2.131958367384346        3.171731248371582       -1.529158839517100
        3.343263302229889        3.329463795566978       -1.717943506676184
        1.219102756661451        3.855146661257071       -2.234892006546570
        0.243759411974832        3.690999527934342       -2.022773799068239
        1.527761142085174        4.816554467185505       -3.295292636743357
        2.088933683044422        4.327298518948440       -4.094244099671304
        0.604864623182241        5.224391958774560       -3.712420573367407
        2.126107698862278        5.637811545234652       -2.895145036472222
       -5.388667085050308       -1.529823089697891        4.112536110508489
       -4.973440857379530       -2.275399388890415        3.435462835779720
       -4.210978867014783       -2.853488807987067        3.956149974641540
       -5.766366671796842       -2.940375103713023        3.094959625535261
       -4.349303534641587       -1.577795546163021        2.248447456723417
       -4.756365495461062       -1.808186119605733        1.110218326544954
       -3.353260104152253       -0.732120102068277        2.513154440212149
       -3.095957972422202       -0.596282105073261        3.480559418681697
       -2.656106395912543        0.070950084078383        1.499747381672228
       -3.396429190277864        0.443573619943165        0.789515282509905
       -2.035787434689480        1.284575740416666        2.206316177781315
       -1.272235182565921        0.957422188127251        2.913938096262148
       -1.577755240586065        1.945517954562007        1.469311210646118
       -2.808989805028968        1.839728206983913        2.739543119198712
       -1.601987139200605       -0.709082204955178        0.678148730251132
       -1.110211063800929       -0.192813070425522       -0.329418463760681
       -1.249020320939049       -1.934039126494762        1.093260158545269
       -1.702592258832870       -2.280660160625294        1.925864970222720
       -0.230061139100320       -2.798840972197382        0.483193816418976
       -0.013106128899644       -3.585990824314178        1.207488155301217
       -0.824497118841023       -3.512336301591782       -0.744407450802336
       -1.113797427615467       -2.787958057540053       -1.507076801766378
       -1.708032205929536       -4.078424483207626       -0.445824998117873
       -0.091704784579386       -4.205205189153029       -1.160977242169901
        1.123929385996703       -2.081711974448953        0.257264615857311
        1.847110489900309       -1.816451865665080        1.222318590896837
        1.469658682005885       -1.747926659031483       -0.992801216024016
        0.834008207136330       -1.990746959942373       -1.739206678962592
        2.705341366953241       -1.041006692993593       -1.351927174986979
        3.535818178296523       -1.504371293338671       -0.816066957704881
        2.941227341904445       -1.246477101511539       -2.854265702321511
        2.133495281677488       -0.788882185990055       -3.427838524412686
        3.887246682066404       -0.786810612060552       -3.144014319320240
        2.986915199560290       -2.312753524682461       -3.081088750619978
        2.706427989193063        0.462123986742850       -0.979379950901639
        3.773146734322510        1.083240972342762       -0.947595901289283
        1.532303959899054        1.044810600036469       -0.693546552290124
        0.704838030356698        0.459690293675495       -0.730134986171350
        1.324238359721637        2.443718572549056       -0.291072942850228
        0.246733810831726        2.609495058373683       -0.339042418610006
        1.719207210513378        2.607734599963564        1.186396045285323
        1.419590362214025        3.594246499519251        1.542025291458111
        2.798509853070213        2.500629683970779        1.300124570789467
        1.217445676998272        1.851284523566267        1.791266635870977
        1.927836787102881        3.503972777725870       -1.251297372125719
        2.345843777417921        4.586443154106737       -0.822646647494802
        1.979025617065044        3.198928386283902       -2.556851116552660
        1.614604604323050        2.297783770847939       -2.833970745781516
        2.523244267107811        4.065989787295971       -3.603023647855283
        2.439525943652519        3.578010751817122       -4.576080249260014
        1.973290284239401        5.008940523297608       -3.633208646632955
        3.576089641191402        4.277147587141487       -3.404445578809306
       -6.349763769543531        0.898308918192056        1.532886076580094
       -5.699787900556455        0.030311838777316        1.428874389931172
       -6.123702874081067       -0.810311244189813        1.976819849368954
       -5.607632173451186       -0.232082738730864        0.375670556159741
       -4.330268678795791        0.349589463646889        1.985730411342013
       -4.103024107782145        1.462715375456238        2.460675236581428
       -3.426732812684304       -0.628595954471550        1.924994411537207
       -3.719671019317287       -1.503368075057295        1.514205960841192
       -2.042510295993508       -0.531823852514946        2.400632505170445
       -1.774583146585619        0.522026353204025        2.494331509048627
       -1.956974833732084       -1.139429683052110        3.812495474468124
       -2.265237207833840       -2.186116315969989        3.799082734118223
       -0.935644987827989       -1.062847058986177        4.189061593813021
       -2.615797664010760       -0.589683660527025        4.486335280469095
       -1.050864677349615       -1.120331861618280        1.370025564244514
       -0.809559590664968       -0.495184334335878        0.333408291664015
       -0.484935479224054       -2.307363134909758        1.630781726867632
       -0.738789453859364       -2.759346243526221        2.497511203714211
        0.498703872774688       -3.000251038790393        0.787032934002602
        0.952307428717243       -3.777317979769200        1.404815727076666
       -0.232881161829156       -3.739332514413443       -0.348384076763579
       -0.747736995850597       -3.030355415192865       -0.998512185418259
       -0.968701995953632       -4.424133891962298        0.075775259468638
        0.481641240404897       -4.318950375123083       -0.935065917028729
        1.678969171505172       -2.093631709425520        0.355431267110009
        2.483183800038129       -1.687761328923499        1.200058245035556
        1.788347720050490       -1.758320661147028       -0.936652392151891
        1.099151167535058       -2.122545457057458       -1.578871977687224
        2.847334758942972       -0.903977721403211       -1.488670525327301
        3.800159913901871       -1.215452611295835       -1.056639540123476
        2.912032079234918       -1.160038027099477       -3.000546844710279
        1.978865397631724       -0.851129329751516       -3.474416693578037
        3.735963896949417       -0.592150125967094       -3.435073214593067
        3.080654264455171       -2.221030389983551       -3.191210690325931
        2.680808254097806        0.603619142486921       -1.174639835704039
        3.623420587203500        1.376229285608759       -1.373237392737608
        1.503908733074449        1.026159110664854       -0.688593236270362
        0.787628500137624        0.325592354338861       -0.533222835040113
        1.156282881353526        2.405961797924483       -0.316839232301273
        0.076811786193278        2.407371300390983       -0.156521313335586
        1.792725574869654        2.738746337604145        1.043368289051391
        1.416389535251984        3.697036742067279        1.403258956863755
        2.877440070897081        2.795975136676445        0.946333212231077
        1.536774485986233        1.967664061811109        1.771321594732535
        1.390496232831869        3.467091994390862       -1.425824652439645
        1.704909376420134        4.628717072588150       -1.139373991598688
        1.241349075217100        3.074195434291516       -2.700031256702462
        0.978413404621727        2.110988806637606       -2.857272712985633
        1.433006355863836        3.929365276380715       -3.872385971946695
        1.245282791038963        3.361585956663771       -4.785816337086127
        0.744597611064558        4.776299372304320       -3.836156489347645
        2.457241158661894        4.307311403088019       -3.896958946288239
       -2.216914515429721        3.121103684201216        2.855534231199084
       -2.816803763302455        2.392027915561993        2.312065457914237
       -3.851638557044240        2.447787459777758        2.647641829357131
       -2.770362208398046        2.604683347983712        1.244887572851433
       -2.283974316093487        1.000547024635430        2.570498034479756
       -1.332156454716434        0.833910084098322        3.332793230019270
       -2.895908535977477        0.002420892370702        1.935198757458765
       -3.665980610750749        0.231247567768334        1.324464515009514
       -2.490306668973110       -1.403397225897643        2.027714857668810
       -2.272225972898134       -1.628628744121845        3.073655972192332
       -3.671738923128264       -2.284873146691562        1.600408100237644
       -3.407871019422299       -3.337193183265506        1.715241923106250
       -3.922904047948224       -2.093753791902343        0.555786756703179
       -4.540018775347900       -2.070587963279086        2.225363248874194
       -1.216816558247342       -1.709342667207598        1.208459735349337
       -0.953142988775935       -1.070163723240617        0.184223840262482
       -0.445221489562160       -2.713041521748039        1.645003390076866
       -0.740523614740020       -3.192987848354566        2.483644501462973
        0.806047914604881       -3.172359518137311        1.026347724616698
        1.318973213036289       -3.783462046992423        1.771146222929442
        0.479473893686961       -4.120149036828834       -0.142032515424336
       -0.077146312709263       -3.593732382476731       -0.918845782397785
       -0.126316622516629       -4.952029106837336        0.220299710615145
        1.402536565504853       -4.521160187057203       -0.563735078434308
        1.794230638563631       -2.022335034491104        0.705029624043861
        2.364119027797526       -1.425202415054374        1.623282812993741
        1.996603017002566       -1.696073527389826       -0.578179244922424
        1.496935809465694       -2.221583141319692       -1.281214467935393
        2.902079276619456       -0.636349149216440       -1.040185358409825
        3.817145332459285       -0.684674482875281       -0.447049058722014
        3.273614343960872       -0.944474887099205       -2.497307682125869
        2.386293315487628       -0.892601784763318       -3.130310116322041
        4.006222356579628       -0.218329690264032       -2.852430615808008
        3.709679180094607       -1.942221350506224       -2.566908702994013
        2.342344537041114        0.799964938432349       -0.884418120065434
        3.082076060689666        1.768654666368449       -1.083091920738527
        1.055306865540010        0.948427918673513       -0.536925605720703
        0.517027668139665        0.103646131128948       -0.378671581001613
        0.341543209039163        2.220786024747123       -0.350989350832639
       -0.712241213856131        1.956344612999849       -0.250481846304504
        0.758467544305532        2.847505644317021        0.990411011739198
        0.109824463692575        3.693336350073580        1.220907863887286
        1.790670142138733        3.195076375188260        0.937683271202754
        0.669515965774062        2.110411807524845        1.788910724092710
        0.391551978091128        3.187916890698721       -1.564474334193438
        0.350574788111775        4.413517665685581       -1.402679661866883
        0.481589922944159        2.644268098201628       -2.787804493314227
        0.503810932388188        1.635320944235110       -2.843398874491872
        0.551785454954135        3.398098812087025       -4.040497524279026
        0.616815925863105        2.712713880313290       -4.887843464638558
       -0.339720163739308        4.018034104196407       -4.156320009577782
        1.433074290000446        4.042954515748896       -4.040809509822815
       -1.733174372217237        0.464624326033842        6.742424428705309
       -2.493720211355646       -0.186168702366391        6.312659807565435
       -2.862798445485296       -0.869941662085766        7.076071535071069
       -3.319047216106298        0.416506311897415        5.935598525346210
       -1.897680492666395       -0.983589881811937        5.174170744742010
       -0.714590744144826       -0.834262511550430        4.866607068867525
       -2.715077173237481       -1.830960463159192        4.550639082699028
       -3.672523524021710       -1.881470637746376        4.865021599777767
       -2.322866748032027       -2.667763709012057        3.412523284696817
       -1.366555191095500       -3.137536770315872        3.651708551712109
       -3.360197707919941       -3.786942591062785        3.246733624048005
       -3.437089043191162       -4.362248360980135        4.170603815588874
       -3.055895556016554       -4.456627704880660        2.441124525564125
       -4.335154976307508       -3.360764050078160        3.004650212308106
       -2.132363769901944       -1.860633420599268        2.106567116263363
       -2.778822590695046       -0.827460604560547        1.903974574546464
       -1.277200356424617       -2.381317157934443        1.214332895598625
       -0.841532487428220       -3.254835021818984        1.475908344472828
       -0.837358654430742       -1.808150840257102       -0.068515498336665
       -0.069847331383836       -2.484587875315015       -0.449801720949462
       -1.982646187262407       -1.871330124547892       -1.091703243344786
       -2.795099143030597       -1.207740336594683       -0.793837636374452
       -2.360857872354353       -2.892027610796653       -1.163667089113373
       -1.616040029484966       -1.561574351038169       -2.071287663612488
       -0.169734325388482       -0.412297274984355        0.026643021075787
       -0.813023233656714        0.605220730504497        0.300752594346390
        1.136407032429458       -0.353553814846828       -0.264058653708380
        1.618069570308145       -1.216269292695949       -0.478166966591314
        1.940300054099572        0.875715756986494       -0.210675262146802
        1.673815435199813        1.423119903318525        0.695384117600747
        3.414558358569544        0.466181250931869       -0.092996295720649
        3.726083650512853       -0.079795496029377       -0.985000644113095
        4.035884338096761        1.356644756208871        0.013360583204780
        3.555969851326422       -0.165277623121225        0.785497199908868
        1.713550140669821        1.835986279197459       -1.403035577768622
        2.053295541656479        3.019341110943870       -1.309260707617854
        1.142363815005592        1.341006513481620       -2.512056863983847
        0.893378541268338        0.362434357633645       -2.500236242670172
        0.827975719071330        2.091677929581758       -3.738665600798766
        0.558520312504649        1.344651697943735       -4.487251678498294
       -0.434337002954536        2.938487319188766       -3.502530950359972
       -0.768206796915087        3.375634616476024       -4.444307532905218
       -0.221823898128174        3.739705584127624       -2.793908746222321
       -1.233735786880041        2.310900107421650       -3.106296862459266
        2.022086341382699        2.862201788750375       -4.364883842917576
        1.844022152044023        3.919178993391415       -4.982456991033231
        3.247665185323650        2.339177817970265       -4.207944528665668
        3.315652158545064        1.470597428719954       -3.695521454863361
        4.486578682279958        2.930350465779866       -4.716221666815271
        4.440224780000875        3.023166333829614       -5.803313100653543
        4.633933814210189        3.921833612297230       -4.282900058559841
        5.338665693612109        2.300782697573802       -4.452454172905884
        1.950657475857008        0.065682396536498        4.158213741543235
        1.049558914528820       -0.406210414027431        4.548154694753901
        1.309884013785860       -1.060272167578497        5.379396481518098
        0.356232821542658        0.360237779280207        4.892276274708248
        0.391148433346414       -1.221528457197437        3.458845993079771
        0.889840074387095       -1.271273525509851        2.334240472696713
       -0.734343426235621       -1.856400981598042        3.784032528750988
       -1.083003487253033       -1.757874984888547        4.726025028478883
       -1.510850905120172       -2.664815831472490        2.840956147335613
       -0.837806708768460       -3.393910210051738        2.385116607179085
       -2.582999625089568       -3.443188391636021        3.614991832493070
       -2.111627318779277       -4.072197957520030        4.371604903117769
       -3.142330131548027       -4.079205939279498        2.927332626620298
       -3.273127227372883       -2.750990831977049        4.100149215341759
       -2.120450826845464       -1.803232190843232        1.713320840405351
       -2.731575028474003       -0.761057917969870        1.973520552212682
       -1.953382959478187       -2.248034806227361        0.460487560840282
       -1.461154228467788       -3.123233444535093        0.342414547276981
       -2.396928402461965       -1.570646596995547       -0.768576138234866
       -1.922350096961087       -2.106145478476673       -1.592671919780838
       -3.912127750295162       -1.775480628816488       -0.938493722592266
       -4.454714678513356       -1.221484010420046       -0.171667726070320
       -4.155305210056087       -2.835651964283440       -0.855876221125254
       -4.226281579724500       -1.422011811295308       -1.921349246678235
       -1.923056751749537       -0.100087100445229       -0.931464412473555
       -2.542512417173579        0.681905652484080       -1.660414635806195
       -0.822906874855151        0.289122523275485       -0.271046686597825
       -0.361611845271411       -0.386002857968632        0.323582028585317
       -0.302787931237140        1.663504594059104       -0.269131860315364
       -1.148977373907269        2.351382469755396       -0.221072322963815
        0.521896558935193        1.854706998669180        1.010681190431772
        1.394176344531406        1.199596600105425        0.996954494645463
        0.857431388372250        2.890318196694814        1.080603210627602
       -0.089718354481643        1.625633976860317        1.884610167420738
        0.510168498822784        2.038656214330989       -1.531148206904040
        0.732412078167636        3.226317644384546       -1.785538134741609
        0.948142934985156        1.044527483115194       -2.319135392334644
        0.715959127270705        0.102583256670206       -2.038659930851122
        1.725523027603100        1.196074381035943       -3.560002178147563
        2.068572681805196        0.194198875994641       -3.823808532646300
        0.786015989249389        1.641348093624022       -4.693783882957935
        1.314029291870215        1.605419734516004       -5.647426992422198
        0.440393304578045        2.660397454900693       -4.516751614184832
       -0.075055602008711        0.973778029651564       -4.746367569521897
        3.026240395233065        2.033721684476681       -3.424693459747260
        3.451967036507538        2.705708851440806       -4.372051057501403
        3.664400219316159        2.000933165290592       -2.244891425040188
        3.260207946979587        1.426130234733233       -1.518374623049915
        4.892113157121972        2.733753622561563       -1.931247019306029
        5.694126618956141        2.429925066177024       -2.607256169226924
        4.725776382482490        3.807504307117195       -2.040360883667351
        5.200112325893225        2.527869013272106       -0.904249175173860
        1.193721009981384       -0.584452770905069        6.187439137767216
        0.157859553345312       -0.677902835013541        5.863483891427704
       -0.432964976950019       -1.133169365549046        6.657367382062798
       -0.242739898398498        0.308517302178469        5.633047004332440
        0.086803596332514       -1.546733988069953        4.627665280889735
        1.116985703327935       -2.018954439501079        4.146471456298812
       -1.127546916412080       -1.748330422169129        4.117475637567812
       -1.905154135188649       -1.298299350192176        4.577848639500750
       -1.427270539744443       -2.544130006536787        2.921078638374110
       -0.510016772698663       -3.019352548481599        2.568598232841030
       -2.400492737653985       -3.665226908521463        3.311578364752398
       -1.964747653674289       -4.274197926109404        4.105065956181170
       -2.597814890122423       -4.302308120026821        2.448273802870248
       -3.341959951269521       -3.238746623712447        3.661500819163236
       -1.966785929918304       -1.682124475737458        1.758778950763790
       -2.545889719130329       -0.612241542902412        1.976398344765416
       -1.786931168756919       -2.164452934718178        0.520924823332920
       -1.327805703971679       -3.061496427526607        0.436128883852682
       -2.213446609350175       -1.517758008998358       -0.731542790839877
       -1.730833868223977       -2.073594054054191       -1.537337877486793
       -3.727458035494103       -1.719672657617995       -0.914660229896034
       -4.276251739829786       -1.150730090198517       -0.163306417039549
       -3.975454490222220       -2.777369139508131       -0.816375240475452
       -4.028835388433586       -1.381710748901388       -1.906948156515038
       -1.725850654281784       -0.055231576604739       -0.912205701903939
       -2.396111151599450        0.767005796372491       -1.545658540626788
       -0.553983080835170        0.278094249965882       -0.354377604737502
       -0.054585846294922       -0.438735363037759        0.152671935492088
        0.001027768670974        1.637808551159189       -0.333922490738171
       -0.811079658852244        2.337292003929837       -0.127215608109811
        0.993643194618492        1.717362572419866        0.833986975937841
        1.830084175185954        1.037409928032723        0.664266822985511
        1.375814230753346        2.735325678145558        0.922900140538633
        0.493178490940523        1.449405842217578        1.765914779156859
        0.651340181145984        2.082858509184758       -1.665715357632205
        0.864473610276389        3.281402691018058       -1.872239141190519
        0.961592039590680        1.136039056500183       -2.564718955267752
        0.747096948500822        0.181165124107934       -2.315585083474490
        1.571019748052260        1.357251640615281       -3.886411880209861
        1.856210078896079        0.370293389770883       -4.254655609904030
        0.498721219641063        1.884371085649141       -4.855277083680898
        0.895003573201603        1.903000575653787       -5.871216576852915
        0.199851397280490        2.894011093579013       -4.571448014509748
       -0.374805590471643        1.231430756974047       -4.833392708355842
        2.894545721268501        2.169613019322644       -3.874707475426242
        3.203769960250052        2.896344640039351       -4.826839040126924
        3.683195352774822        2.053673069098626       -2.795441545064768
        3.367876935113840        1.437901459368121       -2.058548890384249
        4.956110459056381        2.750712548209077       -2.604229057980826
        5.654803838598030        2.481898524423841       -3.399273509025456
        4.798177663031081        3.831093595433311       -2.622971108368691
        5.393910957944361        2.475639421224547       -1.642644205030820
        0.811504569601665       -1.155894191356391        6.798479178827185
       -0.045417188922295       -0.911950818724176        6.171691717725073
       -0.960754062732806       -0.996860157078053        6.756100927442366
        0.053655396936434        0.106619747980564        5.798479368874314
       -0.109880953346549       -1.868369792550956        5.001869644702714
        0.738799697560531       -2.752158492937285        4.880091574214265
       -1.114885640973256       -1.686960462645446        4.146127721521894
       -1.752014651377205       -0.924658987823855        4.328822737135612
       -1.359944709645432       -2.487931979843840        2.940946881713859
       -0.419467581885766       -2.935092172941137        2.612896921003376
       -2.331307607413327       -3.623688360613186        3.297028374074072
       -1.911101991584585       -4.234291092992838        4.097473680882893
       -2.498384540343488       -4.257219467604840        2.424835104483749
       -3.286327480177218       -3.210084315105680        3.625025261627622
       -1.895707150202229       -1.633554755699638        1.770854912829494
       -2.471452900411336       -0.560358951724515        1.980768666177362
       -1.716292149037305       -2.125435837310627        0.536763334038684
       -1.256305048584732       -3.022721784992816        0.459210813699333
       -2.155658251592234       -1.495964001948805       -0.720059203663255
       -1.672567122757911       -2.056210670598392       -1.522508052494073
       -3.668695015580643       -1.714483997107144       -0.891902188776962
       -4.218429255961739       -1.142784691226133       -0.143306165764591
       -3.905845904484520       -2.773399555751880       -0.780766040974773
       -3.979272308772453       -1.390195213718691       -1.885918342358048
       -1.683466223703285       -0.031104090834504       -0.920724564366087
       -2.368784407889697        0.778953184954456       -1.553795538308451
       -0.507516849018281        0.317912348885444       -0.381502540535659
        0.004441208035522       -0.389010245614699        0.126967244497921
        0.037686880561673        1.681863291453917       -0.387426363834482
       -0.775730658119419        2.377918965955542       -0.174410317810149
        1.051092885489319        1.783198504974018        0.760676723847253
        1.889144722847710        1.106996266621833        0.584023633493938
        1.427509208092901        2.804863717513843        0.829547041387028
        0.569781161921292        1.523856915576032        1.705017110934143
        0.660596535916579        2.115136593461982       -1.736093662229045
        0.856727787813906        3.312909020395898       -1.962939357852910
        0.966410816351790        1.159087862309052       -2.626814265625831
        0.767177912978749        0.205526626202899       -2.360566930891561
        1.550911294452088        1.368177319786315       -3.961668900273212
        1.841034600162922        0.379296611743608       -4.320788264756048
        0.456502254951418        1.869473925140330       -4.919450686750023
        0.835347713521095        1.878014797136621       -5.942154418657266
        0.151019257780782        2.879674522221697       -4.644805823122575
       -0.409063013698726        1.207246641756341       -4.873500833209605
        2.865138292015614        2.195277464196931       -3.983925711308934
        3.149971496219437        2.911793880058438       -4.951285495793472
        3.673162673787869        2.103465170088223       -2.916736354870138
        3.377335471179507        1.494766347409406       -2.166012838505476
        4.941136993693702        2.817244599232018       -2.757047166613940
        5.629311616362713        2.544922987523782       -3.560033281752174
        4.770668054301108        3.895430283092263       -2.788257040344631
        5.398204465680140        2.560756293074035       -1.799298223690765
        0.489856039930152       -1.045959959919676        6.966713183604266
       -0.356398574415120       -0.882184970667232        6.300593065284634
       -1.285193534750326       -1.070114318540603        6.837814191127775
       -0.345700959525694        0.146787846935839        5.943254112055495
       -0.264422887033537       -1.822044341021075        5.119245557265027
        0.676369308362895       -2.611513997553295        5.030783527027240
       -1.240210356143214       -1.732247885791582        4.216464668308141
       -1.961178834874481       -1.042702779642441        4.375044793016655
       -1.341998539161757       -2.535524845162310        2.992351079914052
       -0.345288576952663       -2.877625307287485        2.706688337989059
       -2.205646598686475       -3.771242929054117        3.287990327427594
       -1.763128265500599       -4.347362446353493        4.101860145804093
       -2.263505351451377       -4.405051067071459        2.402023895412125
       -3.213286388748303       -3.464000434363355        3.572555188103881
       -1.906931089055135       -1.723243563323194        1.806108897594225
       -2.601199458588520       -0.719098676643724        1.998415345124418
       -1.617667230311969       -2.174496575057059        0.577358545844708
       -1.063212865178264       -3.017828078177581        0.513362340753115
       -2.059109170767103       -1.574474378231357       -0.693077258381206
       -1.482052042063818       -2.069075631910068       -1.476373625608787
       -3.531024216893011       -1.946013035967692       -0.942069282645613
       -4.172896581375752       -1.446086178024118       -0.215765614378940
       -3.661496998917266       -3.025407711017452       -0.853872211937683
       -3.825393960250539       -1.640281906519798       -1.946838772065579
       -1.733204951511407       -0.065548802831001       -0.854714826798714
       -2.468003410807857        0.678772193536193       -1.512524498916024
       -0.627476777654152        0.395048249498647       -0.254224827923419
       -0.069907897830480       -0.262722445883821        0.271873519410548
       -0.229138132140578        1.808628010987799       -0.215875442790836
       -1.121531682719233        2.411563904888212       -0.038004993893636
        0.705979490465303        1.995608447422013        0.986487365226108
        1.619868454202605        1.416203210008485        0.845628120511922
        0.966456592841249        3.050028307611607        1.088588741639461
        0.206927430494781        1.668736015618981        1.900122608065017
        0.414527645739906        2.330616605285397       -1.523939143474817
        0.471921387204977        3.546774716847404       -1.724291797349095
        0.863696847882775        1.421473688162877       -2.403647363797384
        0.741489686976293        0.456132641043849       -2.135478024268637
        1.578171911315869        1.649322330725105       -3.670654903582222
        1.846422282167380        0.659307728031866       -4.044589171369418
        0.615437744578297        2.233511847835751       -4.716499207350485
        1.114955859519975        2.283739494602860       -5.684860760278905
        0.305373419976017        3.238152537144488       -4.427509233235833
       -0.266060064673386        1.597304045253119       -4.806773853201236
        2.909887814659970        2.434891549101837       -3.546274518279573
        2.937637434836682        3.638255889474115       -3.265022692634870
        4.033863422711137        1.751285263170629       -3.806735350949205
        3.942310703073000        0.772391525915636       -4.044905222910011
        5.385249956286058        2.313834397322855       -3.766807377167720
        6.119687648445384        1.543797887625636       -4.011176450860105
        5.474906839155151        3.127555829334113       -4.489602825095371
        5.601267777156195        2.702127902629648       -2.769218305364249
        0.263947987773288       -1.113707079668903        7.097816819502947
       -0.550171235622409       -0.912468667837833        6.402548445164221
       -1.504667526733146       -1.041126522353174        6.911436399879848
       -0.470587143793388        0.109280796047310        6.033380243896487
       -0.473269219881248       -1.872241115130485        5.236228270446337
        0.424259104124969       -2.713843932332020        5.187995821953282
       -1.413255859711429       -1.740966311151080        4.301119012215899
       -2.099245478428950       -1.010360757303159        4.427795267382304
       -1.520649256490262       -2.554151478990382        3.084048440036743
       -0.535870328701438       -2.954340345613231        2.834793269297635
       -2.460262174671564       -3.736393469052481        3.366410156309338
       -2.076211792502029       -4.324747819086659        4.200953904027191
       -2.525122325831616       -4.378147818585701        2.486671489289248
       -3.457829564153049       -3.370386746643189        3.614624033128821
       -2.002114378293372       -1.728419404847645        1.870585150396114
       -2.645450177856910       -0.685091020435599        2.028408542603189
       -1.699849091983813       -2.211785163901116        0.657282385990864
       -1.191092078235086       -3.085040642860739        0.621251186803952
       -2.067108569826588       -1.605833304858024       -0.633769979828919
       -1.494057574196351       -2.142199436844229       -1.392125755165904
       -3.548821783340092       -1.898971413846586       -0.925557074056660
       -4.184450822310208       -1.354438939241722       -0.226344064916124
       -3.741811992122947       -2.968206364527886       -0.828692614555970
       -3.793932743851674       -1.591285427232241       -1.942872881194140
       -1.652929495753301       -0.119539884273946       -0.802906325847091
       -2.324334211586190        0.655145906191671       -1.492730179149927
       -0.542752761095123        0.287529229542613       -0.172888005474742
       -0.038360069842553       -0.392743801763893        0.377498752107314
       -0.065186570683145        1.676356847844479       -0.142926855260406
       -0.926242714747650        2.332421080890539       -0.002862092592990
        0.842278482070882        1.830484018918298        1.084809283843742
        1.725484612827098        1.198209199906276        0.980636240203769
        1.159447071559623        2.870014739847248        1.178409478697783
        0.298327079913493        1.547896933377794        1.987477216471752
        0.647042378371379        2.137261023249567       -1.437934811744243
        0.788050803408449        3.345242902013666       -1.657333116806886
        1.066054684400501        1.192360675765945       -2.294559972451136
        0.893018125756550        0.234809279895565       -2.027972714421692
        1.831466430120894        1.401499146700108       -3.534724837545228
        2.091834118020377        0.410833612849307       -3.911946814470411
        0.904512483816231        2.031345562833526       -4.591419914651535
        1.383113084625460        2.014049864690543       -5.570988597482327
        0.676886952190700        3.064830323084686       -4.328351696469866
       -0.025573228864979        1.464400443552955       -4.654020190719534
        3.186745660524127        2.138935267044099       -3.351925724913583
        3.614368928299731        2.449276250311176       -2.232847390075204
        3.900104400268050        2.377276342975620       -4.462218226014859
        3.501088942815292        2.082636831381673       -5.343570794748484
        5.206969911693157        3.036729149544909       -4.495564031382544
        5.932356440131693        2.462605109072767       -3.915237420295882
        5.562084289828700        3.114181720438042       -5.525100337963134
        5.131768498569873        4.040824410411489       -4.072787389449351
