       -0.6154250425       -1.2438603389        2.2734582848
        2.0037039510       -0.6525856052        1.5363631165
       -1.9506677702       -1.1821592085       -2.0679415899
        1.5370471862       -0.9175267921       -1.2917708706
        0.4892200820       -1.1820889914       -1.2186003036
        0.0466279263        2.2852669732        0.5919042323
       -0.0498117022       -1.4766908117       -2.1339787191
        0.8540846687       -1.4617396600        0.7755321980
        0.8303300798       -0.9665284126        2.1651885266
        2.1469210024        0.5658035966       -1.2465544083
       -1.5208082016        1.9563447375       -0.7654060139
       -0.8621689847        1.3762507087       -0.6155282012
       -0.8148786763       -0.3155234188       -0.4026045150
       -1.3643190034       -1.3368232078       -1.7753920755
