         1    0.8670085140    
         2    0.8670085140    
         3    0.8670085140    
         4    0.8670085140    
         5    0.8670085140    
         6    0.8670085140    
         7    -6.935297076    
         8    -6.935297076    
         9    -6.935297076    
        10    -6.935297076    
        11    -6.935297076    
        12    -6.935297076    
        13    -6.935297076    
        14    -6.935297076    
        15    -6.935297076    
        16    -6.935297076    
        17    -6.935297076    
        18    -6.935297076    
        19    -6.935297076    
        20    -6.935297076    
        21    -6.935297076    
        22    -6.935297076    
        23    -6.935297076    
        24    -6.935297076    
        25    -6.935297076    
        26    -6.935297076    
        27    -8.324102398    
        28    -8.324102398    
        29    -8.658624696    
        30    -8.658624696    
        31    -8.658624696    
        32    -8.658624696    
        33    -8.658624696    
        34    -8.658624696    
        35    -8.658624696    
        36    -8.658624696    
        37    -8.658624696    
        38    -8.658624696    
        39    -8.658624696    
        40    -8.658624696    
        41    -8.658624696    
        42    -8.658624696    
        43    -8.658624696    
        44    -8.658624696    
        45    -8.658624696    
        46    -8.658624696    
        47    -8.658624696    
        48    -8.658624696    
        49    -8.658624696    
        50    -8.658624696    
        51    -8.658624696    
        52    -8.658624696    
        53    -8.658624696    
        54    -8.658624696    
        55    -8.658624696    
        56    -8.658624696    
        57    -8.658624696    
        58    -8.658624696    
        59    -8.658624696    
        60    -8.658624696    
        61    -8.658624696    
        62    -8.658624696    
        63    -8.658624696    
        64    -8.658624696    
        65    -8.658624696    
        66    -8.658624696    
        67    -8.658624696    
        68    -8.658624696    
        69    -8.658624696    
        70    -8.658624696    
        71    -8.658624696    
        72    -8.658624696    
        73    -8.658624696    
        74    -8.658624696    
        75    -8.658624696    
        76    -8.658624696    
        77    -8.658624696    
        78    -8.658624696    
        79    -8.658624696    
        80    -8.658624696    
        81    -8.658624696    
        82    -8.658624696    
        83    -8.658624696    
        84    -8.658624696    
        85    -8.658624696    
        86    -8.658624696    
        87    -8.658624696    
        88    -8.658624696    
        89    -8.658624696    
        90    -8.658624696    
        91    -8.658624696    
        92    -8.658624696    
        93    -8.658624696    
        94    -8.658624696    
        95    -8.658624696    
        96    -8.658624696    
        97    -8.658624696    
        98    -8.658624696    
        99    -8.658624696    
       100    -8.658624696    
       101    -12.94780798    
