         1      129.3267135703
         2        0.8670124422
         3       -0.2588442293
         4  1000000.0000000000
         5        0.8670117619
         6       -1.0602427784
         7       -6.9352970756
         8      -10.1716687662
         9      -10.4504799580
        10       -6.9352941627
        11       -6.9352932397
        12  1000000.0000000000
        13       -6.9352780923
        14  1000000.0000000000
        15       -6.9352914913
        16       -6.9352956274
        17       -6.9352969388
        18       -4.1918910232
        19       -6.9352933515
        20       -4.8869307466
        21       -4.8869214886
        22       -5.6720038308
        23       -6.9352919965
        24       -4.0930446155
        25       -6.9352966352
        26       -6.9352965954
        27       -8.3241023985
        28      -12.1297356938
        29       -8.6586246962
        30       -8.6586233052
        31      -12.8861637203
        32       -8.6586231502
        33       -7.5580665840
        34       -8.6586240152
        35        4.1367988935
        36       21.2550428060
        37       -8.6586229794
        38       -8.6586233825
        39  1000000.0000000000
        40        1.8377216797
        41       -8.6586239043
        42      -11.1852246332
        43       -8.6586234398
        44      -11.1852234761
        45       -8.6586236869
        46      -11.1852220871
        47       -7.5581067011
        48       -8.6586226337
        49       -8.6586235843
        50       -8.6586237557
        51       -8.6586235407
        52       -6.9352912892
        53       -6.9352950481
        54       -6.9352931666
        55       -6.9352954556
        56       -6.9352965391
        57        0.8670137469
        58       -6.9352948815
        59       -6.9352927035
        60  1000000.0000000000
        61  1000000.0000000000
        62      -10.4504715184
        63       -6.9352925527
        64       -6.9352955260
        65       -1.9951040369
        66       -6.9352964871
        67       -6.9352956031
        68       -4.8869180293
        69       -6.9352926431
        70      -11.1852218831
        71       -6.9352954348
        72       -6.9352928911
        73       -4.8869209794
        74      138.5756312807
        75        0.4794843215
        76       -6.9352945321
        77      118.3317069818
        78       -6.9352934863
        79       -6.9352942602
        80      -10.4504804352
        81       17.8459343608
        82       -6.9352915217
        83       -6.9352954451
        84       -6.9352936628
        85      -10.4504804658
        86       -6.9352967913
        87       -3.8674486550
        88       -6.9352960175
        89       -6.9352913458
        90       -6.9352963247
        91       -6.9352975681
        92       -6.9352948795
        93       -6.9352951092
        94       -4.7014607276
        95       -8.4799463434
        96  1000000.0000000000
        97       -6.9352943467
        98       -6.9352929168
        99        0.1869859129
       100       -3.2939157045
       101      -12.9478079806
