         1    0.8670085140    
         2    0.8670085140    
         3    0.8670124422    
         4    0.8670124422    
         5    0.8670124422    
         6    0.8670117619    
         7    0.8670117619    
         8    -6.935297076    
         9    -6.935297076    
        10    -6.935297076    
        11    -6.935294163    
        12    -6.935293240    
        13    -6.935293240    
        14    -6.935278092    
        15    -6.935278092    
        16    -6.935291491    
        17    -6.935295627    
        18    -6.935296939    
        19    -6.935296939    
        20    -6.935293352    
        21    -6.935293352    
        22    -6.935293352    
        23    -6.935293352    
        24    -6.935291996    
        25    -6.935291996    
        26    -6.935296635    
        27    -6.935296595    
        28    -8.324102398    
        29    -8.324102398    
        30    -8.658624696    
        31    -8.658623305    
        32    -8.658623305    
        33    -8.658623150    
        34    -8.658623150    
        35    -8.658624015    
        36    -8.658624015    
        37    -8.658624015    
        38    -8.658622979    
        39    -8.658623383    
        40    -8.658623383    
        41    -8.658623383    
        42    -8.658623904    
        43    -8.658623904    
        44    -8.658623440    
        45    -8.658623440    
        46    -8.658623687    
        47    -8.658623687    
        48    -8.658623687    
        49    -8.658622634    
        50    -8.658623584    
        51    -8.658623756    
        52    -8.658623541    
        53    -6.935291289    
        54    -6.935295048    
        55    -6.935293167    
        56    -6.935295456    
        57    -6.935296539    
        58    -6.935296539    
        59    -6.935294881    
        60    -6.935292704    
        61    -6.935292704    
        62    -6.935292704    
        63    -6.935292704    
        64    -6.935292553    
        65    -6.935295526    
        66    -6.935295526    
        67    -6.935296487    
        68    -6.935295603    
        69    -6.935295603    
        70    -6.935292643    
        71    -6.935292643    
        72    -6.935295435    
        73    -6.935292891    
        74    -6.935292891    
        75    -6.935292891    
        76    -6.935292891    
        77    -6.935294532    
        78    -6.935294532    
        79    -6.935293486    
        80    -6.935294260    
        81    -6.935294260    
        82    -6.935294260    
        83    -6.935291522    
        84    -6.935295445    
        85    -6.935293663    
        86    -6.935293663    
        87    -6.935296791    
        88    -6.935296791    
        89    -6.935296018    
        90    -6.935291346    
        91    -6.935296325    
        92    -6.935297568    
        93    -6.935294880    
        94    -6.935295109    
        95    -6.935295109    
        96    -6.935295109    
        97    -6.935295109    
        98    -6.935294347    
        99    -6.935292917    
       100    -6.935292917    
       101    -6.935292917    
