    -169.17580507595516792    
    -169.17658914075053644    
    -169.17663905249065692    
    -169.17725267592231830    
    -169.17950787107767496    
    -169.17961525993788996    
    -169.21465984073026334    
    -169.21638863276922393    
    -169.24370638833164548    
    -169.25298835218526960    
    -169.25765351948405169    
    -169.26303008661554372    
    -169.26922523817566457    
    -169.27671435548768386    
    -169.28260171971521686    
    -169.28599059395986615    
    -169.28855093269572762    
    -169.29023614095834205    
    -169.29159094867230806    
    -169.29338917527232411    
    -169.29499492407114758    
    -169.29645205243363648    
    -169.29776323333317123    
    -169.29906630191283057    
    -169.30019077859060417    
    -169.30128383443488360    
    -169.30186023010514873    
    -169.30249344448370152    
    -169.30288413916639456    
    -169.30345216332861469    
    -169.30362423333920674    
    -169.30379920118676296    
    -169.30389243345817363    
    -169.30406392972915341    
    -169.30412973688669354    
    -169.30420374168829767    
    -169.30430927028780275    
    -169.30432911068618296    
    -169.30439355907515164    
    -169.30441908146698893    
    -169.30442962731586931    
    -169.30444359733436954    
    -169.30444631795504051    
    -169.30445200059003241    
    -169.30445445522434511    
    -169.30445717055326327    
    -169.30445842901184506    
    -169.30445966093216725    
    -169.30446115123083928    
    -169.30446209755842801    
    -169.30446283051517753    
    -169.30446336352358117    
    -169.30446387029789435    
    -169.30446400170103516    
    -169.30446450038925832    
    -169.30446466118749527    
    -169.30446483953275560    
    -169.30446493781880690    
    -169.30446505772877686    
    -169.30446517862193900    
    -169.30446524154083932    
    -169.30446530859171617    
    -169.30446536472078378    
    -169.30446539570630193    
    -169.30446544232282235    
    -169.30446545915540923    
    -169.30446548070011659    
    -169.30446550158856667    
    -169.30446552081602363    
    -169.30446556002755187    
    -169.30446556989136297    
    -169.30446560406090839    
    -169.30446562492446105    
    -169.30446564031481671    
    -169.30446564781033203    
    -169.30446565602377973    
    -169.30446566220626892    
    -169.30446566802419284    
    -169.30446567136260683    
    -169.30446567338731256    
    -169.30446567511987155    
    -169.30446567638188071    
    -169.30446567708938232    
    -169.30446567796931845    
    -169.30446567849793382    
    -169.30446567892118992    
    -169.30446567913617173    
    -169.30446567932463608    
    -169.30446567937423197    
    -169.30446567957338289    
    -169.30446567956607851    
    -169.30446567962326299    
    -169.30446567963332427    
    -169.30446567964668247    
    -169.30446567965947224    
    -169.30446567966765770    
    -169.30446567967666738    
    -169.30446567967996430    
    -169.30446567968408544    
    -169.30446567968189697    
    -169.30446567968988347    
    -169.30446567969082139    
    -169.30446567969224247    
    -169.30446567969383409    
    -169.30446567969346461    
    -169.30446567969545413    
    -169.30446567969596572    
    -169.17656694479509838    
    -169.17661075114844493    
    -169.17709333223402268    
    -169.17843912393894357    
    -169.17960744688366503    
    -169.18070854146495208    
    -169.18105630239531934    
    -169.18179762281118883    
    -169.18396461659395413    
    -169.18589200850675525    
    -169.19078136669196510    
    -169.19955148392219257    
    -169.20027942855654146    
    -169.20087077420126320    
    -169.20107034921420563    
    -169.20181883256987021    
    -169.20226358433822611    
    -169.20272903260359953    
    -169.20316679688832551    
    -169.20342992549177552    
    -169.20365582048401620    
    -169.20380507385311830    
    -169.20397409631334540    
    -169.20415218958996206    
    -169.20435107137615205    
    -169.20450026584077818    
    -169.20463732455067429    
    -169.20474300335195039    
    -169.20485506116497731    
    -169.20493624323646031    
    -169.20500566760847505    
    -169.20506530928457778    
    -169.20512202225441456    
    -169.20516307786911625    
    -169.20519766272971651    
    -169.20521564564475625    
    -169.20522438657940256    
    -169.20522938375461308    
    -169.20523373062189876    
    -169.20523649412777445    
    -169.20523862679237936    
    -169.20524122762154207    
    -169.20524305452366320    
    -169.20524493179564729    
    -169.20524705036154955    
    -169.20524823586330854    
    -169.20524915448842762    
    -169.20525002178936802    
    -169.20525044422754490    
    -169.20525111627355841    
    -169.20525125720945425    
    -169.20525205110260458    
    -169.20525247174231254    
    -169.20525278253651891    
    -169.20525293199190742    
    -169.20525316105366187    
    -169.20525331584775586    
    -169.20525348919196063    
    -169.20525356513218185    
    -169.20525363581737111    
    -169.20525371472498932    
    -169.20525378217854495    
    -169.20525380706189367    
    -169.20525382710229678    
    -169.20525384556725612    
    -169.20525386191840767    
    -169.20525386860271055    
    -169.20525387588051558    
    -169.20525388279600065    
    -169.20525389030450469    
    -169.20525389513858272    
    -169.20525389892011958    
    -169.20525390119763642    
    -169.20525390258109155    
    -169.20525390365926910    
    -169.20525390435599888    
    -169.20525390472280947    
    -169.20525390510783836    
    -169.20525390524622367    
    -169.20525390541959609    
    -169.20525390558063350    
    -169.20525390567848945    
    -169.20525390574570679    
    -169.20525390587440029    
    -169.20525390591319592    
    -169.20525390597592263    
    -169.20525390605433813    
    -169.20525390608776206    
    -169.20525390613173045    
    -169.20525390614750449    
    -169.20525390616703021    
    -169.20525390617706307    
    -169.20525390619221184    
    -169.20525390619565087    
    -169.20525390619994255    
    -169.20525390620250050    
    -169.20525390620528583    
    -169.20525390620687745    
    -169.20525390620804274    
    -169.20525390621071438    
    -169.20525390620366579    
    -169.20525390621259021    
    -169.20525390621304496    
    -169.20525390621412498    
    -169.20525390621480710    
    -169.20525390621423867    
    -169.20525390621546080    
