   -0.9895090520E-01    -169.2669205         1
   -0.9895079599E-01    -169.2669205         2
   -0.9895071425E-01    -169.2669205         3
   -0.9895039024E-01    -169.2669205         4
   -0.9895009208E-01    -169.2669205         5
   -0.9894964177E-01    -169.2669205         6
   -0.9894949304E-01    -169.2669205         7
   -0.9894892028E-01    -169.2669205         8
   -0.9894741256E-01    -169.2669205         9
   -0.9894616322E-01    -169.2669205        10
   -0.9894584683E-01    -169.2669205        11
   -0.9894507431E-01    -169.2669205        12
   -0.9894132262E-01    -169.2669205        13
   -0.9893969209E-01    -169.2669205        14
   -0.9893733334E-01    -169.2669205        15
   -0.9893648578E-01    -169.2669205        16
   -0.9893317714E-01    -169.2669205        17
   -0.9892876741E-01    -169.2669205        18
   -0.9892207096E-01    -169.2669205        19
   -0.9892101520E-01    -169.2669205        20
   -0.9888990576E-01    -169.2669204        21
   -0.9888557731E-01    -169.2669204        22
   -0.9886448334E-01    -169.2669204        23
   -0.9882514510E-01    -169.2669204        24
   -0.9881942601E-01    -169.2669204        25
   -0.9878745998E-01    -169.2669204        26
   -0.9874644824E-01    -169.2669204        27
   -0.9870804661E-01    -169.2669203        28
   -0.9867706016E-01    -169.2669202        29
   -0.9856045834E-01    -169.2669201        30
   -0.9845725352E-01    -169.2669199        31
   -0.9840535902E-01    -169.2669198        32
   -0.9833701328E-01    -169.2669192        33
   -0.9796611121E-01    -169.2669191        34
   -0.9769205010E-01    -169.2669181        35
   -0.9741252748E-01    -169.2669173        36
   -0.9677312313E-01    -169.2669151        37
   -0.9594688909E-01    -169.2669132        38
   -0.9555852724E-01    -169.2669096        39
   -0.9462868053E-01    -169.2669072        40
   -0.9440031179E-01    -169.2668981        41
   -0.9106498504E-01    -169.2668907        42
   -0.8924983417E-01    -169.2668722        43
   -0.8782878259E-01    -169.2668555        44
   -0.8502831187E-01    -169.2668071        45
   -0.8071200219E-01    -169.2666278        46
   -0.7846389575E-01    -169.2664071        47
   -0.6049479424E-01    -169.2661051        48
   -0.5765732876E-01    -169.2660655        49
   -0.3018416620E-01    -169.2658344        50
   -0.2510044075E-01    -169.2657773        51
   -0.2189073725E-01    -169.2657505        52
   -0.2071652378E-01    -169.2657382        53
   -0.2030318858E-01    -169.2657333        54
   -0.2007161830E-01    -169.2657301        55
   -0.2000000042E-01    -169.2657286        56
     0.000000000        -169.2655327        57
    0.1999999995E-01    -169.2657883        58
    0.2011202671E-01    -169.2657914        59
    0.2061301815E-01    -169.2658012        60
    0.2161858854E-01    -169.2658191        61
    0.2538438145E-01    -169.2658797        62
    0.3767640733E-01    -169.2661010        63
    0.2376764076        -169.3056845        64
    0.2576764076        -169.3132889        65
    0.2776764075        -169.3208022        66
    0.2976764075        -169.3283467        67
    0.3157650992        -169.3357447        68
    0.3300299601        -169.3424154        69
    0.3424233512        -169.3485141        70
    0.4259102051        -169.3570214        71
    0.4623090730        -169.3714929        72
    0.4760730786        -169.3902276        73
    0.4849010788        -169.3946748        74
    0.4966109176        -169.3969106        75
    0.5012798123        -169.3981898        76
    0.5031206903        -169.3988312        77
    0.5081446488        -169.4000515        78
    0.5142498951        -169.4007608        79
    0.5227247850        -169.4012380        80
    0.5247211094        -169.4016992        81
    0.5272701049        -169.4020406        82
    0.5310251181        -169.4023520        83
    0.5317280875        -169.4024212        84
    0.5369763662        -169.4027155        85
    0.5392335177        -169.4028307        86
    0.5418427724        -169.4029326        87
    0.5425910239        -169.4029735        88
    0.5439811931        -169.4030149        89
    0.5452170721        -169.4030409        90
    0.5458961665        -169.4030575        91
    0.5471498661        -169.4030771        92
    0.5478894513        -169.4030817        93
    0.5480728077        -169.4030889        94
    0.5483222189        -169.4030920        95
    0.5485656775        -169.4030943        96
    0.5489872002        -169.4030981        97
    0.5490547892        -169.4030987        98
    0.5493829889        -169.4031003        99
    0.5495614459        -169.4031012       100
    0.5495858758        -169.4031013       101
    0.5497458320        -169.4031018       102
    0.5498534617        -169.4031020       103
    0.5499508090        -169.4031022       104
    0.5500199728        -169.4031024       105
    0.5501043725        -169.4031025       106
    0.5501717448        -169.4031026       107
    0.5502384985        -169.4031026       108
    0.5502888363        -169.4031027       109
    0.5503012781        -169.4031027       110
    0.5503239834        -169.4031027       111
    0.5503466903        -169.4031027       112
    0.5503885616        -169.4031027       113
    0.5503960100        -169.4031028       114
    0.5504003931        -169.4031028       115
    0.5504110384        -169.4031028       116
    0.5504128970        -169.4031028       117
    0.5504301442        -169.4031028       118
    0.5504392500        -169.4031028       119
    0.5504432599        -169.4031028       120
    0.5504447392        -169.4031028       121
    0.5504468680        -169.4031028       122
    0.5504522331        -169.4031028       123
    0.5504532040        -169.4031028       124
    0.5504543931        -169.4031028       125
    0.5504566736        -169.4031028       126
    0.5504602912        -169.4031028       127
    0.5504655087        -169.4031028       128
    0.5504676951        -169.4031028       129
    0.5504680038        -169.4031028       130
    0.5504690080        -169.4031028       131
    0.5504700591        -169.4031028       132
    0.5504702895        -169.4031028       133
    0.5504706127        -169.4031028       134
    0.5504709809        -169.4031028       135
    0.5504715166        -169.4031028       136
    0.5504722790        -169.4031028       137
    0.5504726216        -169.4031028       138
    0.5504726771        -169.4031028       139
    0.5504729017        -169.4031028       140
    0.5504731690        -169.4031028       141
    0.5504732303        -169.4031028       142
    0.5504733166        -169.4031028       143
