   -0.6264318315        -169.3044657         1
   -0.6264317869        -169.3044657         2
   -0.6264316586        -169.3044657         3
   -0.6264311518        -169.3044657         4
   -0.6264309077        -169.3044657         5
   -0.6264306865        -169.3044657         6
   -0.6264306138        -169.3044657         7
   -0.6264304664        -169.3044657         8
   -0.6264297524        -169.3044657         9
   -0.6264294230        -169.3044657        10
   -0.6264292343        -169.3044657        11
   -0.6264290179        -169.3044657        12
   -0.6264278227        -169.3044657        13
   -0.6264271426        -169.3044657        14
   -0.6264265812        -169.3044657        15
   -0.6264263189        -169.3044657        16
   -0.6264258475        -169.3044657        17
   -0.6264241177        -169.3044657        18
   -0.6264203324        -169.3044657        19
   -0.6264197632        -169.3044657        20
   -0.6264171944        -169.3044657        21
   -0.6264140744        -169.3044657        22
   -0.6264111159        -169.3044657        23
   -0.6264036182        -169.3044657        24
   -0.6263975911        -169.3044657        25
   -0.6263928617        -169.3044657        26
   -0.6263848130        -169.3044657        27
   -0.6263731634        -169.3044657        28
   -0.6263628559        -169.3044657        29
   -0.6263422299        -169.3044657        30
   -0.6263169328        -169.3044657        31
   -0.6262883111        -169.3044657        32
   -0.6262738982        -169.3044656        33
   -0.6262603357        -169.3044656        34
   -0.6262243556        -169.3044656        35
   -0.6261616340        -169.3044656        36
   -0.6260770630        -169.3044656        37
   -0.6260612333        -169.3044656        38
   -0.6259979679        -169.3044655        39
   -0.6259687184        -169.3044655        40
   -0.6259512753        -169.3044655        41
   -0.6259429851        -169.3044655        42
   -0.6258933103        -169.3044654        43
   -0.6258302496        -169.3044654        44
   -0.6258104936        -169.3044654        45
   -0.6257635740        -169.3044653        46
   -0.6256786290        -169.3044652        47
   -0.6256447707        -169.3044652        48
   -0.6255685704        -169.3044651        49
   -0.6254484795        -169.3044649        50
   -0.6253989415        -169.3044648        51
   -0.6253160164        -169.3044647        52
   -0.6252389023        -169.3044645        53
   -0.6250094896        -169.3044640        54
   -0.6249767903        -169.3044639        55
   -0.6248500330        -169.3044634        56
   -0.6247616050        -169.3044628        57
   -0.6247044596        -169.3044621        58
   -0.6243868362        -169.3044612        59
   -0.6241074643        -169.3044597        60
   -0.6239328031        -169.3044584        61
   -0.6237927143        -169.3044572        62
   -0.6235863038        -169.3044545        63
   -0.6230932019        -169.3044520        64
   -0.6227101722        -169.3044463        65
   -0.6225911294        -169.3044436        66
   -0.6221635310        -169.3044296        67
   -0.6208230036        -169.3044191        68
   -0.6199711256        -169.3043936        69
   -0.6175559610        -169.3043291        70
   -0.6171261855        -169.3043093        71
   -0.6146187343        -169.3042037        72
   -0.6132186521        -169.3041297        73
   -0.6124347658        -169.3040639        74
   -0.6111991085        -169.3038924        75
   -0.6073875707        -169.3037992        76
   -0.6047086194        -169.3036242        77
   -0.6033469255        -169.3034522        78
   -0.6012404265        -169.3028841        79
   -0.5865949580        -169.3024934        80
   -0.5812544643        -169.3018602        81
   -0.5786496703        -169.3012838        82
   -0.5733769018        -169.3001908        83
   -0.5520520118        -169.2990663        84
   -0.5397444815        -169.2977632        85
   -0.5301442105        -169.2964521        86
   -0.5216452665        -169.2949949        87
   -0.5059283504        -169.2933892        88
   -0.4927366913        -169.2915909        89
   -0.4846341676        -169.2902361        90
   -0.4736138268        -169.2885509        91
   -0.4576022854        -169.2859906        92
   -0.4499670567        -169.2826017        93
   -0.4220886600        -169.2767144        94
   -0.3788151784        -169.2692252        95
   -0.3621352456        -169.2630301        96
   -0.3431642981        -169.2576535        97
   -0.3346853024        -169.2529884        98
   -0.3250183002        -169.2437064        99
   -0.2924796031        -169.2163886       100
   -0.2782417349        -169.2146598       101
   -0.8042484810E-01    -169.1796153       102
   -0.6424695175E-01    -169.1795079       103
   -0.3071726877E-01    -169.1772527       104
   -0.2065603597E-01    -169.1766391       105
   -0.2000000001E-01    -169.1765891       106
     0.000000000        -169.1758051       107
    0.2000000024E-01    -169.1765669       108
    0.2060363341E-01    -169.1766108       109
    0.2906087046E-01    -169.1770933       110
    0.5327165517E-01    -169.1784391       111
    0.7327165500E-01    -169.1796074       112
    0.9327165494E-01    -169.1807085       113
    0.9925578467E-01    -169.1810563       114
    0.1453034000        -169.1817976       115
    0.1665422663        -169.1839646       116
    0.1703672821        -169.1858920       117
    0.1761927139        -169.1907814       118
    0.2262613448        -169.1995515       119
    0.2400238543        -169.2002794       120
    0.2412444529        -169.2008708       121
    0.2445923048        -169.2010703       122
    0.2511826220        -169.2018188       123
    0.2594576899        -169.2022636       124
    0.2636480101        -169.2027290       125
    0.2693469708        -169.2031668       126
    0.2743476040        -169.2034299       127
    0.2805061728        -169.2036558       128
    0.2817073189        -169.2038051       129
    0.2837309047        -169.2039741       130
    0.2871906078        -169.2041522       131
    0.2929868183        -169.2043511       132
    0.2955586139        -169.2045003       133
    0.2981608331        -169.2046373       134
    0.3005733664        -169.2047430       135
    0.3033444370        -169.2048551       136
    0.3054572803        -169.2049362       137
    0.3076661371        -169.2050057       138
    0.3089847460        -169.2050653       139
    0.3105624277        -169.2051220       140
    0.3122919882        -169.2051631       141
    0.3139712360        -169.2051977       142
    0.3146977680        -169.2052156       143
    0.3150144387        -169.2052244       144
    0.3152826904        -169.2052294       145
    0.3156563830        -169.2052337       146
    0.3159784389        -169.2052365       147
    0.3161875862        -169.2052386       148
    0.3165619675        -169.2052412       149
    0.3169849326        -169.2052431       150
    0.3171552925        -169.2052449       151
    0.3174881682        -169.2052471       152
    0.3177556728        -169.2052482       153
    0.3182264460        -169.2052492       154
    0.3182858266        -169.2052500       155
    0.3183436683        -169.2052504       156
    0.3184975764        -169.2052511       157
    0.3185309760        -169.2052513       158
    0.3188820053        -169.2052521       159
    0.3190684305        -169.2052525       160
    0.3192304973        -169.2052528       161
    0.3192704895        -169.2052529       162
    0.3193692231        -169.2052532       163
    0.3195455156        -169.2052533       164
    0.3196309966        -169.2052535       165
    0.3196817120        -169.2052536       166
    0.3197427024        -169.2052536       167
    0.3198518075        -169.2052537       168
    0.3198948840        -169.2052538       169
    0.3199141062        -169.2052538       170
    0.3199349804        -169.2052538       171
    0.3199721965        -169.2052538       172
    0.3200004014        -169.2052539       173
    0.3200072966        -169.2052539       174
    0.3200217171        -169.2052539       175
    0.3200394279        -169.2052539       176
    0.3200629810        -169.2052539       177
    0.3200768479        -169.2052539       178
    0.3200929312        -169.2052539       179
    0.3200992803        -169.2052539       180
    0.3201038888        -169.2052539       181
    0.3201112543        -169.2052539       182
    0.3201168700        -169.2052539       183
    0.3201183821        -169.2052539       184
    0.3201218239        -169.2052539       185
    0.3201245394        -169.2052539       186
    0.3201259744        -169.2052539       187
    0.3201280784        -169.2052539       188
    0.3201296879        -169.2052539       189
    0.3201338282        -169.2052539       190
    0.3201345142        -169.2052539       191
    0.3201350406        -169.2052539       192
    0.3201363125        -169.2052539       193
    0.3201388153        -169.2052539       194
    0.3201422532        -169.2052539       195
    0.3201429373        -169.2052539       196
    0.3201433170        -169.2052539       197
    0.3201441213        -169.2052539       198
    0.3201455097        -169.2052539       199
    0.3201460718        -169.2052539       200
    0.3201462150        -169.2052539       201
    0.3201465159        -169.2052539       202
    0.3201470557        -169.2052539       203
    0.3201471814        -169.2052539       204
    0.3201473595        -169.2052539       205
    0.3201475226        -169.2052539       206
    0.3201479251        -169.2052539       207
    0.3201485907        -169.2052539       208
    0.3201488910        -169.2052539       209
    0.3201489337        -169.2052539       210
    0.3201491467        -169.2052539       211
    0.3201493184        -169.2052539       212
    0.3201496414        -169.2052539       213
    0.3201497759        -169.2052539       214
