    -1.576532535        -172.8777364         1
    -1.576532429        -172.8777364         2
    -1.576532127        -172.8777364         3
    -1.576531919        -172.8777364         4
    -1.576531628        -172.8777364         5
    -1.576531439        -172.8777364         6
    -1.576530955        -172.8777364         7
    -1.576529796        -172.8777364         8
    -1.576529042        -172.8777364         9
    -1.576527021        -172.8777364        10
    -1.576526635        -172.8777364        11
    -1.576523972        -172.8777364        12
    -1.576522023        -172.8777364        13
    -1.576521041        -172.8777364        14
    -1.576518435        -172.8777364        15
    -1.576508117        -172.8777364        16
    -1.576499393        -172.8777364        17
    -1.576495446        -172.8777364        18
    -1.576489646        -172.8777364        19
    -1.576479694        -172.8777364        20
    -1.576436355        -172.8777364        21
    -1.576422884        -172.8777364        22
    -1.576391987        -172.8777363        23
    -1.576385526        -172.8777363        24
    -1.576323737        -172.8777362        25
    -1.576279477        -172.8777361        26
    -1.576252478        -172.8777360        27
    -1.576211806        -172.8777354        28
    -1.576028528        -172.8777352        29
    -1.575908444        -172.8777344        30
    -1.575819422        -172.8777334        31
    -1.575583363        -172.8777291        32
    -1.575078890        -172.8777250        33
    -1.574675992        -172.8777167        34
    -1.574517329        -172.8777111        35
    -1.573911375        -172.8776625        36
    -1.572431242        -172.8776600        37
    -1.571035626        -172.8775719        38
    -1.570360662        -172.8775044        39
    -1.569470034        -172.8773913        40
    -1.567080728        -172.8766424        41
    -1.558949552        -172.8758493        42
    -1.553243227        -172.8741043        43
    -1.548771706        -172.8718710        44
    -1.543908876        -172.8662101        45
    -1.530262021        -172.8619073        46
    -1.496011004        -172.8378192        47
    -1.490659201        -172.8313598        48
    -1.443445244        -172.7816058        49
    -1.408308009        -172.7293348        50
    -1.393076024        -172.6737123        51
    -1.356752998        -172.5667785        52
    -1.237993850        -172.4463384        53
    -1.226861955        -172.4155473        54
    -1.160934727        -172.2742911        55
    -1.108175396        -172.0898161        56
    -1.009842377        -171.9367462        57
   -0.8981991391        -171.7831481        58
   -0.8104305818        -171.6722220        59
   -0.7586124218        -171.6173715        60
   -0.7119223223        -171.5555189        61
   -0.6774252971        -171.4620585        62
   -0.5472707720        -171.2885130        63
   -0.3472707721        -171.2559870        64
   -0.3272707720        -171.2305351        65
   -0.1823729759        -171.0456610        66
   -0.7078116450E-01    -170.9879548        67
   -0.2175746829E-01    -170.9805540        68
   -0.1999999951E-01    -170.9803291        69
     0.000000000        -170.9790671        70
    0.2000000003E-01    -170.9801489        71
    0.2112465206E-01    -170.9802596        72
    0.3547870600E-01    -170.9814013        73
    0.8243406058E-01    -170.9831663        74
    0.8845276691E-01    -170.9853480        75
    0.1187891774        -170.9913160        76
    0.1276636890        -170.9914516        77
    0.1317200912        -170.9919311        78
    0.1342090300        -170.9920174        79
    0.1362693973        -170.9921712        80
    0.1384672727        -170.9922321        81
    0.1393010450        -170.9923107        82
    0.1400815960        -170.9923538        83
    0.1412880255        -170.9923960        84
    0.1428610631        -170.9924330        85
    0.1429721408        -170.9924370        86
    0.1435023067        -170.9924481        87
    0.1437431186        -170.9924525        88
    0.1445079561        -170.9924631        89
    0.1454567160        -170.9924645        90
    0.1456194752        -170.9924736        91
    0.1457772977        -170.9924768        92
    0.1461209619        -170.9924803        93
    0.1465892228        -170.9924842        94
    0.1467068592        -170.9924850        95
    0.1473811083        -170.9924886        96
    0.1476690269        -170.9924904        97
    0.1480288142        -170.9924907        98
    0.1481304859        -170.9924917        99
    0.1481660468        -170.9924918       100
    0.1482817484        -170.9924923       101
    0.1483784723        -170.9924924       102
    0.1484594305        -170.9924925       103
    0.1484851783        -170.9924926       104
    0.1485206766        -170.9924926       105
    0.1485539602        -170.9924926       106
    0.1485612300        -170.9924926       107
    0.1485647722        -170.9924926       108
    0.1485712601        -170.9924926       109
    0.1485853964        -170.9924926       110
    0.1485983387        -170.9924926       111
    0.1486021563        -170.9924926       112
    0.1486036857        -170.9924926       113
    0.1486067531        -170.9924926       114
    0.1486109141        -170.9924926       115
    0.1486147982        -170.9924926       116
    0.1486165428        -170.9924926       117
    0.1486168152        -170.9924926       118
    0.1486180205        -170.9924926       119
    0.1486195547        -170.9924926       120
    0.1486199696        -170.9924926       121
    0.1486201894        -170.9924926       122
    0.1486207704        -170.9924926       123
    0.1486213063        -170.9924926       124
    0.1486224352        -170.9924926       125
    0.1486228678        -170.9924926       126
    0.1486229361        -170.9924926       127
    0.1486232785        -170.9924926       128
    0.1486237156        -170.9924926       129
    0.1486238604        -170.9924926       130
    0.1486241177        -170.9924926       131
    0.1486243163        -170.9924926       132
    0.1486247191        -170.9924926       133
    0.1486248113        -170.9924926       134
