        0.3388364595        0.4561268957        1.5369942209
       -1.2232405814       -0.4648154352        0.1522890230
        0.2608269345        0.0678618520        1.3709292610
        0.5042552495       -0.1801531539       -1.4244459364
        0.4441625058       -1.0871246849       -0.2465359878
       -0.2565910133        0.7084974534       -0.1586801496
       -1.6326602345        0.1904617552       -1.0471266064
        1.0406379793       -1.1977600109       -0.7327714814
        0.7237512825        0.4963295408       -1.0508914159
       -0.1343175786        0.2539024548       -1.4206695062
       -0.9716681088       -0.0529085189        1.4682474838
        0.4386334558       -0.5083887889       -0.8090465857
        1.6270342858       -1.4601605927        0.5694523483
        0.4209693873        0.4744559865       -0.3384300072
        0.2813500918        0.1445174442        0.9243982523
       -0.8580184558        1.5760104856       -0.2092459041
       -0.5154741252        0.0617208540        0.8600426696
        1.6297451019        1.4872824760       -0.8483715522
        1.0368330086        1.1187091989       -1.5943371067
       -0.0997462200        1.4383957161        1.3014677198
       -0.9588914047       -0.5271454475        0.8954627420
       -0.2173850402        1.5994481385        1.6212510342
       -0.5475431994       -0.4494842549        0.0739049866
       -1.4792128386       -0.2006814393       -0.2571728061
        0.7885467505        0.7271136611        0.7015703879
        0.6247061721        1.1820232300        0.5165936023
        1.5110216394        0.6960577286       -0.2553603018
        0.1853689289       -1.2364706952       -0.9980609911
        1.4483088341       -0.4557723255       -0.3106363025
       -1.1189863791        1.1221085078       -1.1504693874
        0.8134841829        1.2682359698       -1.6386744914
       -0.4346323501       -1.1960244465        0.2968775185
       -0.9471519838        1.5433609091        1.5594398491
        1.3474105032        0.3710909900       -0.3583365078
        0.4117527146        1.0829549910       -0.5804134590
        0.1127240404       -0.1964057810        0.7636509700
        1.2809157090       -1.0412167589        1.3141276599
       -0.4533789848        1.3017916864       -0.2223345056
