        0.2387683547       -1.4276893200        0.4442245278
       -1.1868478400        1.1889426801        0.8188413685
        1.5500663720       -1.5487071886        1.1927848505
        1.1855971519        0.1176283504        0.6574867338
       -1.5427324203        0.9989172590       -0.6088366397
       -1.5134263701       -1.0054575972        0.0091396093
       -0.1046166388        1.4717720675        0.1378179529
        0.2601450731       -1.7165492776       -1.5540032958
       -0.9723658237        1.5798386398       -0.4805905902
        1.7040327678       -1.5117076190        1.6589972617
       -1.3730891525        0.5940373106        0.0968013870
       -0.7021288005        0.7411576248        0.5620058749
       -1.0635153903        0.2130766312        0.8036681766
       -1.0223373952       -0.5977171566        0.5295969564
       -0.8381576027       -0.2732087168        0.3436043562
       -1.0545470073       -1.1256374517        1.5864406355
       -0.2410786143       -0.8748649208       -0.1323373782
       -1.0764954561       -0.4106907687        0.3010229304
        0.7188459079        1.4350168226       -1.3176175378
        1.5942025631        0.8119621071       -0.3084084997
        1.5508725613        1.4170334913       -0.7380005048
        0.4471393717       -0.6291630797       -1.1297298813
        1.4747699779       -0.2393852227       -1.3694304365
        1.3733995416       -1.1776456852        0.0982569902
        0.2611687919        1.3838176109        0.0557483925
       -1.6245425978       -1.1432597200        1.6557962655
        0.4415838557       -0.6349383561        1.4881247051
       -0.9712362777        1.6145861019       -0.5262147206
        1.1906195003       -0.1757969020       -1.4234375259
        0.3355744043        1.2566321685       -1.6981560662
       -1.2229749784        1.6215077910        0.6306460749
        1.2522927171        0.0613863539        1.3445930840
       -0.4869594528       -0.8823613357        0.8943516127
        0.3789353437        0.0101030740       -0.1229013000
        1.2740281741       -1.3220009913        1.3316841961
       -0.9975869484       -0.6287441178        0.4107601609
        1.3544956830       -0.2448818881       -0.7213080246
       -1.5254626639        0.6055452019        1.2353485500
