        0.2197965298       -0.8082411449       -1.6680463334
        1.3879547750        0.7732963928       -0.7537497244
       -0.5188797413       -1.0116580314        1.6983255737
        1.0242432834       -0.4569738657       -1.1059909760
       -0.4393910522        1.6620389645       -0.7303330579
        0.8194301202        1.0149375726       -1.3956824001
        1.2340161456       -0.5167857465        0.4631285493
       -1.0009141824       -0.0210667399       -0.6633266084
        0.5216768323        0.0914304917        0.4070290571
       -0.6872209809       -1.3145186426        1.0931063943
       -1.1152918911       -0.6265488059       -1.1258072173
       -0.1518890150       -1.0513098487       -1.3888439243
        0.1543152370       -1.3664893603       -1.1941070940
        0.6192298012       -1.1944707428       -1.2038102432
        1.7308909578       -0.0348016598       -1.1831533164
       -0.4361795740        0.9870693202       -0.7617199062
       -0.1336533403       -0.8310831081        1.6629401104
        0.6913283366       -0.0520109524        0.5585355574
        1.3787770926        0.2743936567        0.0956273872
        0.7488430819       -0.5672700525        0.2442151624
       -1.6794993971       -1.5738445612       -0.2239358490
        1.0177118931        1.6137391852        1.3359392551
        1.5972575723        0.1786118549        1.6468287729
       -1.3372796186        0.0792809729        1.6176944096
        0.5900750418       -0.7037728184        0.5064230370
        0.9252752421       -0.4464805050        0.6961316650
       -1.1436358009       -0.4082637691       -1.0499878197
       -0.7560848951       -1.5640571615       -0.9192154797
        0.1196452230       -0.3316963909       -0.6960997547
       -1.3839931611       -1.2386345404       -0.4410356475
       -1.6394624188       -1.4051109613       -1.7147621618
       -0.1000822154       -0.9001270617        0.7573716069
       -0.9806265519       -1.0774226891        1.7069612198
       -1.0817423639       -0.7923559267       -0.6987946543
       -0.3587345494       -1.3358244364        1.4715900891
       -1.1756091103        0.8050267632        0.1813320463
       -1.4288384733        0.5329888047       -1.5056581853
       -0.9217167075       -0.0565166562       -0.2539316777
