       -0.3876082523       -0.1029687721        0.1386571139
        0.6138289086       -1.6978320980        1.1800132615
        0.5011386667       -1.6590673750        1.0259497153
       -0.2930761417       -1.6080813810        1.4704635530
       -1.6619051789       -0.4525201731        1.4546553263
        1.6933250489        0.0539315602        0.5278576125
        0.7801018679        0.1313798271       -1.1007911368
       -0.5894995078       -1.2371299909        1.4065442327
       -0.5890197370       -0.7484089714       -0.9058637545
       -0.0195401669       -0.3370564010        0.7594976733
        0.2022033537        0.1480812310       -0.8666626787
        0.8026669686       -1.3958328554        1.4432422352
       -0.4084662113       -1.4381170228        0.9327381610
        0.2217828713       -0.3023277944       -0.5964774198
        1.5149932029       -1.6971394337       -1.3447728492
        1.4465896411       -1.0750638075        0.6780689483
        1.4680251070       -1.5607862698        0.1140799380
        0.5476503478        0.7700904137        0.8088642427
        1.5021380489        1.6744961865        0.7577874232
        0.0616167140       -1.3684164495       -0.5302094449
        1.6657619318        1.6671915125       -0.1195649246
       -0.9302730214        0.2414036922       -1.5801670230
        0.8958850301       -0.5609210842        0.3971112482
       -1.3914709545       -0.0814858263        1.2120511383
        0.7476970048        0.4457108460       -0.8046439283
       -0.1255225456       -0.1856853736        0.1045527569
        1.2032690988        1.3457957308       -0.7717942259
       -1.1358695453        1.5762896855       -1.1668912446
        0.7454455555        1.6694023956       -0.3487502599
       -0.4097635148        0.7188324643        0.1651542540
       -1.3100201252        1.0223191188        1.6605979792
        1.0021527272        0.9060207137       -1.2679272260
       -0.3566173373       -1.3692056142       -1.5927691593
        1.6158320185       -0.9520913658        0.3414817854
        0.4963752608       -1.5770201301        1.0843788275
       -1.1609748495       -1.1142243218        0.9971128395
        0.0936708832        0.5240195878        1.7203132192
       -0.7005645100        1.3438891651        1.5608470513
