        1.5544602317       -0.2476738575       -0.2163596357
        1.3337291124       -0.4879324139       -1.3165145691
       -0.7458219364        0.7706175822        1.6643514727
        0.1757976441       -0.9409712423       -0.4444111326
       -0.9892425730       -0.6148227512       -1.4433469979
        0.9648217031       -1.4583398987       -1.5373100623
       -0.4412676997       -0.8886154297        0.4995593324
        0.6199239382        1.1746614523       -0.2769627637
        0.8137467372        0.1690426009       -0.2036075942
        0.3682348080       -0.9560289574       -0.6353071184
        0.5386817583       -1.2455611929        1.6502835610
        0.5356694526       -0.3612156620        0.9502978540
        1.1637305000       -1.5070648858        0.5007951768
        0.0388247730       -1.2797962996        1.6185008085
        0.2987027421       -0.7180320822       -1.4213289519
        1.4352405980        1.1956188217       -1.1515566542
        0.0891379890        0.9546242781        0.0203649681
       -0.6109237981        1.3508276772       -1.4271689668
        0.1237238590       -0.5151027594       -0.6037358802
        1.4866509287        0.9659297175       -0.1990882356
       -0.5421405728        1.2200879637        1.6005934493
       -1.0673898776       -1.2174635306       -1.3484393500
        1.4878281806       -1.4631565352       -0.9744198879
       -1.6771906667        0.2553283673        0.9605926859
        0.3854793032       -1.1693585442       -1.0390401122
        1.2999152066       -0.4227909105        1.2768566592
       -0.0591000843       -0.9294796546       -1.5605894331
       -0.9023883267       -0.9658942616       -1.7302202688
       -0.4140101518       -1.6291748201        0.6490739179
       -0.5809094673       -1.3687843117       -0.6451445628
       -0.9430408422        1.3210017448        1.3600272139
        0.6728496503        0.1346601426        1.1973803667
       -1.2820351474       -1.1486930116        1.5338102348
        0.9020465032       -0.5139905960        1.4055410842
       -1.7077007365        1.0176017927        0.8394018884
        0.4507333331        1.5491844091       -0.6664837896
       -1.4963559232        1.3634992622       -0.4482223573
        1.4903594072       -0.3066115133        0.2714745380
