       -0.1481347681        0.8547161990       -0.9695009116
        0.9360188023       -1.6301379074       -0.8156420757
       -1.0462753198        1.1825763887        0.0912973465
        1.4013069148        1.6643967330       -0.7335810373
        1.2218742374        0.8953500752       -0.2980510925
       -0.4142412297        0.6918994071        0.9880137198
       -0.1625121801        0.7321755627        0.8287044466
        1.1857452456        0.0483705548       -1.0999653887
       -1.4537025258       -1.1990309918       -0.0696593933
       -0.6615643166       -1.5917626217       -1.4347847317
       -1.2237294485       -0.8495526384       -0.9002260817
       -0.1562496029       -0.7807550935       -1.0067403908
        1.0960992896        0.1432752377       -1.4701038564
       -1.0998553867       -0.3962174709        0.2111066079
        0.2108382803       -0.9614935447       -1.6134602095
       -1.4822070905       -0.2169753004        0.4322265838
        0.2894928751       -1.5560167309       -1.4033059723
        0.1009228750        0.4762981267        1.1012664022
        0.6043289566       -1.3565547429        1.0515464031
       -1.1169600409        0.9951266206       -0.1026698440
        0.5956643829       -1.6203730346       -0.8839459916
       -0.9927123630       -1.3559659783        1.1573051645
       -0.7270486565        0.0776155234       -0.5060441784
       -0.2357861591        1.5404986570       -0.5588448560
        0.0742725326        1.1950185557        0.5023913454
       -0.7150410871        0.0480948828        0.8127742536
        0.5604233692       -0.7078479685        0.6950876260
       -0.1339385748       -0.4382984186       -0.1842988110
       -0.8386144643        1.6626138968       -0.8556599969
        0.5733938178       -0.7585885829       -0.1684152687
       -0.3408728909        0.4105151975        0.4654567594
       -0.7056814924       -1.7043689196       -0.2537757669
       -0.6032719354        1.2305289116        1.3442116411
        0.7920322989       -0.6804163753        0.1662227911
        0.2120287886       -1.3459443294        1.1964458071
       -0.8704689271        0.6215902959       -0.3844019086
       -0.5744309220        1.3615151306       -1.0701364254
       -0.6623684266        0.7860259187       -0.1673150762
