        0.7711251000        1.1307944793        1.0493877779
        1.3190601104       -1.2616225954       -1.3656705357
        0.3126090779        0.1558788904        0.9956892015
        0.5786546982       -1.1233333880       -1.1283361292
       -1.1944648292       -0.0699090654       -1.4606108858
       -1.0213783939       -0.9661500377        1.2811262861
       -0.3249740501        1.4933251992       -1.0904003788
       -0.9015240159       -1.6873944473       -1.0833846865
        1.0119195098       -0.6428486952       -1.2783733923
        0.0663296606       -0.5264934929        0.9004213472
       -0.8070620057        1.1839757722        1.2787448727
        0.5614478381        0.1749168684       -1.7138482643
        0.1061134760       -1.3426917673       -0.6312142435
        1.6649111032       -1.4530815653        0.0585853415
        0.9234215505       -0.8465007489       -0.0727529523
       -0.6381150720       -1.5245406316       -1.6831639896
        0.0320020927        0.7970313461       -0.0254816359
        1.6790381850        1.0052522063       -0.7763197402
       -0.8668014729       -1.4077293936        0.8502538343
        0.6768903770        1.2013521141       -0.7890762532
       -1.5312312524        1.5254749589        1.0954132019
        0.0690001169        0.5245918665       -0.5104487893
       -1.4626115048        0.2292207808        1.7254563500
       -0.1381925514        1.6009883744        0.4020000982
        1.4668987371       -0.0085964389        0.3868614589
        1.6666587885       -1.4213777191        1.0027968856
       -1.6541290351        0.8415809774        0.4326661078
        0.2578243558        1.1528983791        1.4175016478
        0.8085976928       -1.0229621804        0.8389760386
       -1.1476467062       -0.5631404732        1.0230178968
       -0.5300116823        0.4708163792       -0.8153456996
       -0.1007688629        0.4307865889       -0.5890493309
        0.2389289128        0.2503123906        0.3136000927
       -1.6859001717       -1.7010920207       -1.4030619267
        0.7707631047        1.3806175955        1.7162791837
       -0.3371726747        0.0410155069        1.3233879410
        1.6085081228       -1.7174208425       -1.1221082610
        1.4873086323       -1.4543849969        0.4090980957
