        0.3175359680       -0.3903448327       -1.3149438794
        0.5267553939        0.3883756353        1.0618588193
        0.6542053521        0.1079928433       -1.0388212487
       -1.5737998848       -0.4102202925        1.6681471876
        1.2867474826       -0.5660034366       -0.4082408535
       -0.3241154673       -0.5349353624        0.7065230021
        1.0980776269       -0.3967240676        0.2414459006
        1.2594352958        1.0021076895       -1.5768872125
        1.6055826421       -0.0214434128       -0.3965861316
        1.0810759222       -1.4607918044       -1.0658225544
        1.3445552697        1.1768581079       -0.2734445033
        1.5182595231       -0.4712182842        0.8153075385
       -0.6605781926        1.0812753382       -1.4248328347
        0.1690119263        0.4828554330       -1.6789602514
       -1.0102419120        0.0201202418       -1.3427308542
        1.5754098760       -1.5700627593       -1.4397108943
       -1.3184588378        1.0374689450       -1.2328262164
        0.5132468482       -1.4034066796       -1.4187345532
       -0.6530429375        0.1540974107        0.5203458780
       -0.2913813322        0.1821083932       -1.5095372811
       -0.4408843615        1.4813080964       -0.1328713443
       -0.4916057171        1.1003844635       -1.5470556682
        1.6024714116       -1.5469711580       -0.7596461267
        1.0252692848       -1.2602181855       -0.9697679229
       -1.3535749718        0.9936331887        0.4579296828
        0.2871455659        0.4300525971        0.2868121950
        0.6230343477       -0.1535293228        0.3695448823
       -0.6409011584       -0.0381161036       -0.8294107271
        1.4545500701       -0.6768453715       -0.2301092961
        0.5619759212       -0.7678762190        1.6542883350
        1.6231809560        1.3061015439       -1.3210551739
       -1.3350609426        0.4198995404       -1.0150771540
        1.4169980096        0.7444827489       -1.1121893116
        1.0033771589       -1.3831005469        0.8765848914
        0.1708264212       -1.4757962663       -0.7402839660
        0.1865263864        1.2056864520       -1.6860719940
        0.0118326168       -0.2130566788        1.5470061073
       -0.4395282945       -0.1933594051       -0.6389025768
