        0.6429523126        1.5330481621       -1.5739767287
        1.7188428110       -1.4507745771        0.7550855631
        1.2546867126       -1.4960804851        0.8420830138
       -1.1475494203       -0.2037893791       -1.6765451968
        1.4477558722        0.5831994761        1.5171548720
       -0.4300560281       -0.9043945641       -0.3646476506
        0.1299179925        1.6121374659       -0.0348249691
        0.9377036832       -0.6012930303        0.1155159340
       -0.6195672467        0.0135673133       -1.0084435949
       -0.6373062405        1.0675834945        1.6894531830
       -1.2442398624        0.9084028901        0.8025956599
        1.2034812857        0.1507448075       -0.6048712237
       -0.8317431862       -0.4635645374        0.3184478200
        1.4498781995       -0.9087111644        1.1476824444
        1.2889103857       -1.6699311707        1.0030864431
       -1.4577126084        1.3096986460       -1.1271020237
        0.0206380107       -1.1705745765        0.0695866281
       -1.3238882386        1.2315560324       -0.8879228331
        0.9601884936       -0.5280901599       -0.8213064968
       -0.7288561086        1.5793982931        0.0227390951
       -0.6453351810        0.3789941104        0.8952247988
       -1.2018828669       -1.6171755437        1.6284061773
       -1.6491874932        0.0307016534       -0.3230438541
       -0.6925855787        0.0838206743        1.1423683349
       -1.3614136426       -0.0462296446        1.1247935449
        0.9096658539       -0.9815967255       -1.2138350779
       -1.6442745822        1.2414723863       -1.0228756183
       -1.5674492276        1.2797826351        0.8794403120
        1.1368130576        1.3647262216        1.5217190344
       -1.1152839224       -0.6649513385        1.0696345647
       -0.1484519871        0.4528847703       -0.0473521834
       -0.6635950779       -0.5440227468       -1.1508244141
        0.2231854600        0.7466442470       -1.4299866878
       -0.8793835826        0.8657993099       -0.5829802641
        1.6315767521        0.6998195071        0.7083182285
        0.9764252349       -1.6261434234       -1.0706924764
       -0.5682674858        0.3220747128        0.9176467370
       -0.0007122158       -1.0002703708        0.7400343811
