       -0.8360840329       -1.6253766840       -0.4830328528
        1.5210280881       -1.2375361900       -0.1226508698
       -0.5974825428        0.4330557145       -1.6681903040
       -1.3774561056       -0.2527075008        0.5414859502
       -1.1508436568       -0.7323184203        0.2899009696
       -1.3470685748       -1.1714367951        0.7718809154
       -0.1015490022        1.2038567294       -0.8613095775
        1.3140795170        0.1341267830        1.1866193479
        0.4505812583        1.1195893052        1.2732372108
        1.6451155337       -0.6023289377        0.4660827834
        1.5421254034        0.4573227611       -0.5718346956
        0.2571920617       -1.4399396896       -0.2663858638
        1.6153644024       -1.4078488967        1.0492595850
        0.3930774288        1.1640327753        0.0933712647
        0.6783817619        1.0680156176        1.4577512099
       -0.8046479787       -1.0023163856        1.6758420845
        0.8440383951       -0.4875570863       -0.3136731919
       -0.8354779517       -1.1491816351       -0.1148326386
        1.3657168671       -0.0053387971        1.6924723911
       -0.6925347645       -0.0580027663       -0.4897645851
       -1.1646577572       -1.5002117695        1.2868354932
        0.0528145446       -0.7350594126        0.4033414086
       -1.1661397942       -1.1871510637       -1.3259426737
       -0.8524804613        1.3639509893       -0.8020056613
        0.2450101761        0.9242625633        0.4105663633
       -0.1016914404       -0.2878064489        1.2353022509
       -1.2450064566       -0.6178384557        0.4277345817
        0.9546713064       -0.2973608591       -1.5777368263
       -1.5279269534        0.1075854731       -1.6497605963
       -0.0625212249       -0.5580353906        1.1492348189
        0.5754171863        1.2651530669        0.6750234902
       -1.1571871825       -0.5528273181       -1.2677935535
        0.1870107336        0.3374788827       -0.6410039434
       -0.0941944270       -0.5485358595        1.5983505269
        1.5900140831        0.1936918678        0.5355342895
        1.5617258090       -0.8762957936        0.1994087049
        1.4566645351       -0.6804396152       -0.8570141136
        0.0950395097       -1.0716735223        1.5348647702
