       -0.1319444743       -0.3453832823       -1.7189355819
        1.7237746453        1.1986555465       -1.0039035837
       -0.1103153108        0.2713806315        0.7350166929
       -0.3453512446       -1.1275532314       -0.7750650290
        0.4652221392       -0.0838438997       -1.7297010851
        1.3127763419       -1.6986175590       -0.6966172672
       -0.5657460410       -1.4112234413       -0.5773089212
       -1.5866943274        0.1175856307        0.4391976078
        0.6297006640        1.5159388074        0.3603725311
        0.7249348722        1.2392076999        1.1951335599
       -1.6046795008        0.3107747418        0.6699333288
        1.1603074560        1.0314353810        0.9699658500
        0.1538409378       -0.6741494218       -1.2147044394
       -1.4958691951       -0.9173269242        0.5111478366
        0.6470512930        1.1761122968       -1.2083378883
       -1.5709714223       -0.3178188005        0.9774805156
        1.4928809149        1.5315071390        0.7555570523
        0.1623432936        0.3420510525       -0.7491431584
       -1.5566410644        0.7670349561        1.3848368775
        0.6170496847       -1.2164163332       -0.7493726684
        1.7010163567        0.9687911421        0.3615384235
        0.8241315686        0.8956547362       -0.7862104087
       -0.7096014851       -0.5829973484        1.2026741060
        1.6468051458        1.5070342595       -1.2951109280
        1.5235352021        1.4851823578        1.1721137995
        0.8184207854        0.7830607365       -1.5135395322
        0.0658163066       -0.4063469974        1.1849021244
       -0.6654152171        1.0094105955       -1.0192941987
       -1.7155246668       -0.7661855422        0.7579289016
       -1.1607569861       -0.4701806025        0.4571455607
        1.0381069447       -0.3548378983       -0.7670086174
       -0.0853490605        0.5486250897        0.3482115287
        1.7093221726        1.4245004091        0.9909403909
        1.0995858654       -1.1917228368       -0.6292574153
        1.4582696596        1.6279001404        0.1167554837
        0.6589847680       -0.8563505222       -1.5160135196
       -0.2487222583        1.6343967700       -0.8456978180
       -1.3490142162        1.3759603185       -1.7164687356
