        0.6984793146        1.6280289027        0.3164357593
        0.1155685178       -1.0009279131        1.6646003399
        1.4647441269       -0.6191674130       -0.5195636271
       -0.2912652553        0.3033729787       -1.4156383148
       -0.6660731981        0.6942913250       -1.5407960332
       -1.2924577479       -0.4935912053        0.2713846917
        1.5920271213        0.9398277026        0.8390897975
        0.2245513588        0.4541619810       -0.2697775573
       -1.0593139927        0.2978243377       -1.0456370411
        0.1184996766       -1.1832634943        0.8532687032
       -1.5491898243       -0.6886971430       -0.8057937090
       -1.6040418593        1.4282727776       -0.4799311444
        0.2086109952       -0.7192047335       -1.2436204828
       -1.3693867151        0.7359814836        1.6624474880
       -0.0931905671        0.4053975908        0.3576088458
       -0.6149796928        1.6899173277        0.8499795125
       -0.3397914732       -0.3679248318       -0.4068425136
        0.3344614990        0.9155232693        0.2420878329
       -0.2343646438       -0.8969864776       -1.4927603616
        0.4789531957       -0.6342558253       -0.3397874776
       -0.9425084295       -1.6269479867       -1.6188699080
        0.0698845915       -0.9179926933       -1.0781711149
       -0.2830327079        1.4624643371        0.2198810174
        0.3245051709       -0.4314339203        1.5851328227
        1.6845567078        1.4954275628        1.0686580259
        0.8181030761        1.5938294132       -0.9251830729
       -1.3748270978        1.0255033775       -1.2792655630
       -0.6755696788       -1.5734888618       -0.4547772634
       -0.6561633805       -1.0359355147       -1.1612602130
       -1.4234203335        1.5033380115       -1.3960635155
       -0.1219972812       -0.3705688898        1.3079231074
       -0.1854580219        1.5318863767       -1.5468740301
       -0.3934781514        1.2111293706        1.0438587425
        0.3398512982        0.5975107026       -0.6568906780
       -1.1256261390        1.0145817087       -0.5068504983
       -0.2173075938       -0.5519007239        0.6938627458
        1.7297311081        0.8002445712        1.0624083389
        0.0159466345       -1.6333025540       -0.1063801518
