       -1.1476528779        0.4675585745        1.5826088663
       -1.3745185573        0.9476676864        1.6621656991
       -1.6429597186        1.5774890964       -0.6807340137
        1.6731308926        0.1758212711        1.4648651447
       -0.3835509301        0.4335009602        1.5577437540
       -0.0723014914       -0.3936489785       -1.2418553938
        1.6744992675       -1.6764294232        0.1494259160
        1.2532222890       -0.5218448106        0.8449422510
        1.5034806062        1.1691918015        0.4595574567
       -0.6513728472        0.7285013851       -1.6227343182
        1.0357998516       -1.1644262486        1.1656483833
       -1.1840025174       -0.1678799751        0.3757032856
        1.5350147077       -1.0623383853       -0.4841260865
       -1.0044404760       -1.0135640374        1.0356289632
       -1.2853159726       -1.3315317551        0.8310667819
       -1.0639094799       -1.2946318702       -0.5365351088
        1.4809666052        0.5659093849       -0.4236693230
        1.1566137165        1.6840756159       -0.9577743069
        0.5602780888       -1.5688037476       -0.0864368354
       -0.7415172843        1.3245895910        0.3526242648
        0.7318046905       -1.4038247479       -0.4890688027
       -1.4941479840       -0.4884206002        0.3411340886
        0.6960328579       -0.0469116254       -1.4254276517
        0.3524538136       -0.2452477016       -0.6121228236
        1.5918920631       -1.5834022831        0.9090692448
        0.4816910392       -1.7306322766        0.3674299688
       -0.7925337191       -1.2659998675        1.4804038647
       -0.8725597037       -0.4796774251        0.0774830106
        0.6183085141       -0.9740248208        0.0529913402
       -1.3308196998        1.3714805308        1.7276608420
       -1.0072912638       -1.0211901648       -1.2301094722
        1.0212580375       -0.8555972118       -1.0645007190
       -0.6914601638        0.5642276302        0.6174349522
       -0.6680922903        0.6339565940       -1.4737890611
       -1.6685128285        0.9392415221       -0.3157597148
       -0.6435065327       -0.4890531960        0.3513394677
       -0.0787976032        1.0265378492        1.5768423393
        0.7960680104        0.5337658115        0.0301480382
