        1.2531317023        0.1129260971        1.0393470267
        1.0032996124        0.8412882323       -0.9146205909
       -0.5835965224       -1.5546697715        0.9834111608
       -0.9314722097       -0.4925767892        1.1497987887
       -0.3787716707       -0.4366899453       -1.0483996940
       -1.6350793766       -0.3532996286        0.4387366860
       -0.0382292543       -0.1274959323        1.4547659397
        0.7093227531        1.6546962020       -0.7945140792
        1.0362896010       -0.5375011254       -1.2248562653
        0.6434455076        0.6713000971        0.0595254857
       -1.1589677443       -0.0609704666        1.3542653310
        1.6138530715        0.7135972579        0.3110799222
       -0.9694826352        0.5955973861       -0.4637304429
        0.0799433239        0.9909159622        1.0404512939
       -1.6794031774       -1.7239157381       -0.8057994581
        0.8141989547       -0.9782304303        0.9966485093
       -0.2292429818        0.6219487053        1.0945779526
        1.4312584252        0.2392980009       -0.4826673716
       -1.2720280471       -0.4639826540       -0.2090303555
       -1.4742952077       -1.5098920272        0.8837483645
       -0.7900765224        0.0017781833        1.4597817776
       -1.0885586516       -1.0759893257        1.4935496005
        0.0777243575        0.5113651355        0.6639629659
        0.0154295802        1.2994878340       -0.7693111535
       -0.0832382750       -1.5421656212       -0.2624108322
        0.4009682414       -1.6602789310        1.5658226780
        1.6787721238       -0.6805289067        0.3836335691
       -1.6647004100        0.9289539234       -0.2580554805
       -0.7258146301        1.2910525444        0.9625730283
       -0.3003759490       -1.2225220108       -0.5741476152
        0.4647638919       -0.6686578038       -1.3407562045
       -0.5365958467        1.2881303786       -0.1085226589
       -1.0278212058        1.4047878771       -0.2350437033
       -0.5974842946        1.0789052488        1.2078322385
       -0.1139304022        0.8199231314       -1.2909882173
        0.5120430367       -1.4114393158       -0.9089632997
        0.7354679087       -0.5860687838       -0.5649223690
       -1.5273817182        1.5208472662        0.2226109923
