        1.5994747723       -0.3183188028       -1.5308939198
        0.0244434090       -1.1292721503       -0.0536809235
        0.1357199609       -0.3681808030        1.6126880034
        0.8532845858        1.4314226434       -1.4112255932
        0.3018573392        0.9439648490       -1.2695564067
       -1.5488606716        1.1553527529        1.3907192927
        0.2352141061        0.8991902341       -1.1850829398
        0.8310708711       -0.7785669696        1.4580132899
       -1.4632578184       -1.3167874117        1.0223299427
        1.5255554590       -1.1874497514       -0.3600656489
       -1.7229495359       -1.4077177470        0.4778655337
        0.6108010091       -1.4276920978       -0.8315253453
       -0.8129686658        0.8820264501        0.8617271843
        0.1621607070        1.7287535788       -0.4804628538
        1.3162360774       -0.5853014847        0.2268387076
        0.8865331572       -0.4806438515        1.2645410768
        0.7035383788       -0.2653493467       -0.2266529674
        1.2044705923        1.2868158925       -0.9351216795
       -0.2254622608       -0.6725946744       -1.4977193089
        0.8795266031        1.3775343522        0.8784693109
        1.2010173898        0.0389608862        1.7241649956
        1.2911523210        1.0277311643       -1.2919929967
        0.8953180745        0.8156409723        0.1037550880
        1.0670254529       -1.2736982536        1.1014335934
       -1.7097226274       -0.9024018800        0.1004097776
        0.1553365442        1.3686515069        0.1791586806
        0.6974390664        1.1283213371        1.6993547980
       -0.1572745799        1.6665195910       -1.1605500692
        0.1347196514       -1.1310312449       -1.5932179022
       -0.4465373845        1.6287628832       -0.0755312911
        0.5504182820        0.1542230936        0.2922020507
       -0.0265063113        1.2582577600       -0.2043314333
        0.9911815991       -1.1913190945        0.0073149825
        0.9949375817       -0.7092253574       -0.7514150134
        0.3049712733       -0.9706111199       -0.6506321093
       -1.2182001131        0.0230753180       -0.1525120902
       -1.3360514009        1.6984809554        0.9854898602
        0.1644944404       -0.0899219917       -0.6065865647
