        1.6668517876       -0.2788916966       -0.8821537010
        0.2458038349       -1.5157063583       -0.9380262157
       -1.6260582050       -0.2801568542        0.9997459914
        0.3384448542        1.3987827664        0.5882321596
        1.6411041622       -1.2166116552       -0.9417387237
       -1.4382497582       -1.5543361877       -0.6215091700
       -0.6845372326       -0.7358048977        1.0398053207
        1.4499028395       -0.0023396043        0.9365288220
        0.1878119045        0.5265132582        0.8605951702
        0.7581083523        0.0267619051       -1.6712955000
       -0.1626148312       -0.6378281519       -1.0096741838
       -1.4481739888       -1.0446322536        0.2018734929
        1.3455527498       -0.1780503322        1.1398100679
        1.6392180990        1.3745147149       -0.0338562311
        1.2166674280       -0.1281032895       -0.9090113684
        1.1795090683       -1.0659462532        1.4697352780
       -0.2188171148        0.1087065779       -0.6678005051
       -0.3846228466       -0.9109521770       -0.6397910566
        0.3058802089       -0.8626100297        0.1698497968
       -0.5415171136        0.8813165354       -0.0623714665
       -1.0144417111        1.5705460532       -0.4032593568
       -1.2417474324       -0.6248572968        0.7757403138
       -0.5458715104       -1.7081744098       -1.6065646623
       -1.0673009959        0.6937346675        0.5613369312
        0.4918617819        1.0497231087       -0.3425689119
       -0.9702324080        1.1631348088       -0.3968756569
        0.8314084264        1.1868804601       -0.1210453307
       -1.2445341431       -1.1697795466       -0.6822822684
       -1.0831853237       -0.6534646320       -1.5779502941
       -1.1742426098        0.5513732506        0.3582691578
       -1.4378384553        1.5323139848       -0.5674803343
        1.6027924923        0.3317721968       -1.4651521939
        1.4854591606       -0.2867916764       -1.5423581783
        0.1976206180       -1.1733417478       -0.6637213754
        0.4584018333        0.8211273752        1.1264182927
        0.3969192170        1.6549010864        0.9748754494
       -0.2930398696        0.7603935621       -1.1988020674
        0.4476334410        0.2225281694       -0.2114963340
