        0.0865382235       -0.6473220483       -1.1670506187
       -1.6893041989       -0.4747566905       -1.4096782660
       -1.4211277502        1.3491907263        0.1006935344
       -0.6893519221       -0.8764037970        1.4203116759
       -0.6041043101        1.4821479333        0.2427037444
       -0.3500344601        0.5463061516       -0.6199720327
       -1.5898705561       -1.4716710230       -0.1606364939
        1.4799515471        1.1254229516        1.1511966849
       -0.7204225031       -0.6242881120       -1.0049034545
        0.0541065878        0.4303218828       -1.2929529045
       -0.3588324822        0.2625206616        0.9887283851
        1.1551623864       -1.1058648898        0.1056012738
        1.4157817466        1.4159372686       -0.4840877770
       -0.0809212081        1.2015070070       -1.5894568013
        1.5471159109        0.1341420865       -0.9846290675
       -0.9300931045        0.3534941973        0.1298207550
       -0.4648784590        1.2966718246        1.1812176617
        0.4005496441        1.6325188078       -1.7226647919
        1.2205824266       -0.9177893074       -0.1841657836
       -0.4729396840       -0.4873001730       -1.6769209277
        1.1674808303        0.3596019655       -1.0270845862
       -1.6631177544        1.0379159635       -1.4666595195
        0.8303916504        0.2456649278       -0.2344350685
        1.2960562422        1.1787674046       -0.9621345157
        0.3466314863       -0.1684651215       -0.7835263378
       -0.3585480156        0.6420207114       -1.0806979039
       -1.2222778216       -0.4865890339       -0.0792908435
        0.5000947067        0.1477044032       -1.4052913734
        0.1033829882        0.5350344324        1.5849752891
       -1.6728216569       -0.7007705252       -1.3660377010
        0.4172109318       -1.3267078210        0.2047642807
       -0.2617356959        0.4646062713        0.7457263458
       -0.3186839453        0.1712751173       -0.1795121813
        0.4437495575       -0.0475457584       -1.1813319142
        1.2884294776        0.5525605746        1.3150709674
       -1.2823948312        1.1171306567       -0.3708530112
       -0.7765466660       -0.1119642841       -0.7768028534
        0.3243023302       -0.2790461701       -1.3132720017
