        1.2507827654       -0.9597449577        0.7170699305
        1.3880232091        0.9412502131        1.6451802157
       -0.0773205394       -1.7267639320        0.8474040386
        1.3979368740        0.0147165602        1.5878869779
       -0.4881999107        0.5955648096        1.2457988071
        0.1775937190        1.4212073195        1.2808275532
        1.4637000621       -0.4248793643        0.0295092578
        1.1071571539       -1.5763847098        1.5636057748
       -1.1635906396       -1.3108836133       -1.6672290041
       -1.5237389235       -0.2177980933        0.9002930543
        1.3900124041        1.3669916742       -0.2820795993
        0.2865854402       -0.5112759505       -1.6142624193
        0.4456282666        1.1103893313       -0.5997949365
       -1.5959131729        1.2464741548       -1.4340468829
        0.0000930330       -0.3250721748       -1.6309728775
        1.3455168068        1.4432857631        1.1930774842
        1.2350251416        1.6037023699        1.0228527075
       -0.8486657506       -1.1183136963       -1.2508616491
       -0.3346167758        0.5424086616       -0.0646316539
        1.4101183740        1.5123292231        0.3504632377
        1.1980907606       -0.7489360786        0.0261095134
        0.2941521636       -0.5536967392        1.2284540207
        0.3597381706        0.8533194755        0.6231538153
       -0.1498403531        0.5219257204       -1.3954486412
        0.4009652620        0.1061103305        1.6809113789
        0.0371838168        0.0645523701        1.3576757735
        1.2928159493        1.2723273267        0.5053063845
        1.3382179432       -0.8314202778       -1.5483731853
        0.5810993918        0.9602798514        1.5402480687
        1.1765967957       -1.3373788854       -0.9828164825
        0.1848032525       -1.6427271227       -1.2530758020
        1.6622232932        0.6678792711       -0.9433675478
       -1.2379566650       -1.2459669097        0.6957125402
       -0.1049595044        0.0350596619        0.4193856944
       -1.3601203074        0.9626997194       -1.4910734918
        0.1706771161        0.3090046878        1.3288739551
       -0.0959147170        0.9797611942       -1.4937759730
        0.3218609709       -0.0041930733       -0.7220162811
