        1.0921434732       -1.7051222122        0.9854134251
       -0.0263858984        0.4036352989       -0.6191050103
       -1.7196433770        0.1453455410       -0.8973134171
        1.1549676741        1.2867574064       -0.7136565070
       -1.0464626537       -1.2837520902        0.1952979892
        1.6204800330       -0.6294898014        1.6264656349
       -1.3898415351       -1.5950268610       -0.9690736230
        0.6410170224       -0.4948066778       -1.0671371277
       -0.8450565051       -0.6539203580        1.4441670114
       -0.4687596615        1.1703943467        0.2170729235
        0.8633441038       -0.3810635974        1.3542895565
       -1.0765583621        1.6488139658       -0.7998731989
       -1.1965972480       -0.0480594350       -0.6108187451
       -1.3818133576        0.7095139439        0.5880042305
        0.8863454120       -1.4413544153        1.0659465984
        0.6308683421        1.3704374097       -1.4271293201
        0.9362682276        0.1299054136       -0.5992468945
       -1.6624046215        0.7820802051       -1.3644520353
        1.4091538495       -0.1541880410        1.1875066776
        0.2131019940        0.5196128363       -0.0627871860
       -1.7050461692        0.5362848285        0.8502494499
       -0.2532892904       -1.7287755137        1.6886675075
        1.2652838407        0.6456244675       -1.3480763965
        0.3477810090        1.5665376772       -1.3991612767
       -1.3288774733       -0.0202273095        0.7233427283
       -0.4139947467        0.0073350704        1.5518310642
       -0.8702003479        1.4459189133        1.2159933289
       -0.0099205649       -0.8402307030       -0.4943044962
       -0.2903972198        0.8104908069       -0.4377307872
        0.8809369040       -0.7345474233        1.3640310764
        1.5686680909       -0.5294124729        0.8242624280
        1.2894772396       -0.8280405487       -0.5603624296
        0.1327671640       -1.2493921426       -0.8599950607
       -0.0780468110       -1.5813142116        1.3630957280
        0.7936453533        0.2282123235       -0.2758572269
        0.3362431851       -1.3805808781       -0.4784328006
       -0.7720768988       -0.5561647259        1.1617602202
       -0.2403993500       -0.5600755482        0.3993320954
