       -1.1346261000        0.8605582464       -0.5539104634
        1.2619448520        1.2890915963        1.4723737111
        0.7243858559       -0.2920166460        1.6146319688
       -0.0920883582        0.6686134839        0.7840585424
        0.6277474829        0.7082187423        1.1771689970
        1.2709579888       -1.3569759761       -1.1691943421
       -1.6500844757        0.7908135888        1.1950089739
       -0.0920083614        1.0306232668        1.3403589227
       -1.5640969873        0.0554908162       -0.8882970993
       -1.5321186047       -0.4440860836       -0.1248279666
       -0.1588152385        0.8441184015       -0.8859913902
       -1.1110430506       -0.7951024696       -1.1823181704
       -1.4546644387        1.1991550359        1.3155481411
        0.6053205425       -0.3453401610       -0.6525537301
       -1.1870615529        0.7085304413        1.7022208135
        0.6304869847        0.9343731068        0.3596099132
        0.1532609339        1.0556458723       -0.7666955844
        1.0839780404       -0.7900275777        1.5755544531
       -0.3785639343        1.2361849913        0.3153909493
       -1.4350856132       -1.3102266066       -1.3952102657
       -1.6821168890        1.2168245341       -0.2023917636
        1.6018602233        0.6339453040       -1.1353665233
        1.3348746346        0.7002134563        1.7159239118
        0.8872387747        1.6306408455        0.3099714077
        0.1494160599        0.3205105820       -1.3862503498
       -0.8052723396        1.4553849854        0.9498045041
       -0.3193792599        0.2293786240       -0.1034412759
       -0.9430018198        0.3684392826        1.6728130671
        1.5502817932        1.2794998284        0.4492801657
        0.3792527062       -0.1686334935       -0.6897762008
       -1.1203380440        0.9869320295        0.1433406424
        0.8378336184       -0.5329802069       -1.5997806044
        1.6712560372       -0.5880034852       -1.1015737942
       -1.3229639044        0.4414866488        0.9296923916
       -1.5828445335        1.6169808992        0.5073321162
       -1.6215754637       -1.3909225608        0.3189627967
        1.1353938750        0.7509476747        1.4477396154
        0.3267973057       -1.2223603090        0.7782042306
