       -0.8371034076       -0.4422297127       -0.5961217930
        0.6207256705        1.7122415171       -0.5320098801
       -1.0519574108       -0.6485479851        0.5264410544
        1.3510605633       -1.4466868286        0.3553982288
        0.0888008693        0.8592835651       -0.8214490592
       -1.3377206783       -1.2438565984        0.5374625546
        1.5373872022       -0.6437854100       -1.5840749466
        1.0668472588       -1.3496227849       -0.3869882613
        1.6323608419       -1.7063558080        0.3119188171
        1.2338152552        0.0637084069        0.9777158262
       -0.2377025840       -0.9306985502        1.4072848980
        0.1327608132       -0.5754097951       -1.3802886057
       -0.9581673947        0.1306651634        0.9397924725
       -0.1727695962       -1.4496315439        0.4295474893
        0.2168865720       -1.5496823305        0.5779201063
        0.5792754974        1.4475108975       -1.7120410961
       -1.4983104851       -1.3495991998        0.5583086816
       -0.0699894251        0.1392445446       -0.2175292367
        1.2189461306        1.0691153004       -1.4171442708
       -1.6803704588       -1.1081508094        1.3817977444
       -0.1510231863        0.6013505631        0.6409557537
        0.7537352436       -1.6494016174       -0.8747415285
       -0.7572634535       -1.4803129666        1.1057315656
        0.3397961528        0.2236252825       -0.0801297851
       -0.8126699313        0.7164175776       -1.6278165399
        0.7619696509       -1.2281707091        1.4711260782
        1.4822818269       -0.5306108918        0.5752074932
       -0.1913675323       -1.0418444654       -0.7952691204
       -1.3684734290        0.8341679177       -0.7068448280
       -1.4485872791       -0.7002479363       -1.5271288522
        0.7942304417        1.4138281639       -1.3797004912
        0.8325650177        1.7132162203       -0.3560422324
        0.6890067030        1.7018038809       -0.1193129409
       -1.3821626224       -0.6465551880       -1.2112790435
       -1.5365864314        0.7752840716        0.2337223727
        0.8994602780       -1.3866766416       -1.4917325069
       -0.9257521964       -0.3597492655        0.4222374065
        0.0794061154        0.3257766115        0.9079313477
