        0.8889791591       -0.6522494804       -1.4917390754
       -1.2434751523       -1.6548436246       -0.7424993013
        1.5751475604       -1.6757014708        0.1029454935
        1.5088499384       -0.3684878272        1.3477319436
        0.6387758211       -0.3867506777        0.0146893650
        0.8874385763       -1.4470091207        0.8405055749
        1.5245941751        0.4687205665       -1.4640107883
       -0.1326951827       -1.2378778925       -0.2291889124
        0.3805604399       -0.1155470426       -0.1350673627
        0.1202271465        1.4811639903       -1.2414035425
       -1.0906071538        1.3890872876        0.9329423502
        0.8903900924       -0.6422755631        0.9444050715
       -0.5847565576       -0.3471820205       -1.1883973836
        1.3925335763        0.8413054392        0.6735044245
       -0.1053455510        0.4024604377       -0.9186279926
       -1.6986824555        0.4194879649       -0.3389675689
        1.6713505744       -0.2179586546       -1.2727878920
       -0.2332343961        0.6430470611        1.4381693743
        0.1494163406       -0.0045255441        1.6041389839
       -1.0952151038       -0.0108935066       -0.5814528974
       -0.1649951831        1.0864089420       -1.3548144989
        0.3150691911        1.3618611611        0.5102202924
        0.9557337863       -1.5410991118       -0.1618410345
        0.0691249739        0.6150871428       -1.5313804785
       -0.3211663467       -0.6592329592        1.6182025645
       -0.2481903860       -1.3308843818       -0.4263664697
       -1.0291671555        1.3694817765        1.5475851353
        0.8515415640        1.6209562986       -1.0982045341
       -0.5574725032        0.1488159988       -1.2577217533
       -0.3050829787        1.6552946484       -0.9530173631
        1.4192264029        0.3632982344        1.6174951097
        0.4830819233       -1.6756586382       -0.8655684708
       -0.0205060238        0.9545072527        0.3513995411
        0.2151866651        0.4661263661        0.5239300044
        1.4719468499       -1.1416340608       -0.6963011742
       -0.4696754947       -0.4296845042        1.5798484862
        0.1201936795       -0.7623156975        1.7303644894
       -1.3633651186        0.3370849045        1.7203601991
