        1.1195122604        0.2200348489        0.5334648299
        0.6811732522       -1.6760689167       -0.9536514622
        0.3780474526       -1.3574129691        0.0287207319
        1.1002586160       -0.3769881247       -0.6328808916
        0.1980027368        0.8484168803        0.3177228906
       -0.1975569604        0.1891352418       -0.2668145688
       -1.2492742768       -0.5995741582       -0.7354186575
       -1.1696552107       -1.1680647008       -1.3428651108
        0.3682532134        1.7241374584        0.5789399585
        0.3840507420       -1.2779938497       -0.2971915532
        1.7129678903        1.6514831624        0.2591066187
       -0.9689280747        0.9745937153       -1.5348193212
        1.0978946661       -1.5221505655        0.3848126727
        0.8136410099        1.6591330442        0.4292103018
       -0.7902182734        0.3815404421        1.3028477768
        0.2181036931        1.4779796268        0.4235703530
       -1.3865719290       -1.0221787293       -0.8129698837
        0.3762755386       -0.7221536347       -1.2105677189
       -1.4087236443        1.1992170579        0.6492616245
       -1.3687323844        0.9759204014       -1.0068276062
       -0.2269620322        0.7162499089        0.3274842129
        0.8733994229        1.4563967237        1.4841597892
        1.4464562911       -0.4742508295        1.4269157782
        0.1641257782       -1.6784631752       -0.4303010400
       -0.3941273105        0.2679397386        0.8812113146
       -0.1439852783       -0.0324592382        0.6721380676
        0.1359899564        0.9513459500       -1.4226615806
       -0.3649025314       -0.0689132532       -0.5483127697
        0.3360944349       -0.7238691532       -1.6385446806
       -1.0216745265        0.9183078491       -0.8811444549
       -0.6690950598        0.5827527576        0.1727891679
       -1.6949002633        1.3103309530       -1.1028456317
       -0.9118943133       -1.4835134757       -0.3604490355
        0.6467850302        1.5162380274       -0.4175549653
        1.3660217910        1.6136349564       -0.3072994286
        1.4273243098       -1.3592431014        1.1503909279
        0.0688753760       -1.1178285958       -0.0888319085
        0.1651350629        1.4810450889        0.2307987197
