46 4954 0.18
62 6742 0.22
4 438 0.02
4 489 0.03
144 16201 0.56
44 4972 0.17
56 6561 0.24
30 3341 0.12
2 459 0.01
16 2154 0.08
28 2894 0.10
4 536 0.02
22 2681 0.10
30 3532 0.12
54 5236 0.18
10 1344 0.04
6 722 0.03
10 1267 0.06
4 691 0.02
4 640 0.02
22 2356 0.10
32 3629 0.13
42 4625 0.17
10 1289 0.06
16 1754 0.08
42 4067 0.15
2 482 0.02
18 2017 0.08
58 5398 0.16
80 9374 0.34
8 1060 0.04
18 1534 0.04
20 2344 0.09
14 1599 0.07
156 17150 0.61
28 2672 0.10
28 3641 0.13
4 488 0.02
90 9814 0.49
20 2243 0.10
4 603 0.02
28 2859 0.09
10 1280 0.04
66 7021 0.24
24 2837 0.12
238 23495 0.70
8 1012 0.04
22 3009 0.11
162 18623 0.63
2 324 0.01
10 965 0.04
38 4160 0.13
12 1060 0.04
24 2388 0.09
46 4412 0.16
22 1646 0.05
12 1204 0.05
12 1170 0.05
44 4951 0.19
32 3863 0.14
78 8202 0.30
6 682 0.03
16 1888 0.08
18 2182 0.08
10 1167 0.04
114 11730 0.38
12 1492 0.06
28 2908 0.10
36 4552 0.16
64 6662 0.21
34 4009 0.14
60 6405 0.22
170 17796 0.61
2 241 0.01
2 321 0.02
4 452 0.02
28 3009 0.10
14 1511 0.05
18 2117 0.09
58 7105 0.29
90 8724 0.28
62 7757 0.29
4 537 0.02
36 3878 0.13
156 18108 0.64
40 4616 0.18
38 3998 0.13
28 3164 0.12
36 5266 0.21
50 5649 0.20
52 5730 0.21
28 3232 0.11
12 1768 0.07
20 3027 0.10
12 890 0.03
14 1227 0.04
146 13625 0.42
24 2137 0.07
6 681 0.03
2 281 0.01
