         1      -38.7473508461
         2      -38.7473508719
         3      -38.7473508768
         4      -38.7473509446
         5      -38.7473508966
         6      -38.7473509438
         7      -38.7473509304
         8      -38.7473509388
         9      -38.7473509075
        10      -38.7473509233
        11      -38.7473509411
        12      -38.7473508786
        13      -38.7473508654
        14      -38.7473508966
        15      -38.7473507202
        16      -38.7473509052
        17      -38.7473509390
        18      -38.7473509032
        19      -38.7473509150
        20      -38.7473509277
        21      -38.7473508425
        22      -38.7473507762
        23      -38.7473508839
        24      -38.7473509309
        25      -38.7473509265
        26      -38.7473505802
        27      -38.7473509402
        28      -38.7473509281
        29      -38.7473509395
        30      -38.7473509381
        31      -38.7473509403
        32      -38.7473509212
        33      -38.7473509241
        34      -38.7473509399
        35      -38.7473509270
        36      -38.7473509384
        37      -38.7473509363
        38      -38.7473509111
        39      -38.7473509298
        40      -38.7473507800
        41       80.2683861881
        42      -38.7473509327
        43      -38.7473509413
        44      -38.7473509133
        45      -38.7473508915
        46      -38.7473509223
        47      -38.7473509016
        48      -38.7473509102
        49      -38.7473508756
        50      -38.7473506291
        51      -38.7473509074
        52      -38.7473509380
        53       80.2683862511
        54      -38.7473509142
        55      -38.7473508795
        56      -38.7473509368
        57      -38.7473509452
        58      -38.7473509389
        59      -38.7473508164
        60      -38.7473508269
        61      -38.7473509336
        62      -38.7473508578
        63      -38.7473509257
        64       80.2683861574
        65      -38.7473509112
        66      -38.7473509236
        67      -38.7473507413
        68      -38.7473509365
        69      -38.7473509249
        70      -38.7473509407
        71      -38.7473508271
        72      -38.7473509394
        73      -38.7473509401
        74      -38.7473509476
        75      -38.7473507109
        76      -38.7473509319
        77      -38.7473508834
        78      -38.7473509340
        79      -38.7473509327
        80      -38.7473507986
        81      -38.7473508876
        82      -38.7473508990
        83      -38.7473509217
        84      -38.7473509363
        85      -38.3619479733
        86      -38.3619479818
        87      -38.3619479782
        88      -38.3619479884
        89      -38.3619479505
        90      -38.3903670667
        91      -38.3903671448
        92      -38.3903671425
        93      -38.3903671430
        94      -38.3903671430
        95      -38.1498837932
        96      -38.1498837940
        97      -38.1498837774
        98      -38.1498837866
        99      -38.1498837867
       100      -38.1498837937
       101      -38.1498837330
       102      -38.1498836741
       103      -38.1498837822
       104      -38.1498837758
       105      -38.4324979759
       106      -38.4324979670
       107      -38.4324977825
       108      -38.4324979125
       109      -38.4324979015
       110      -38.4324978422
       111      -38.4324978712
       112      -38.4324978974
       113      -38.4324979626
       114      -38.4324979218
       115      -38.4324979102
       116      -38.4324979197
       117       94.3569407937
       118      -38.4324979297
       119      -38.1498837819
       120      -38.1498837963
       121      -38.1498837618
       122      -38.1498837862
       123      -38.1498837902
       124      -38.1498837979
       125      -38.1498838025
       126      -38.1498835899
       127      -38.1498837845
       128      -38.1498837178
       129      -38.1498837614
       130      -38.1498837762
       131      -38.1498837752
       132      -38.1498837789
       133      -38.1498837898
       134      -38.1498837715
       135      -38.1498837873
       136      -38.1498837874
       137      -38.1498836838
       138      -38.1498837783
       139      -38.1498837142
       140      -38.1498837265
       141      -38.1498837278
       142      -38.1498837117
       143      -38.1498837711
       144      -38.1498837512
       145      -38.1498837810
       146      -38.1498837440
       147      -38.1498837862
       148      -38.1498837889
       149      -38.1498837728
       150      -38.1498837911
       151      -36.9686993661
       152      -36.9686992743
       153      -36.9686993651
       154      -36.9686992584
       155      -36.9686993758
       156      -36.9686993595
       157      -36.9686992444
       158      -36.9686993263
       159      -38.6232198133
       160      -38.6232198257
       161      -38.6232198203
       162      -38.6232198157
       163      -38.6232198178
       164      -38.6232198152
       165      -38.6232197474
       166      -38.6232198226
       167      -38.6232198141
       168      -38.6232198151
       169      -38.6232196850
       170      -38.6232198006
       171       97.6940281256
       172      -38.6232197691
       173      -38.6232198154
       174      -38.6232198058
       175      -38.6232198081
       176      -38.6232198147
       177      -38.6232198112
       178      -38.6232198263
       179      -38.6232197494
       180       97.0944988681
       181      -38.6232198149
       182      -38.6232198164
       183      -38.6232198253
       184      -38.6232197817
       185      -38.6232198145
       186      -38.6232198226
       187      -38.6232198249
       188      -38.6232198163
       189      -38.6232198198
       190      -38.9521369159
       191      -38.9521368544
       192      -38.9521369253
       193      -38.9521369077
       194      -38.9521369025
       195      -38.9521369260
       196      -38.9521368962
       197      -38.9521368953
       198      -38.9521369056
       199      -38.9521368622
       200      -38.9521369041
       201      -38.9521369058
       202      -38.9521369128
       203      -38.9521369167
       204      -38.9521369153
       205      -38.9521369045
       206      -38.9521369257
       207      -38.9521368818
       208      -38.9521369110
       209      -38.9521368348
       210      -38.9521368342
       211      -38.9521369180
       212      -38.9521368375
       213      -38.9521369110
       214      -38.9521369299
       215      -38.9521369187
       216      -38.9521368885
       217      -38.9521369206
       218      -38.9521369001
       219      -38.9521369132
       220      -38.9521369055
       221      -38.9521366445
       222      -38.9521368704
       223      -38.9521368563
       224      -38.9521369100
       225      -38.9521368529
       226      -38.9521369092
       227      -38.9521368959
       228      -38.9521369142
       229      -38.9521369100
       230      -38.9521368985
       231      -38.9521368971
       232      -38.9521369019
       233      -38.9521369072
       234      -38.9521369030
       235      -38.9521368983
       236      -38.9521368876
       237      -38.9521369109
       238      -38.9521368387
       239      -38.9521368918
       240       81.2150232536
       241      -38.9521369267
       242      -38.9521369078
       243      -38.9521368035
       244      -38.9521369013
       245      -38.9521368479
       246      -38.9521369125
       247      -38.9521369217
       248      -38.9521369214
       249      -38.9521369064
       250      -38.9521369114
       251      -38.9521367646
       252      -38.9521369219
       253      -38.9521369207
       254      -38.9521368592
       255      -37.2042324100
       256      -38.9521366942
       257      -38.9521368776
       258      -38.9521369230
       259      -38.9521369025
       260      -39.2260714716
       261      -39.2260713351
       262      -39.2260714445
       263      -39.2260714611
       264      -39.2260714384
       265      -39.1106760629
       266      -39.1106760466
       267      -39.1106760166
       268      -39.1106759769
       269      -39.1106760703
       270       95.4047827147
       271      -39.1106760585
       272      -39.1106760618
       273      -39.1106760666
       274      -39.1106754696
       275       81.8756411682
       276      -39.1106760373
       277      -39.1106760348
       278      -39.1106760381
       279      -39.1106760458
       280      -39.1106760686
       281      -39.1106760522
       282      -39.1106760399
       283      -39.1106760336
       284      -39.1106760723
       285      -39.1106760546
       286      -39.1106760578
       287      -39.1106760406
       288      -39.1106760440
       289      -40.9128284522
       290      -40.9128284370
       291      -40.9128284503
       292      -40.4685122757
       293      -40.4685123016
       294      -40.4685122973
       295      -40.4685122861
       296      -40.4685122999
       297      -40.4685122865
       298       94.3032476354
       299      -40.4685122815
       300      -40.4685122957
       301      -40.4685120838
       302      -40.4685122850
       303      -40.4685122499
       304      -40.4685116629
       305      -40.4685122896
       306      -40.4685122618
       307      -40.4685122969
       308      -40.4685122921
       309      -40.4685122326
       310      -40.4685116060
       311      -40.4685122857
       312      -40.4685121332
       313      -40.4685122884
       314      -40.4685122004
       315      -40.4685119439
       316       97.3987507039
       317      -40.4685122855
       318      -40.4685123029
       319      -40.4685122675
       320      -36.2576734564
       321      -40.4685122931
       322       97.6422195185
       323      -40.4685122629
       324      -40.4685121681
       325      -40.4685122583
       326      -40.4685118290
       327      -40.4685122806
       328      -40.4685122910
       329      -40.4685122758
       330      -40.4685122929
       331      -40.4685115119
       332      -40.4685122451
       333      -40.4685122524
       334      -37.9805774186
       335      -40.4685122892
       336      -40.4685122856
       337       80.4973900248
       338      -40.4685122989
       339      -40.4685122595
       340      -40.4685122674
       341      -40.4685119479
       342      -40.4685123029
       343      -40.4685122801
       344      -40.4685122842
       345      -40.4685122913
       346      -40.4685121766
       347      -40.4685122824
       348      -40.4685122756
       349      -40.4685122777
       350      -40.4685122983
       351      -40.4685123037
       352      -40.4685120391
       353      -40.4685122871
       354      -40.4685122012
       355      -40.4685123030
       356      -40.4685122983
       357      -40.4685122636
       358      -37.9805773926
       359      -40.4685122736
       360      -38.8079690653
       361      -38.8079686479
       362      -38.8079690600
       363      -38.8079690430
       364      -38.8079690606
       365      -38.5332084791
       366      -38.5332084376
       367      -38.5332084367
       368      -38.5332084551
       369      -38.5332084687
       370      -38.5332084766
       371      -38.5332082357
       372      -38.5332083400
       373      -38.5332084251
       374      -36.0105013880
       375      -38.5332084786
       376      -38.5332083927
       377      -38.5332084825
       378      -38.5332084525
       379      -38.8079690525
       380      -38.8079690597
       381      -36.2505804396
       382      -39.1106760533
       383      -39.1106760297
       384      -39.1106760650
       385      -39.1106760341
       386      -39.1106760361
       387      -39.1106760604
       388       95.4047827025
       389      -39.1106760173
       390      -38.5332084255
       391      -38.5332084491
       392      -38.5332084573
       393      -38.5332084762
       394      -38.8079690613
       395      -38.8079690571
       396      -38.8079690536
       397      -38.8079690155
       398      -38.5332084813
       399      -38.5332083773
       400      -38.5332084623
       401      -38.5332084338
       402      -38.5332084632
       403      -38.5332084794
       404      -36.0105014075
       405      -38.8079690600
       406      -38.8079690582
       407      -39.1106760551
       408      -39.1106760566
       409      -36.5068102901
       410      -38.8875532294
       411      -38.8875532219
       412      -40.6448842818
       413      -40.6448842943
       414      -40.6448842919
       415      -35.3180522918
       416      -40.6448842727
       417      -40.6448842747
       418      -40.6448842857
       419      -40.6448842958
       420      -40.6448842768
       421      -40.6448842979
       422      -40.6448842615
       423      -40.6448838072
       424      -40.6448842087
       425      -40.6448842759
       426      -40.6448835059
       427      -40.6448839320
       428      -40.9128284419
       429      -40.9128284665
       430      -32.1318572983
       431      -40.9128284524
       432      -40.9128282248
       433      -40.9128284558
       434      -40.9128276059
       435      -40.9128284689
       436      -40.9128284591
       437      -40.9128284635
       438      -40.9128284330
       439      -40.9128284399
       440      -40.9128284634
       441      -40.9128284631
       442      -40.9128284600
       443      -40.9128284548
       444      -40.9128284511
       445      -39.1106760720
       446      -40.9128284590
       447      -40.9128284407
       448      -38.4488212873
       449      -38.4488211722
       450      -40.9128283450
       451      -40.9128284579
       452      -40.9128284480
       453      -40.9128284591
       454      -40.9128284635
       455      -40.9128284618
       456      -40.9128284278
       457       97.4825628131
       458      -40.9128284383
       459      -40.9128284229
       460      -40.9128284515
       461       81.8756412016
       462      -40.9128284292
       463      -40.9128284547
       464      -40.9128284433
       465      -40.9128284666
       466      -40.9128284461
       467      -40.6448842422
       468      -40.6448841828
       469      -40.6448842779
       470      -40.6448842991
       471      -40.6448842845
       472      -40.6448842810
       473      -39.9001006382
       474      -39.9001006535
       475      -39.9001006510
       476      -37.5494142508
       477      -37.9509277210
       478      -37.9509276628
       479      -37.9509277283
       480      -38.4488212657
       481      -38.4488212830
       482      -38.4488212739
       483      -38.4488212531
       484      -38.4488212681
       485      -39.4579043114
       486      -39.4579042824
       487      -41.3710809882
       488      -41.3710809820
       489      -41.3710809840
       490      -41.3710809815
       491      -41.3710809583
       492      -41.3710809605
       493      -41.3710809910
       494      -39.9184062502
       495      -39.9184062466
       496      -39.9184062315
       497      -39.9184062033
       498      -39.6780236077
       499       92.0140398744
       500      -39.6780236128
       501      -39.6780235558
       502      -39.6780236005
       503      -39.4579043546
       504      -40.7989631084
       505      -40.7989631230
       506      -40.8541455166
       507      -40.8541454854
       508      -40.8541454999
       509      -40.8541455132
       510      -30.0391120093
       511      -40.8541454994
       512      -40.8541454576
       513      -40.5797075578
       514      -40.5797075543
       515      -39.5441554402
       516       94.3023458579
       517      -40.5797074893
       518      -40.5797075533
       519      -40.5797075572
       520      -40.5797075574
       521      -40.5797075483
       522      -39.2216872618
       523       97.1383693820
       524      -40.5797075170
       525      -40.5797075270
       526      -40.5797075523
       527      -38.8481352605
       528      -38.8481352422
       529      -39.2893103051
       530      -41.0768403434
       531       97.5297360718
       532      -41.0768403475
       533      -41.0768403442
       534      -41.8255451470
       535      -41.8255451573
       536      -41.8255451187
       537      -41.8255451577
       538      -41.8255451470
       539      -39.2648392379
       540      -39.4701235604
       541      -41.8255451413
       542      -41.8255451046
       543      -41.8255451363
       544      -41.8255451377
       545      -41.5740365629
       546      -41.5740365651
       547      -41.5740365431
       548      -41.5740365718
       549      -41.5740365577
       550      -41.5740365670
       551       92.9168614598
       552      -37.9745739693
       553      -41.5740365277
       554      -37.9745739946
       555      -35.5069993017
       556      -41.5740360398
       557      -41.5740365260
       558      -41.5740365631
       559      -41.5740365648
       560      -40.1675408415
       561      -41.5740365348
       562      -41.5740365716
       563      -41.5740365655
       564      -41.5740365703
       565      -42.0260988645
       566      -42.0260988399
       567      -42.0260988462
       568      -42.0260988511
       569      -41.8255451410
       570      -36.7763844355
       571      -41.8255451256
       572      -41.8255451199
       573       90.8336833125
       574      -41.8255451279
       575      -41.8255450777
       576      -39.5919631054
       577      -41.8255449824
       578      -41.8255451451
       579      -41.8255451455
       580      -41.8255451483
       581      -41.8255451372
       582      -41.8255451374
       583      -39.5919631010
       584      -41.8255451586
       585      -41.2522504774
       586      -41.2522504838
       587      -41.2522504804
       588      -41.2522503854
       589      -41.2522504813
       590      -41.2522504866
       591      -41.2522504844
       592      -41.8255451416
       593      -41.2522504681
       594      -41.2522504794
       595      102.5842431193
       596      -41.2522504877
       597      -41.2522504658
       598      -41.2522505058
       599      -37.5385155135
       600      -41.2522504641
       601      -41.2522504614
       602       94.0796057706
       603      -41.2522505007
       604      -39.9819529548
       605      -40.1193671693
       606      -39.9819529604
       607      -39.9819529470
       608      -40.1193671832
       609      -40.3490502020
       610      -40.3490502183
       611      -40.3490502289
       612      -40.3490502252
       613      -39.6286972764
       614      -40.3490502131
       615      -40.2414238783
       616      -40.2414238702
       617      -40.2414238570
       618      -39.9819529556
       619      -39.9819529706
       620      -38.5897005620
       621      -39.9819529559
       622      -39.9819529538
       623      -39.9819529621
       624       95.3538295355
       625      -34.9938230078
       626      -38.5897005560
       627      -38.9821103859
       628      -38.9821102154
       629      -37.7465073418
       630      -37.7465073222
       631      -38.9821103568
       632      -38.9821103770
       633      -38.9821103457
       634      -38.9821103840
       635      -25.7182006491
       636       94.9943945905
       637      -37.7465073290
       638      -37.8188200553
       639      -38.9821103786
       640      -36.1307766655
       641      -38.9821103788
       642      -37.7865690314
       643      -38.9821103715
       644      -38.9821103822
       645      -37.7865690473
       646      -38.9821103683
       647      -38.9821103783
       648      -36.6194647026
       649      -38.9821101662
       650      -38.9821103808
       651       95.9682003905
       652      -38.9821103819
       653      -25.7182006379
       654       98.8208941629
       655      -39.3577582572
       656      -39.3577582639
       657      -37.7465073019
       658      -37.7865690636
       659      -39.3577582841
       660      -38.9821103671
       661      -38.0617234844
       662      -38.0617240597
       663      -39.3577582727
       664      -39.3577582298
       665      -39.3577582705
       666      -39.3577582738
       667      -39.3577582645
       668      -39.3577582101
       669      -39.3577582357
       670      -34.4586181954
       671      -39.3577582584
       672      -30.3771832664
       673      -38.1216976753
       674      -38.1216976446
       675      -39.3577582437
       676      -39.3577582803
       677      -39.3577582174
       678      -39.3577582560
       679      -40.6382989221
       680      -40.6382989262
       681      -40.3781235217
       682      -40.3781234948
       683      -40.6382989295
       684      -40.6382989182
       685      -37.8599187316
       686      -40.6382988993
       687      -40.6382989341
       688      -40.6382988949
       689      -40.6382989159
       690      -40.6382989143
       691      -40.6382989076
       692      -40.6382988904
       693      -40.5319431416
       694      -35.9145401924
       695      -37.5659777498
       696       96.0754375963
       697      -40.6382989247
       698      241.0540324790
       699      -40.6382989307
       700      -40.6382989461
       701      -40.6382989310
       702      -40.3781234808
       703      -40.6382989408
       704      -40.6382989200
       705      -38.1042330238
       706      -40.6382989281
       707      -40.6382989021
       708      -40.6382988528
       709      -40.1027207490
       710      -32.2709693645
       711      -37.5385155366
       712      -40.0130313132
       713      -36.0096292795
       714      -40.1638279285
       715      -28.3410826213
       716      -40.1638279337
       717      -40.1638279174
       718      -40.1638278119
       719      -39.4439050542
       720      -38.7071611582
       721      -40.3781235263
       722      -39.8092974260
       723      -31.1197580852
       724      -39.8092974279
       725      -37.8046758660
       726      -37.8046751823
       727      -40.1638279291
       728      -39.4439050368
       729       80.3509439460
       730      -27.6321264479
       731      -39.4439050319
       732      -40.4691336052
       733      -40.4691335427
       734      -40.7928608445
       735      -35.3920535915
       736      -40.7928608396
       737      -40.4691340442
       738      -33.3396217771
       739      -40.7928608237
       740      -33.3735622748
       741      -39.6656080142
       742      -40.7928608083
       743      -37.6774752451
       744      -40.6113091131
       745      -39.3722061099
       746      -40.4691340508
       747      -38.0231246820
       748      -40.4691340321
       749      -23.3771604365
       750      -33.9683223430
       751      -40.4691340651
       752      -40.4691340578
       753      -40.4691340613
       754      -38.0231246808
       755      -40.4691340568
       756       92.3202067295
       757      -40.4691340380
       758      -40.4691340417
       759      -40.4691340697
       760      -40.3781235027
       761      -40.2973545385
       762      -40.2973537800
       763      -39.7386591940
       764      -39.2011926880
       765      -39.7386591820
       766      -39.7386591935
       767      -39.7386591839
       768      -39.7386591605
       769      -39.7386591746
       770      -40.5319431429
       771      -40.5319431489
       772      -40.5319431524
       773      -40.5319431177
       774      -35.6877714859
       775      -40.6382989277
       776      -40.6382989231
       777      -40.5319431448
       778      105.1646649614
       779      -40.6382989354
       780      -42.0181868346
       781      -41.7409842844
       782      -42.0181867979
       783      -38.6697662625
       784      -39.6083478245
       785      -36.7714340118
       786      -42.0181866874
       787      -42.0181868493
       788      -42.0181867157
       789      -31.6684840409
       790      -36.7364185222
       791      -42.0181868244
       792      -38.3182803035
       793      -39.2165047793
       794      -39.8608145229
       795      -42.0181868449
       796      -40.2501032266
       797      -42.0181868156
       798      -36.5115961314
       799      -42.0181868488
       800      -42.0181868490
       801      -32.3789988302
       802      -42.0181867601
       803      -39.7999268723
       804      -42.0181868378
       805      -39.0691124346
       806      -39.8608145120
       807      -42.0181868117
       808      -37.9907824693
       809      -42.0181868424
       810      -42.0181868237
       811      -42.0181867305
       812      -36.1018851996
       813      -33.0070125543
       814      -40.9350161034
       815      -40.9350161039
       816      -39.4084803389
       817      -39.4084803347
       818      -39.2165047852
       819       96.8216964320
       820      -40.9350161126
       821      -39.2165047937
       822      -36.7767777065
       823      -38.8116770036
       824      -39.1821904795
       825      -38.4581059343
       826      -38.4583182131
       827      -38.5968478779
       828      -38.5968478709
       829       80.0381697104
       830      -33.7097030593
       831      -38.5968478687
       832      -38.5968478840
       833      -36.7382179261
       834      -33.6819103773
       835      -40.5210800717
       836      -40.5210800561
       837      -40.5210800855
       838      -39.8622771345
       839      -22.4202152365
       840      -33.8188635249
       841      -38.8172520482
       842      -38.6079477204
       843      -40.5210800347
       844      -40.5210794281
       845      -35.0560993284
       846      -35.6811016117
       847      -40.3311897767
       848      -40.3252580254
       849      -31.9985677014
       850      -36.9872453257
       851      -40.1762342862
       852      -40.3252580105
       853      -35.3300767065
       854      -40.3131817319
       855      -37.6518374603
       856      -37.6547982718
       857      -39.1259512705
       858      -29.7168974449
       859      -37.4404044132
       860      -32.0160428230
       861      -39.1259512457
       862      -39.1259512843
       863      -39.1259512768
       864      -39.1259510411
       865      -36.4824933698
       866      -39.1259512151
       867      -39.1259512228
       868      -21.3505371139
       869      -36.9686993560
       870      -29.3149082034
       871      -36.8708206595
       872      -36.8708206537
       873      -35.1621989275
       874      -36.5916458459
       875      -36.8708206491
       876      -36.8708206565
       877      -36.8708205337
       878      -36.8708206624
       879      -36.9404125500
       880      -28.8478809963
       881      -36.9404125564
       882      -35.0914711774
       883      -36.9404125256
       884      -36.9404124938
       885      -27.8107039879
       886      -36.9404125321
       887      -36.9404125488
       888      -36.9404125394
       889      -35.0914711813
       890      238.2523837047
       891      -36.9404125419
       892      -35.0914711953
       893      -35.0914711921
       894      -35.0914711792
       895      -35.0914711953
       896      -35.8441060767
       897      -35.8441060706
       898      -35.4471415604
       899      -38.0404398393
       900      -36.8184868675
       901      -38.0404398264
       902      -35.6846760650
       903      -37.9872401129
       904      -37.9872401145
       905      -37.9872401092
       906      -37.9872400425
       907      -37.9872401201
       908      -37.9872401105
       909      -37.8943335160
       910      -25.3869448968
       911      -31.4642100539
       912      -37.1105787298
       913      -38.9129842175
       914      -38.9129841801
       915      -39.3577552254
       916      -39.3577582745
       917      -31.8905884037
       918      -38.1216976559
       919      -39.3577582718
       920      -31.5517292210
       921      -39.3577581530
       922      -39.3577582779
       923      -38.1216976763
       924       95.6585731415
       925      -39.3577582587
       926      -32.6699565918
       927      -39.2893412501
       928      -39.2893411770
       929      -34.4680451058
       930       94.3151341521
       931      -32.5410512160
       932      -23.2537411590
       933      -39.2893412398
       934      -39.2893412072
       935      -33.4827700960
       936      -31.9085578956
       937      -28.0405281313
       938      -35.2574703749
       939      -36.4354793143
       940      -39.1879814976
       941      -38.9649621000
       942      -39.1879814948
       943      -39.1879814754
       944      -31.2477052355
       945      -29.8721132578
       946      -39.1879814798
       947      -37.8470477289
       948      -39.1879814834
       949      -33.7857204030
       950      -39.1424437470
       951      -37.8009751750
       952      -36.5752682133
       953      -39.1424437588
       954      -36.7451516500
       955       99.9689187433
       956      -32.1208865142
       957      -37.7039315104
       958      -39.1424437421
       959      -39.1424437267
       960      -37.8297672809
       961       96.6354730659
       962      -39.1424437473
       963      -39.1424437377
       964      -37.7289623078
       965      -21.7516457297
       966      -35.5261878563
       967      -35.7629548547
       968      -37.7289623089
       969      -37.7289622941
       970      -37.7150533848
       971      -31.6986776776
       972      -37.6227877122
       973      -30.5378576725
       974      -37.6227877129
       975      -35.1924849754
       976      -37.7150539762
       977      112.8291162486
       978      -37.7150539756
       979      -30.7333281110
       980      -37.7150529590
       981      -40.6382973755
       982      -38.6468954982
       983      -40.6382926625
       984       92.9688371975
       985      -38.1042330291
       986      -40.6382989413
       987      -40.6382989441
       988      -40.4853833495
       989      -38.2357598504
       990       93.8365583247
       991      -40.4853833632
       992      -39.8504263771
       993      -32.2677165286
       994      -40.4853833745
       995      -35.5280551482
       996      -39.0013660531
       997      -39.0013660500
       998      -37.6172342061
       999      -36.7248140207
      1000      -37.8610323389
