     -2.89262713267144011553     -0.41841320911804968929     -3.10017811151025934890
     -3.69626899005978870605     -0.12246764200488248486     -2.42657472491681724946
     -4.07785435504251125849      0.85386591147582546757     -2.72445946591856591468
     -4.49920118630601351128     -0.85697311114251728537     -2.48105356557547240826
     -3.16757655736648136013     -0.05892806424218464956     -1.00610901436534860842
     -3.19866835215651823532      0.99286741260341548898     -0.36885555983553008907
     -2.65640672176174685859     -1.18165809087423689938     -0.50512756440763473265
     -2.63233079568769090528     -2.00867644872007167223     -1.08834969805284642597
     -2.13476193127832569729     -1.32005906736490352671      0.86829841235871196847
     -2.87454886351439009573     -0.91979162161047889334      1.56351775439346152297
     -1.95425881275412316462     -2.81135861223988170465      1.19933015893981620437
     -1.53488444348511321458     -2.90904409584040424264      2.20270902401808932325
     -2.93531607136673855507     -3.29058842770179138526      1.19227635752720773077
     -1.10719710548480665402     -3.46784112172145286834      0.25675005105314241405
     -1.03151043169084655204     -4.41671902583640818563      0.50071376519279653383
     -0.82666253443979442750     -0.54347006401332720316      1.13110719331308118285
     -0.44393086518394825335     -0.33850516188611062818      2.28704854894714770808
     -0.16030645788460992640     -0.05419761158382916527      0.07589481777180315247
     -0.51580633344418080899     -0.28315933475625149063     -0.84280710690972937549
      1.03383147196427294112      0.80314166423710731113      0.15489650579552274867
      1.60815987291973461204      0.52688772740184619536      1.04010421983689882452
      1.90980445505010676399      0.55596627542165788505     -1.09311085711849931279
      1.36136430411229136794      0.89200669652397024390     -1.97539178484148769677
      2.80850078803475255995      1.17042933205338073321     -1.02120770530024684852
      2.33263519338776603718     -0.90953347477671453447     -1.32523757889609683502
      1.44432757228280927997     -1.50485293870617198309     -1.54008932462419578791
      2.96037842063840983542     -0.94720417922333777216     -2.21590102976677982838
      3.08407606091740538190     -1.57241553354363605699     -0.15569152367822902683
      2.41413872936018991666     -1.63073366673846509300      0.70355898064913802159
      3.32801520911347736842     -2.59903471396582519404     -0.43545432083903190534
      4.37191323561246303342     -0.84677513763260503499      0.27437368559599251139
      4.73905455488175508805     -1.31962384598048432238      1.19070202344159525865
      4.13712797121459985306      0.19376514040593964538      0.51718766354731982027
      5.43811469274294978504     -0.90342828293832122544     -0.76444570066260653096
      5.67853617828602974527     -1.85975720230706342839     -0.98895189739586430999
      5.15282370511466325524     -0.44256760944435891147     -1.61765096277572606454
      6.28077072624057120009     -0.44763369637589905947     -0.43940129473018774142
      0.70493662266026579921      2.30655523764750558513      0.32565861592905476218
      1.61694663188900866757      3.11670325477072873710      0.52321762073402100501
     -0.57752505064190373663      2.68934137933349237670      0.25934498553820212186
     -1.26867714896828598370      1.96706844291408722292      0.09951246677310549016
     -1.05339097553395033557      4.06258235564719516475      0.40050767635149203683
     -0.77986447369028577548      4.45369898549155696088      1.38203295135440829000
     -2.13950314132663210742      4.08819887386660152373      0.29911170167335943137
     -0.61052188348667890683      4.69279859043013836128     -0.37272890635432098794
