      1.40673794050762479557      1.71080369261841469530     -3.34032405673090337928
      2.38740034163091063846      1.71960026850619618344     -2.86559059193394327636
      2.79117265318359430992      2.73119001296004215718     -2.89401734315071212933
      3.05618166311266215018      1.04759610643355793869     -3.40291027199711670903
      2.25445859852466989892      1.27085620658710651831     -1.42263736686495345651
      2.85427365169131608269      0.27706136733739683553     -1.01561632301132931389
      1.45158390309281726260      1.99219104267554092402     -0.64216548151370100861
      1.02599321557728595522      2.82308432718002100259     -1.03285157340778344093
      1.29062231984945374741      1.78471324556783139670      0.81122873853344124040
      2.27647017724136269123      1.80138464303252732179      1.27783370403292129147
      0.47135042570001944862      2.94040060631481603437      1.41103631172569432550
     -0.54817986735433987810      2.89155196063185826461      1.02259572584859426136
      0.43327819429681446728      2.82387987612874269416      2.49611463067265360039
      1.03864791242917031688      4.21013861206208872545      1.09172150561030356641
      0.50089671016023085137      4.91760449799881005362      1.51205459358379101786
      0.63733493839260091374      0.44047791399949132174      1.19848220018765250217
      0.70407760526264873135      0.02736497702037461732      2.35928040527495896939
      0.03308525426573740574     -0.27125721734231666993      0.23605555703193767392
      0.00955016025329973560      0.12717689674494575547     -0.69379353098186158366
     -0.53876583799406208009     -1.61632268996576655695      0.42077213238321414801
     -0.96954847997732662712     -1.68922312799758223001      1.42108731469650506618
     -1.67240121658922391568     -1.83079422953478720970     -0.60759815750155332648
     -1.35229127528518211498     -1.48038764131646183309     -1.59075472306261778144
     -1.85670805277985873083     -2.90284738297560140907     -0.69644315551793700703
     -3.02486112500858395080     -1.18864358979354745038     -0.24344974330288679520
     -3.33893894418287029424     -1.55690500945250653864      0.73439981283349387020
     -3.75287091919071924551     -1.53384316927550234944     -0.97767478896069481831
     -3.03266443652062367420      0.35018112286149688517     -0.22444607201790287010
     -2.38901921994025068230      0.69436998155395224241      0.58536887605660825606
     -2.63677266322348469174      0.73533206817523188992     -1.16626169238801957739
     -4.43516632375499408880      0.93020106392122536842      0.02708190822900615607
     -4.33076729758581180363      2.00009614875312990989      0.23247911841792681664
     -4.85598402666810091688      0.46420449371294908447      0.92346409832790643524
     -5.35704717653976913994      0.74345686772015784349     -1.12806182763912121736
     -5.51675331046538008906     -0.23549811267944445459     -1.32211502385397383641
     -4.98821618819244161358      1.17527241307808205661     -1.96470322505290750925
     -6.25681535399521315810      1.16556349803039061008     -0.93976833917316904277
      0.52090944038422937190     -2.74383202050549268591      0.33987463159544101243
      0.21677578011823783743     -3.89810857702920587897      0.66086372155707828746
      1.75790589637511307508     -2.43016688897750121612     -0.06886735885683398228
      1.93666359067652993353     -1.46199393282034884045     -0.30858824264529044479
      2.86615426415046847808     -3.37258696234083288346     -0.19311387227357931784
      2.60860483769962492318     -4.16066406399794885829     -0.90287365927634222196
      3.08535965303096793022     -3.82139046082817923633      0.77727934157801559234
      3.75486837991191313435     -2.85031734081073251375     -0.55079682834266185942
