      1.72668095207180316564      1.92927346908173880102     -2.92459671111654495590
      2.35140374728578516184      2.54758729415216311764     -2.28073841845004388063
      3.40114536967223957120      2.35466000830299426738     -2.50086412278813119414
      2.12982548534162186016      3.59801509195042346079     -2.46702953002540725791
      2.05937719000883889819      2.22155115953245285709     -0.82819765078869356234
      2.94532301353364411867      1.79750576172016751642     -0.08823681975060558569
      0.80640396112817658292      2.39967940209434571486     -0.41462291999282302468
      0.11999248789823765970      2.74105929118341151707     -1.07606273112983097384
      0.34300723652915898754      2.18996908628002495689      0.97066925225883349260
      1.06283779642269871069      2.64274278612599111682      1.65427135014363457799
     -0.99762089527218333895      2.91850364507848958340      1.16237466446894766037
     -1.36327589401403836966      2.74399890521381806252      2.17595542627507088085
     -0.82587740630195427549      3.99013549353743179893      1.04437025681167861002
     -1.98398423992409300709      2.49911460216373582099      0.21621488773829045105
     -2.76024852352927707599      3.09694239714449048861      0.30014451284645737861
      0.21744607923663386573      0.70858883431825270272      1.38714968610611477651
      0.02026370488078455337      0.40592590404087181000      2.56813720527820033013
      0.35437981253684230909     -0.22094150770386802862      0.43111803587917135738
      0.49283163361032494842      0.12028743013677678508     -0.51116113987497113769
      0.17098611809281755169     -1.67501592111203989610      0.60163302561168552351
      0.04996107673727123027     -1.90684149144632408834      1.66106517658704300189
     -1.12844150813045640547     -2.07394385093027633360     -0.13110685646052641640
     -1.07380754580984860702     -1.71627982726493844012     -1.16008381851017716713
     -1.21555547919631257159     -3.16155567481076893444     -0.15563214457340135422
     -2.38589333790614066544     -1.51736290276523866360      0.56495729641692049583
     -2.49012499444571178131     -2.01129856306357934770      1.53208690078583131822
     -2.27881697376771086283     -0.44990720768972902732      0.74989187071996199485
     -3.67157878670482640260     -1.75308948690086019440     -0.24426270922958415177
     -4.53016835491176639295     -1.48246972644915109285      0.37322672009152191297
     -3.75242193565307369241     -2.81853651360608115084     -0.46783580278558478671
     -3.73326438404517002567     -0.96427219192849999985     -1.56558040841318191205
     -4.62074278359919432546     -1.29148941462508992650     -2.11610714259874299614
     -2.86217359580360897198     -1.21627199855954648555     -2.17702519099799829405
     -3.80359436001205253319      0.50964382516090200870     -1.35524881075729020097
     -2.98574358154703212165      0.86425278872404653896     -0.87162281682196740551
     -4.61925272695176758475      0.76027684936823436423     -0.81242767558924577909
     -3.86785369380993238053      0.99568569896445524581     -2.24018590826508745550
      1.39573747421158445015     -2.50422708404237237545      0.13857728470506616714
      1.32807483321593511327     -3.73657772783383324011      0.07140023624603682173
      2.51636907998574654854     -1.84319844563407597704     -0.18216895977229868864
      2.50638493724288613507     -0.83938150429333480140     -0.06655697286552206271
      3.75408033164660048797     -2.46238274886410968278     -0.65037067419100436094
      4.13933838356611616405     -3.14682532922324709190      0.10752246211130496445
      4.50235138787031097252     -1.69234493373600880517     -0.84475503129668616520
      3.56906412249906690448     -3.01657183566094966309     -1.57228903829759891764
