      3.45629710091618536083      1.12228435394415737569     -3.40504813718479315554
      2.62464204111908250283      0.45024525258523201421     -3.19568024381162185676
      2.73196653888263218946     -0.45493525513598248589     -3.79295806614734543061
      1.68874262736743974145      0.94508896161880195930     -3.45328677895094360295
      2.62115417385875204559      0.09770889921934451661     -1.72034923788330740280
      2.71928670728726729067     -1.07233443306447884247     -1.35343653757619675204
      2.48353030116453332710      1.10720841774704825689     -0.86104145172020929433
      2.38567088206251698423      2.04166036213703527835     -1.23683984972219418452
      2.52144977175975482098      0.94239095697875974178      0.60806288337884217832
      3.38528667972536512210      0.32968385291495161393      0.87048358112694945721
      2.69957404640943376961      2.30725483966630351418      1.29581003681085960011
      1.88553173452917133268      2.97265420019925086237      1.00059292429651058853
      2.64481445310699303519      2.16525444316538573375      2.37672903125279422198
      3.95772380283192992678      2.90700561693205150604      0.98714112916431595579
      3.97957248417072051438      3.16730410756471680855      0.04063813462444675062
      1.28586073464790784371      0.21913696042722108359      1.18662748671414686186
      1.30131236833154373400     -0.21476629885521003605      2.34186415714887052886
      0.22627884489538155344      0.03669472165013232257      0.38565884069784805988
      0.26937363804952307866      0.43307416404962101319     -0.54412844008123073536
     -0.97327246526103405877     -0.74081973024525227256      0.74280778260754709574
     -1.17925100131267934778     -0.60579544486080083576      1.80628860498470134033
     -2.17910118489301840583     -0.19291617671849115023     -0.04818087687797256019
     -1.96683935334434467634     -0.25125228860432835543     -1.11765512702914660004
     -3.04388705051519847800     -0.82338171362566825451      0.16243978855325943988
     -2.52456251982847490467      1.26034419221330784566      0.32910371591511994316
     -2.75184447015044275631      1.31203415993976202358      1.39500835065765116383
     -1.66183829243122249686      1.89849193179678343846      0.13469334233802537915
     -3.71335508647495693424      1.82215287813308068898     -0.46640803476217795875
     -3.49736646580322485534      1.74504881633037012278     -1.53395361774493577123
     -3.82029302472868348417      2.87919965434796631953     -0.21493206419593782752
     -5.02917260439303692721      1.09446994037360201268     -0.14693197062206514447
     -5.20550554863360748215      1.14354801052364751790      0.93206623660184584335
     -4.93112086797031512475      0.04053915996197631627     -0.42323400113641068687
     -6.18161459756180953207      1.69495722312355678874     -0.87165514711043434737
     -7.03993072700044653089      1.20726484095913044747     -0.65226156259356893319
     -6.04973843050734139126      1.64790511862021382683     -1.87286424451382504941
     -6.30804964552031144365      2.66538581438369126531     -0.61807311653505780935
     -0.80435766831264043919     -2.26601912218395895593      0.53368063660608611176
     -1.67947713518117924814     -3.04282782672118878864      0.93153329135686746554
      0.30527781799892861336     -2.70635573367086479379     -0.07528584192707092615
      0.97961181445413902935     -2.01095577837714012404     -0.36922953948945747005
      0.61633399711017300415     -4.10727268629225328311     -0.34523428771566549988
     -0.15477642743959560412     -4.54529337248108245007     -0.98140708213052407771
      0.66833110219260360996     -4.66547750322745891083      0.59118526576249941229
      1.57864452351394124463     -4.17937424174999883064     -0.85447860088227722830
