      1.93601847595244258571      0.67436669708810570434     -3.49706876200232041896
      2.72819039787280415155      0.00357523878874618783     -3.16590990885212786310
      2.66605810827069156232     -0.93230614156716062890     -3.72073111287586089091
      3.69503065471193936631      0.47061234951364416812     -3.35100360789867446343
      2.57478632172165156078     -0.26534498385648397356     -1.68076704471932014684
      2.40634346382762975836     -1.41026916758076104053     -1.26345225309795261559
      2.61551764316830670509      0.79268835734367026902     -0.87273478835046147672
      2.79990560531329268912      1.69987771055932568309     -1.28132986545519367283
      2.59906323885811740837      0.71955552532143940425      0.60223710618743719891
      3.40119007434749942576      0.05637222826926960306      0.92878791127351245649
      2.87586287862624212508      2.11260994323497852676      1.19292307560127608390
      2.04061874717395674850      2.77302796756243274956      0.95000017318084073459
      2.94590859485920386618      2.03047031983880676975      2.27954651029675847695
      4.08532551291006384986      2.67167567961010643529      0.68211290206971020300
      4.23406412159398026773      3.54985436410393484508      1.09820643820919783273
      1.28902280348714781688      0.16374660825805456565      1.20077043397781424439
      1.25848209823683898634     -0.23652560304717620832      2.36782747110226621245
      0.20985943854026981037      0.09437055215020621890      0.40838670113545544327
      0.29892086577785415002      0.45310120717900309595     -0.53343947487646636851
     -1.08115867150169053801     -0.50033173210226289385      0.79614156010683012621
     -1.25790650405902049158     -0.30088653231700696056      1.85482813234270738079
     -2.20877451091567333918      0.17864833288346876339     -0.01007570981091167155
     -2.01096658473715494964      0.06025783930316298831     -1.07757363535926464770
     -3.14703719611411791846     -0.32219618072138594966      0.22917769828859116399
     -2.35647728726245775377      1.67422753589543127362      0.32488783193335324384
     -2.60636445042078479517      1.77928617033217029153      1.38174535243150242714
     -1.40196751885046855257      2.17408278619544059751      0.15670016181752841056
     -3.41485447306022793512      2.41243082541922193585     -0.51335613818208014614
     -3.17028519341337622350      2.33410082403824947761     -1.57451556219278110405
     -3.34873082868657245825      3.46905788674746329292     -0.24725065480013658226
     -4.86644720121843921135      1.96565547523730166368     -0.25854406375528049544
     -4.97143141011246658678      1.66699904647824848070      0.78905803329427748327
     -5.51657540632407261683      2.83217232187705869606     -0.41470394703130974978
     -5.31216195952158543037      0.86926695497682315850     -1.16418129006005899306
     -5.25083321514337164615      1.15047909668401304728     -2.13392572809226965802
     -6.27752863582527087516      0.62673124469509278178     -0.98211852851030934097
     -4.76082031737081390332      0.03159755293703692125     -1.04373572596774444321
     -1.12197553820301543226     -2.04102119638749801567      0.64365207945842328741
     -2.09434583837694932029     -2.67525986984517549772      1.06746504430242583616
     -0.08570348476489708656     -2.65141801566824497627      0.05311433068500946708
      0.67624913539305619992     -2.06591813782071165306     -0.26852332911709675400
      0.03018550165417047126     -4.09077001177242571828     -0.16331580005454887639
      0.00900280190401382512     -4.61535185214241749918      0.79352050500625526119
      0.97192621626901454235     -4.31223556332278779024     -0.66790959003720828946
     -0.79559453450647943384     -4.44308111678392947397     -0.78390540403348285547
