         1    -38.74735094    
         2    -38.74735094    
         3    -38.74735094    
         4    -38.74735095    
         5    -38.74735095    
         6    -38.74735095    
         7    -38.74735095    
         8    -38.74735095    
         9    -38.74735095    
        10    -38.74735095    
        11    -38.74735095    
        12    -38.74735095    
        13    -38.74735095    
        14    -38.74735095    
        15    -38.74735095    
        16    -38.74735095    
        17    -38.74735095    
        18    -38.74735095    
        19    -38.74735095    
        20    -38.74735095    
        21    -38.74735095    
        22    -38.74735095    
        23    -38.74735095    
        24    -38.74735095    
        25    -38.74735095    
        26    -38.74735095    
        27    -38.74735095    
        28    -38.74735095    
        29    -38.74735095    
        30    -38.74735095    
        31    -38.74735095    
        32    -38.74735095    
        33    -38.74735095    
        34    -38.74735095    
        35    -38.74735095    
        36    -38.74735095    
        37    -38.74735095    
        38    -38.74735095    
        39    -38.74735095    
        40    -38.74735095    
        41    -38.74735095    
        42    -38.74735095    
        43    -38.74735095    
        44    -38.74735095    
        45    -38.74735095    
        46    -38.74735095    
        47    -38.74735095    
        48    -38.74735095    
        49    -38.74735095    
        50    -38.74735095    
        51    -38.74735095    
        52    -38.74735095    
        53    -39.18070301    
        54    -39.18070301    
        55    -39.18070302    
        56    -39.18070302    
        57    -39.18070302    
        58    -39.18070302    
        59    -39.54147774    
        60    -39.54147775    
        61    -39.54147775    
        62    -39.54147775    
        63    -39.54147775    
        64    -39.54147775    
        65    -39.54147775    
        66    -39.54147775    
        67    -39.54147775    
        68    -39.54147775    
        69    -39.54147775    
        70    -39.54147775    
        71    -39.54147775    
        72    -39.54147775    
        73    -39.54147775    
        74    -39.54147775    
        75    -39.54147775    
        76    -39.54147776    
        77    -39.54147776    
        78    -39.54147776    
        79    -39.54147776    
        80    -39.54147776    
        81    -39.54147776    
        82    -39.54147776    
        83    -39.54147776    
        84    -39.54147776    
        85    -39.54147776    
        86    -39.54147776    
        87    -39.54147776    
        88    -39.54147776    
        89    -39.54147776    
        90    -39.54147776    
        91    -39.54147776    
        92    -39.54147776    
        93    -39.54147776    
        94    -39.54147776    
        95    -39.54147776    
        96    -39.54147776    
        97    -39.54147776    
        98    -39.54147776    
        99    -39.54147776    
       100    -39.54147776    
       101    -39.54147776    
       102    -39.54147776    
       103    -39.54147776    
       104    -39.54147776    
       105    -39.54147776    
       106    -39.54147776    
       107    -39.54147776    
       108    -39.54147776    
       109    -39.54147776    
       110    -39.54147776    
       111    -39.54147776    
       112    -39.54147776    
       113    -39.54147776    
       114    -39.54147776    
       115    -39.54147776    
       116    -39.54147776    
       117    -39.54147776    
       118    -39.54147776    
       119    -39.54147776    
       120    -39.54147776    
       121    -39.54147776    
       122    -39.54147776    
       123    -39.54147776    
       124    -39.54147776    
       125    -39.54147776    
       126    -39.54147776    
       127    -39.54147776    
       128    -39.54147776    
       129    -39.54147776    
       130    -39.54147776    
       131    -39.54147776    
       132    -39.54147776    
       133    -39.54147776    
       134    -39.54147776    
       135    -39.54147776    
       136    -39.54147776    
       137    -39.54147776    
       138    -39.54147776    
       139    -39.54147776    
       140    -39.54147776    
       141    -39.54147776    
       142    -39.54147776    
       143    -39.54147776    
       144    -39.54147776    
       145    -39.54147776    
       146    -39.54147776    
       147    -39.54147776    
       148    -39.54147776    
       149    -39.54147776    
       150    -39.54147776    
       151    -39.54147776    
       152    -39.54147776    
       153    -39.54147776    
       154    -39.54147776    
       155    -39.54147776    
       156    -39.54147776    
       157    -39.54147776    
       158    -39.54147776    
       159    -39.54147776    
       160    -39.54147776    
       161    -39.54147776    
       162    -39.54147776    
       163    -39.54147776    
       164    -39.54147776    
       165    -39.54147776    
       166    -39.54147776    
       167    -39.54147776    
       168    -39.54147776    
       169    -39.54147776    
       170    -39.54147776    
       171    -39.54147776    
       172    -39.54147776    
       173    -39.54147776    
       174    -39.54147776    
       175    -39.54147776    
       176    -39.54147776    
       177    -39.54147776    
       178    -39.54147776    
       179    -39.54147776    
       180    -39.54147776    
       181    -39.54147776    
       182    -39.54147776    
       183    -39.54147776    
       184    -39.54147776    
       185    -39.54147776    
       186    -39.54147776    
       187    -39.54147776    
       188    -39.54147776    
       189    -39.54147776    
       190    -39.54147776    
       191    -39.54147776    
       192    -39.54147776    
       193    -39.54147776    
       194    -39.54147776    
       195    -39.54147776    
       196    -39.54147776    
       197    -39.54147776    
       198    -39.54147776    
       199    -39.54147776    
       200    -39.54147776    
       201    -39.54147776    
       202    -39.54147776    
       203    -39.54147776    
       204    -39.54147776    
       205    -39.54147776    
       206    -39.54147776    
       207    -39.54147776    
       208    -39.54147776    
       209    -39.54147776    
       210    -39.54147776    
       211    -39.54147776    
       212    -39.54147776    
       213    -39.54147776    
       214    -39.54147776    
       215    -39.54147776    
       216    -39.54147776    
       217    -39.54147776    
       218    -39.54147776    
       219    -39.54147776    
       220    -39.54147776    
       221    -39.54147776    
       222    -39.54147776    
       223    -39.54147776    
       224    -39.54147776    
       225    -39.54147776    
       226    -39.54147776    
       227    -39.54147776    
       228    -39.54147776    
       229    -39.54147776    
       230    -39.54147776    
       231    -39.54147776    
       232    -39.54147776    
       233    -39.54147776    
       234    -39.54147776    
       235    -39.54147776    
       236    -39.54147776    
       237    -39.54147776    
       238    -39.54147776    
       239    -39.54147776    
       240    -39.54147776    
       241    -39.54147776    
       242    -39.54147776    
       243    -39.54147776    
       244    -39.54147776    
       245    -39.54147776    
       246    -39.54147776    
       247    -39.54147776    
       248    -39.54147776    
       249    -39.54147776    
       250    -39.54147776    
       251    -39.54147776    
       252    -39.54147776    
       253    -39.54147776    
       254    -39.54147776    
       255    -39.54147776    
       256    -39.54147776    
       257    -39.54147776    
       258    -39.54147776    
       259    -39.54147776    
       260    -39.54147776    
       261    -39.54147776    
       262    -39.54147776    
       263    -39.54147776    
       264    -39.54147776    
       265    -39.54147776    
       266    -39.54147776    
       267    -39.54147776    
       268    -39.54147776    
       269    -39.54147776    
       270    -39.54147776    
       271    -39.54147776    
       272    -39.54147776    
       273    -39.54147776    
       274    -39.54147776    
       275    -39.54147776    
       276    -39.54147776    
       277    -39.54147776    
       278    -39.54147776    
       279    -39.54147776    
       280    -39.54147776    
       281    -39.54147776    
       282    -39.54147776    
       283    -39.54147776    
       284    -39.54147776    
       285    -39.54147776    
       286    -39.54147776    
       287    -39.54147776    
       288    -39.54147776    
       289    -39.54147776    
       290    -39.54147776    
       291    -39.54147776    
       292    -39.54147776    
       293    -39.54147776    
       294    -39.54147776    
       295    -39.54147776    
       296    -39.54147776    
       297    -39.54147776    
       298    -39.54147776    
       299    -39.54147776    
       300    -39.54147776    
       301    -39.54147776    
       302    -39.54147776    
       303    -39.54147776    
       304    -39.54147776    
       305    -39.54147776    
       306    -39.54147776    
       307    -39.54147776    
       308    -39.54147776    
       309    -39.54147776    
       310    -39.54147776    
       311    -39.54147776    
       312    -39.54147776    
       313    -39.54147776    
       314    -39.54147776    
       315    -39.54147776    
       316    -39.54147776    
       317    -39.54147776    
       318    -39.54147776    
       319    -39.54147776    
       320    -39.54147776    
       321    -39.54147776    
       322    -39.54147776    
       323    -39.54147776    
       324    -39.54147776    
       325    -39.54147776    
       326    -39.54147776    
       327    -39.54147776    
       328    -39.54147776    
       329    -39.54147776    
       330    -39.54147776    
       331    -39.54147776    
       332    -39.54147776    
       333    -39.54147776    
       334    -39.54147776    
       335    -39.54147776    
       336    -39.54147776    
       337    -39.54147776    
       338    -39.54147776    
       339    -39.54147776    
       340    -39.54147776    
       341    -39.54147776    
       342    -39.54147776    
       343    -39.54147776    
       344    -39.54147776    
       345    -39.54147776    
       346    -39.54147776    
       347    -39.54147776    
       348    -39.54147776    
       349    -39.54147776    
       350    -39.54147776    
       351    -39.54147776    
       352    -39.54147776    
       353    -39.54147776    
       354    -39.54147776    
       355    -39.54147776    
       356    -39.54147776    
       357    -39.54147776    
       358    -39.54147776    
       359    -39.54147776    
       360    -39.54147776    
       361    -39.54147776    
       362    -39.54147776    
       363    -39.54147776    
       364    -39.55711400    
       365    -39.55711400    
       366    -39.55711400    
       367    -39.55711400    
       368    -39.55711400    
       369    -39.55711400    
       370    -39.55711400    
       371    -39.55711400    
       372    -39.55711400    
       373    -39.55711400    
       374    -39.55711400    
       375    -39.55711400    
       376    -39.55711400    
       377    -39.55711400    
       378    -39.55711400    
       379    -39.55711400    
       380    -39.55711400    
       381    -39.55711400    
       382    -39.55711400    
       383    -39.55711400    
       384    -39.55711400    
       385    -39.55711400    
       386    -39.55711400    
       387    -39.55711400    
       388    -39.55711400    
       389    -39.55711400    
       390    -39.55711400    
       391    -39.55711400    
       392    -39.55711400    
       393    -39.55711400    
       394    -39.55711400    
       395    -39.55711400    
       396    -39.55711400    
       397    -39.55711400    
       398    -39.55711400    
       399    -39.55711400    
       400    -39.55711400    
       401    -39.55711400    
       402    -39.55711400    
       403    -39.55711400    
       404    -39.55711400    
       405    -39.55711400    
       406    -39.55711400    
       407    -39.55711400    
       408    -39.55711400    
       409    -39.55711400    
       410    -39.55711400    
       411    -39.55711400    
       412    -39.55711400    
       413    -39.55711400    
       414    -39.55711400    
       415    -39.55711400    
       416    -39.55711400    
       417    -39.55711400    
       418    -39.55711400    
       419    -39.55711400    
       420    -39.55711400    
       421    -39.55711400    
       422    -39.55711400    
       423    -39.55711400    
       424    -39.55711400    
       425    -39.55711400    
       426    -39.55711400    
       427    -39.55711400    
       428    -39.55711400    
       429    -39.55711400    
       430    -39.55711400    
       431    -39.55711400    
       432    -39.55711400    
       433    -39.55711400    
       434    -39.55711400    
       435    -39.55711400    
       436    -39.55711400    
       437    -39.55711400    
       438    -39.55711400    
       439    -39.55711400    
       440    -39.55711400    
       441    -39.55711400    
       442    -39.55711400    
       443    -39.55711400    
       444    -39.55711400    
       445    -39.55711400    
       446    -39.55711400    
       447    -39.55711400    
       448    -39.55711400    
       449    -39.55711400    
       450    -39.55711400    
       451    -39.55711400    
       452    -39.55711400    
       453    -39.55711400    
       454    -39.55711400    
       455    -39.55711400    
       456    -39.55711400    
       457    -39.55711400    
       458    -39.55711400    
       459    -39.55711400    
       460    -39.55711400    
       461    -39.55711400    
       462    -39.55711400    
       463    -39.55711400    
       464    -39.55711400    
       465    -39.55711400    
       466    -39.55711400    
       467    -39.55711400    
       468    -39.55711400    
       469    -39.55711400    
       470    -39.55711400    
       471    -39.55711400    
       472    -39.55711400    
       473    -39.55711400    
       474    -39.55711400    
       475    -39.55711400    
       476    -39.55711400    
       477    -39.55711400    
       478    -39.55711400    
       479    -39.55711400    
       480    -39.55711400    
       481    -39.55711400    
       482    -39.55711400    
       483    -39.55711400    
       484    -39.55711400    
       485    -39.55711400    
       486    -39.55711400    
       487    -39.55711400    
       488    -39.55711400    
       489    -39.55711400    
       490    -39.55711400    
       491    -39.55711400    
       492    -39.55711400    
       493    -39.55711400    
       494    -39.55711400    
       495    -39.55711400    
       496    -39.55711400    
       497    -39.55711400    
       498    -39.55711400    
       499    -39.55711400    
       500    -39.55711400    
       501    -39.55711400    
       502    -39.55711400    
       503    -39.55711400    
       504    -39.55711400    
       505    -39.55711400    
       506    -39.55711400    
       507    -39.55711400    
       508    -39.55711400    
       509    -39.55711400    
       510    -39.55711400    
       511    -39.55711400    
       512    -39.55711400    
       513    -39.55711400    
       514    -39.55711400    
       515    -39.55711400    
       516    -39.55711400    
       517    -39.55711400    
       518    -39.55711400    
       519    -39.55711400    
       520    -39.55711400    
       521    -39.55711400    
       522    -39.55711400    
       523    -39.55711400    
       524    -39.55711400    
       525    -39.55711400    
       526    -39.55711400    
       527    -39.55711400    
       528    -39.55711400    
       529    -39.55711400    
       530    -39.55711400    
       531    -39.55711400    
       532    -39.55711400    
       533    -39.55711400    
       534    -39.55711400    
       535    -39.55711400    
       536    -39.55711400    
       537    -39.55711400    
       538    -39.55711400    
       539    -39.55711400    
       540    -39.55711400    
       541    -39.55711400    
       542    -39.55711400    
       543    -39.55711400    
       544    -39.55711400    
       545    -39.55711400    
       546    -39.55711400    
       547    -39.55711400    
       548    -39.55711400    
       549    -39.55711400    
       550    -39.55711400    
       551    -39.55711400    
       552    -39.55711400    
       553    -39.55711400    
       554    -39.55711400    
       555    -39.55711400    
       556    -39.55711400    
       557    -39.55711400    
       558    -39.55711400    
       559    -39.55711400    
       560    -39.55711400    
       561    -39.55711400    
       562    -39.55711400    
       563    -39.55711400    
       564    -39.55711400    
       565    -39.55711400    
       566    -39.55711400    
       567    -39.55711400    
       568    -39.55711400    
       569    -39.55711400    
       570    -39.55711400    
       571    -39.55711400    
       572    -39.55711400    
       573    -39.55711400    
       574    -39.55711400    
       575    -39.55711400    
       576    -39.55711400    
       577    -39.55711400    
       578    -39.55711400    
       579    -39.55711400    
       580    -39.55711400    
       581    -39.55711400    
       582    -39.55711400    
       583    -39.55711400    
       584    -39.55711400    
       585    -39.55711400    
       586    -39.55711400    
       587    -39.55711400    
       588    -39.55711400    
       589    -39.55711400    
       590    -39.55711400    
       591    -39.55711400    
       592    -39.55711400    
       593    -39.55711400    
       594    -39.55711400    
       595    -39.55711400    
       596    -39.55711400    
       597    -39.55711400    
       598    -39.55711400    
       599    -39.55711400    
       600    -39.55711400    
       601    -39.55711400    
       602    -39.55711400    
       603    -39.55711400    
       604    -39.55711400    
       605    -39.55711400    
       606    -39.55711400    
       607    -39.55711400    
       608    -39.55711400    
       609    -39.55711400    
       610    -39.55711400    
       611    -39.55711400    
       612    -39.55711400    
       613    -39.55711400    
       614    -39.55711400    
       615    -39.55711400    
       616    -39.55711400    
       617    -39.55711400    
       618    -39.55711400    
       619    -39.55711400    
       620    -39.55711400    
       621    -39.55711400    
       622    -39.55711400    
       623    -39.55711400    
       624    -39.55711400    
       625    -39.55711400    
       626    -39.55711400    
       627    -39.55711400    
       628    -39.55711400    
       629    -39.55711400    
       630    -39.55711400    
       631    -39.55711400    
       632    -39.55711400    
       633    -39.55711400    
       634    -39.55711400    
       635    -39.55711400    
       636    -39.55711400    
       637    -39.55711400    
       638    -39.55711400    
       639    -39.55711400    
       640    -39.55711400    
       641    -39.55711400    
       642    -39.55711400    
       643    -39.55711400    
       644    -39.55711400    
       645    -39.55711400    
       646    -39.55711400    
       647    -39.55711400    
       648    -39.55711400    
       649    -39.55711400    
       650    -39.55711400    
       651    -39.55711400    
       652    -39.55711400    
       653    -39.55711400    
       654    -39.55711400    
       655    -39.55711400    
       656    -39.55711400    
       657    -39.55711400    
       658    -39.55711400    
       659    -39.55711400    
       660    -39.55711400    
       661    -39.55711400    
       662    -39.55711400    
       663    -39.55711400    
       664    -39.55711400    
       665    -39.55711400    
       666    -39.55711400    
       667    -39.55711400    
       668    -39.55711400    
       669    -39.55711400    
       670    -39.55711400    
       671    -39.55711400    
       672    -39.55711400    
       673    -39.55711400    
       674    -39.55711400    
       675    -39.55711400    
       676    -39.55711400    
       677    -39.55711400    
       678    -39.55711400    
       679    -39.55711400    
       680    -39.55711400    
       681    -39.55711400    
       682    -39.55711400    
       683    -39.55711400    
       684    -39.55711400    
       685    -39.55711400    
       686    -39.55711400    
       687    -39.55711400    
       688    -39.55711400    
       689    -39.55711400    
       690    -39.55711400    
       691    -39.55711400    
       692    -39.55711400    
       693    -39.55711400    
       694    -39.55711400    
       695    -39.55711400    
       696    -39.55711400    
       697    -39.55711400    
       698    -39.55711400    
       699    -39.55711400    
       700    -39.55711400    
       701    -39.55711400    
       702    -39.55711400    
       703    -39.55711400    
       704    -39.55711400    
       705    -39.55711400    
       706    -39.55711400    
       707    -39.55711400    
       708    -39.55711400    
       709    -39.55711400    
       710    -39.55711400    
       711    -39.55711400    
       712    -39.55711400    
       713    -39.55711400    
       714    -39.55711400    
       715    -39.55711400    
       716    -39.55711400    
       717    -39.55711400    
       718    -39.55711400    
       719    -39.55711400    
       720    -39.55711400    
       721    -39.55711400    
       722    -39.55711400    
       723    -39.55711400    
       724    -39.55711400    
       725    -39.55711400    
       726    -39.55711400    
       727    -39.55711400    
       728    -39.55711400    
       729    -39.55711400    
       730    -39.55711400    
       731    -39.55711400    
       732    -39.55711400    
       733    -39.55711400    
       734    -39.55711400    
       735    -39.55711400    
       736    -39.55711400    
       737    -39.55711400    
       738    -39.55711400    
       739    -39.55711400    
       740    -39.74685866    
       741    -39.74685866    
       742    -39.74685866    
       743    -39.74685867    
       744    -39.74685867    
       745    -39.74685867    
       746    -39.74685867    
       747    -39.74685867    
       748    -39.74685867    
       749    -39.74685868    
       750    -39.74685868    
       751    -39.74685868    
       752    -39.74685868    
       753    -39.74685868    
       754    -39.74685868    
       755    -39.74685868    
       756    -39.74685868    
       757    -39.74685868    
       758    -39.74685868    
       759    -39.74685868    
       760    -39.74685868    
       761    -39.74685868    
       762    -39.74685868    
       763    -39.74685868    
       764    -39.74685868    
       765    -39.74685868    
       766    -39.74685868    
       767    -39.74685868    
       768    -39.74685868    
       769    -39.74685868    
       770    -39.74685868    
       771    -39.74685868    
       772    -39.74685868    
       773    -39.74685868    
       774    -39.74685868    
       775    -40.60550193    
       776    -40.60550193    
       777    -40.60550193    
       778    -40.60550193    
       779    -40.60550193    
       780    -40.60550193    
       781    -40.60550193    
       782    -40.60550193    
       783    -40.60550193    
       784    -40.60550193    
       785    -40.60550193    
       786    -40.60550193    
       787    -40.60550193    
       788    -40.60550193    
       789    -40.60550193    
       790    -40.60550193    
       791    -40.60550193    
       792    -40.60550193    
       793    -40.60550193    
       794    -40.60550195    
       795    -40.60550195    
       796    -40.60550195    
       797    -40.60550195    
       798    -40.60550195    
       799    -40.60550195    
       800    -40.60550195    
       801    -40.60550195    
       802    -40.60550195    
       803    -40.60550196    
       804    -40.60550196    
       805    -40.60550196    
       806    -40.60550196    
       807    -40.60550196    
       808    -40.60550196    
       809    -40.60550196    
       810    -40.60550196    
       811    -40.60550196    
       812    -40.60550196    
       813    -40.60550196    
       814    -40.60550196    
       815    -40.60550196    
       816    -40.60550196    
       817    -40.60550196    
       818    -40.60550196    
       819    -40.60550196    
       820    -40.60550196    
       821    -40.60550196    
       822    -40.60550196    
       823    -40.60550196    
       824    -40.60550196    
       825    -40.60550196    
       826    -40.60550196    
       827    -40.60550196    
       828    -40.60550196    
       829    -40.60550196    
       830    -40.60550196    
       831    -40.60550196    
       832    -40.60550196    
       833    -40.60550196    
       834    -40.60550196    
       835    -40.60550196    
       836    -40.60550196    
       837    -40.60550196    
       838    -40.60550196    
       839    -40.60550196    
       840    -40.60550196    
       841    -40.60550196    
       842    -40.60550196    
       843    -40.60550196    
       844    -40.60550196    
       845    -40.60550196    
       846    -40.60550196    
       847    -40.60550196    
       848    -40.60550196    
       849    -40.60550196    
       850    -40.60550196    
       851    -40.60550196    
       852    -40.60550196    
       853    -40.60550196    
       854    -40.60550196    
       855    -40.60550196    
       856    -40.60550196    
       857    -40.60550196    
       858    -40.60550196    
       859    -40.60550196    
       860    -40.60550196    
       861    -40.60550196    
       862    -40.60550196    
       863    -40.60550196    
       864    -40.60550196    
       865    -40.60550196    
       866    -40.60550196    
       867    -40.60550196    
       868    -40.60550196    
       869    -40.60550196    
       870    -40.60550196    
       871    -40.60550196    
       872    -40.60550196    
       873    -40.60550196    
       874    -40.60550196    
       875    -40.60550196    
       876    -40.60550196    
       877    -40.60550196    
       878    -40.60550196    
       879    -40.60550196    
       880    -40.60550196    
       881    -40.60550196    
       882    -40.60550196    
       883    -40.60550196    
       884    -40.60550196    
       885    -40.60550196    
       886    -40.60550196    
       887    -40.60550196    
       888    -40.60550196    
       889    -40.60550196    
       890    -40.60550196    
       891    -40.60550196    
       892    -40.60550196    
       893    -40.60550196    
       894    -40.60550196    
       895    -40.60550196    
       896    -40.60550196    
       897    -40.60550196    
       898    -40.60550196    
       899    -40.60550196    
       900    -40.60550196    
       901    -40.60550196    
       902    -40.60550196    
       903    -40.60550196    
       904    -40.60550196    
       905    -40.60550196    
       906    -40.60550196    
       907    -40.60550196    
       908    -40.60550196    
       909    -40.60550196    
       910    -40.60550196    
       911    -40.60550196    
       912    -40.60550196    
       913    -40.60550196    
       914    -40.60550196    
       915    -40.60550196    
       916    -40.60550196    
       917    -40.60550196    
       918    -40.60550196    
       919    -40.60550196    
       920    -40.60550196    
       921    -40.60550196    
       922    -40.60550196    
       923    -40.60550196    
       924    -40.60550196    
       925    -40.60550196    
       926    -40.60550196    
       927    -40.60550196    
       928    -40.60550196    
       929    -40.60550196    
       930    -40.60550196    
       931    -40.60550196    
       932    -40.60550196    
       933    -40.60550196    
       934    -40.60550196    
       935    -40.60550196    
       936    -40.60550196    
       937    -40.60550196    
       938    -40.60550196    
       939    -40.60550196    
       940    -40.60550196    
       941    -40.60550196    
       942    -40.60550196    
       943    -40.60550196    
       944    -40.60550196    
       945    -40.60550196    
       946    -40.60550196    
       947    -40.60550196    
       948    -40.60550196    
       949    -40.60550196    
       950    -40.60550196    
       951    -40.60550196    
       952    -40.60550196    
       953    -40.60550196    
       954    -40.60550196    
       955    -40.60550196    
       956    -40.60550196    
       957    -40.60550196    
       958    -40.60550196    
       959    -40.60550196    
       960    -40.60550196    
       961    -40.60550196    
       962    -40.60550196    
       963    -40.60550196    
       964    -40.60550196    
       965    -40.60550196    
       966    -40.60550196    
       967    -40.60550196    
       968    -40.60550196    
       969    -40.60550196    
       970    -40.60550196    
       971    -40.60550196    
       972    -40.60550196    
       973    -40.60550196    
       974    -40.60550196    
       975    -40.60550196    
       976    -40.60550196    
       977    -40.60550196    
       978    -40.60550196    
       979    -40.60550196    
       980    -40.60550196    
       981    -40.60550196    
       982    -40.60550196    
       983    -40.60550196    
       984    -40.60550196    
       985    -40.60550196    
       986    -40.60550196    
       987    -40.60550196    
       988    -40.60550196    
       989    -40.60550196    
       990    -40.60550196    
       991    -40.60550196    
       992    -40.60550196    
       993    -40.60550196    
       994    -40.60550196    
       995    -40.60550196    
       996    -40.60550196    
       997    -40.60550196    
       998    -40.60550196    
       999    -40.60550196    
      1000    -40.60550196    
      1001    -40.60550196    
      1002    -40.60550196    
      1003    -40.60550196    
      1004    -40.60550196    
      1005    -40.60550196    
      1006    -40.60550196    
      1007    -40.60550196    
      1008    -40.60550196    
      1009    -40.60550196    
      1010    -40.60550196    
      1011    -40.60550196    
      1012    -40.60550196    
      1013    -40.60550196    
      1014    -40.60550196    
      1015    -40.60550196    
      1016    -40.60550196    
      1017    -40.60550196    
      1018    -40.60550196    
      1019    -40.60550196    
      1020    -40.60550196    
      1021    -40.60550196    
      1022    -40.60550196    
      1023    -40.60550196    
      1024    -40.60550196    
      1025    -40.60550196    
      1026    -40.60550196    
      1027    -40.60550196    
      1028    -40.60550196    
      1029    -40.60550196    
      1030    -40.60550196    
      1031    -40.60550196    
      1032    -40.60550196    
      1033    -40.60550196    
      1034    -40.60550196    
      1035    -40.60550196    
      1036    -40.60550196    
      1037    -40.60550196    
      1038    -40.60550196    
      1039    -40.60550196    
      1040    -40.60550196    
      1041    -40.60550196    
      1042    -40.60550196    
      1043    -40.60550196    
      1044    -40.60550196    
      1045    -40.60550196    
      1046    -40.60550196    
      1047    -40.60550196    
      1048    -40.60550196    
      1049    -40.60550196    
      1050    -40.60550196    
      1051    -40.60550196    
      1052    -40.60550196    
      1053    -40.60550196    
      1054    -40.60550196    
      1055    -40.60550196    
      1056    -40.60550196    
      1057    -40.60550196    
      1058    -40.60550196    
      1059    -40.60550196    
      1060    -40.60550196    
      1061    -40.60550196    
      1062    -40.60550196    
      1063    -40.60550196    
      1064    -40.60550196    
      1065    -40.60550196    
      1066    -40.60550196    
      1067    -40.60550196    
      1068    -40.60550196    
      1069    -40.60550196    
      1070    -40.60550196    
      1071    -40.60550196    
      1072    -40.60550196    
      1073    -40.60550196    
      1074    -40.60550196    
      1075    -40.60550196    
      1076    -40.60550196    
      1077    -40.60550196    
      1078    -40.60550196    
      1079    -40.60550196    
      1080    -40.60550196    
      1081    -40.60550196    
      1082    -40.60550196    
      1083    -40.60550196    
      1084    -40.60550196    
      1085    -40.60550196    
      1086    -40.60550196    
      1087    -40.60550196    
      1088    -40.60550196    
      1089    -40.60550196    
      1090    -40.60550196    
      1091    -40.60550196    
      1092    -40.60550196    
      1093    -40.60550196    
      1094    -40.60550196    
      1095    -40.60550196    
      1096    -40.60550196    
      1097    -40.60550196    
      1098    -40.60550196    
      1099    -40.60550196    
      1100    -40.60550196    
      1101    -40.60550196    
      1102    -40.60550196    
      1103    -40.60550196    
      1104    -40.60550196    
      1105    -40.60550196    
      1106    -40.60550196    
      1107    -40.60550196    
      1108    -40.60550196    
      1109    -40.60550196    
      1110    -40.60550196    
      1111    -40.60550196    
      1112    -40.60550196    
      1113    -40.60550196    
      1114    -40.60550196    
      1115    -40.60550196    
      1116    -40.60550196    
      1117    -40.60550196    
      1118    -40.60550196    
      1119    -40.60550196    
      1120    -40.60550196    
      1121    -40.60550196    
      1122    -40.60550196    
      1123    -40.60550196    
      1124    -40.60550196    
      1125    -40.60550196    
      1126    -40.60550196    
      1127    -40.60550196    
      1128    -40.60550196    
      1129    -40.60550196    
      1130    -40.60550196    
      1131    -40.60550196    
      1132    -40.60550196    
      1133    -40.60550196    
      1134    -40.60550196    
      1135    -40.60550196    
      1136    -40.60550196    
      1137    -40.60550196    
      1138    -40.60550196    
      1139    -40.60550196    
      1140    -40.60550196    
      1141    -40.60550196    
      1142    -40.60550196    
      1143    -40.60550196    
      1144    -40.60550196    
      1145    -40.60550196    
      1146    -40.60550196    
      1147    -40.60550196    
      1148    -40.60550196    
      1149    -40.60550196    
      1150    -40.60550196    
      1151    -40.60550196    
      1152    -40.60550196    
      1153    -40.60550196    
      1154    -40.60550196    
      1155    -40.60550196    
      1156    -40.60550196    
      1157    -40.60550196    
      1158    -40.60550196    
      1159    -40.60550196    
      1160    -40.60550196    
      1161    -40.60550196    
      1162    -40.60550196    
      1163    -40.60550196    
      1164    -40.60550196    
      1165    -40.60550196    
      1166    -40.60550196    
      1167    -40.60550196    
      1168    -40.60550196    
      1169    -40.60550196    
      1170    -40.60550196    
      1171    -40.60550196    
      1172    -40.60550196    
      1173    -40.60550196    
      1174    -40.60550196    
      1175    -40.60550196    
      1176    -40.60550196    
      1177    -40.60550196    
      1178    -40.60550196    
      1179    -40.60550196    
      1180    -40.60550196    
      1181    -40.60550196    
      1182    -40.60550196    
      1183    -40.60550196    
      1184    -40.60550196    
      1185    -40.60550196    
      1186    -40.60550196    
      1187    -40.60550196    
      1188    -40.60550196    
      1189    -40.60550196    
      1190    -40.60550196    
      1191    -40.60550196    
      1192    -40.60550196    
      1193    -40.60550196    
      1194    -40.60550196    
      1195    -40.60550196    
      1196    -40.60550196    
      1197    -40.60550196    
      1198    -40.60550196    
      1199    -40.60550196    
      1200    -40.60550196    
      1201    -40.60550196    
      1202    -40.60550196    
      1203    -40.60550196    
      1204    -40.60550196    
      1205    -40.60550196    
      1206    -40.60550196    
      1207    -40.60550196    
      1208    -40.60550196    
      1209    -40.60550196    
      1210    -40.60550196    
      1211    -40.60550196    
      1212    -40.60550196    
      1213    -40.60550196    
      1214    -40.60550196    
      1215    -40.60550196    
      1216    -40.60550196    
      1217    -40.60550196    
      1218    -40.60550196    
      1219    -40.60550196    
      1220    -40.60550196    
      1221    -40.60550196    
      1222    -40.60550196    
      1223    -40.60550196    
      1224    -40.60550196    
      1225    -40.60550196    
      1226    -40.60550196    
      1227    -40.60550196    
      1228    -40.60550196    
      1229    -40.60550196    
      1230    -40.60550196    
      1231    -40.60550196    
      1232    -40.60550196    
      1233    -40.60550196    
      1234    -40.60550196    
      1235    -40.60550196    
      1236    -40.60550196    
      1237    -40.60550196    
      1238    -40.60550196    
      1239    -40.60550196    
      1240    -40.60550196    
      1241    -40.60550196    
      1242    -40.60550196    
      1243    -40.60550196    
      1244    -40.60550196    
      1245    -40.60550196    
      1246    -40.60550196    
      1247    -40.60550196    
      1248    -40.60550196    
      1249    -40.60550196    
      1250    -40.60550196    
      1251    -40.60550196    
      1252    -40.60550196    
      1253    -40.60550196    
      1254    -40.60550196    
      1255    -40.60550196    
      1256    -40.60550196    
      1257    -40.60550196    
      1258    -40.60550196    
      1259    -40.60550196    
      1260    -40.60550196    
      1261    -40.60550196    
      1262    -40.60550196    
      1263    -40.60550196    
      1264    -40.60550196    
      1265    -40.60550196    
      1266    -40.63787185    
      1267    -40.63787185    
      1268    -40.63787185    
      1269    -40.63787185    
      1270    -40.64488430    
      1271    -40.64488430    
      1272    -40.64488430    
      1273    -40.75329840    
      1274    -40.75329840    
      1275    -40.75329849    
      1276    -40.75329849    
      1277    -40.75329849    
      1278    -40.75329849    
      1279    -40.75329849    
      1280    -40.75329849    
      1281    -40.75329849    
      1282    -40.75329849    
      1283    -40.75329849    
      1284    -40.75329849    
      1285    -40.75329849    
      1286    -40.75329849    
      1287    -40.75329849    
      1288    -40.75329849    
      1289    -40.75329849    
      1290    -40.75329849    
      1291    -40.75329849    
      1292    -40.75329849    
      1293    -40.75329849    
      1294    -40.75329849    
      1295    -40.75329849    
      1296    -40.75329849    
      1297    -40.75329849    
      1298    -40.75329849    
      1299    -40.75329849    
      1300    -40.75329849    
      1301    -40.75329849    
      1302    -40.75329849    
      1303    -40.75329849    
      1304    -40.75329849    
      1305    -40.75329849    
      1306    -40.75329849    
      1307    -40.75329849    
      1308    -40.75329849    
      1309    -40.75329849    
      1310    -40.75329849    
      1311    -40.75329849    
      1312    -40.75329849    
      1313    -40.75329849    
      1314    -40.75329849    
      1315    -40.75329849    
      1316    -40.75329849    
      1317    -40.75329849    
      1318    -40.75329849    
      1319    -40.75329849    
      1320    -40.75329849    
      1321    -40.75329849    
      1322    -40.75329849    
      1323    -40.75329849    
      1324    -40.75329849    
      1325    -40.75329849    
      1326    -40.75329849    
      1327    -40.75329849    
      1328    -40.75329849    
      1329    -40.75329849    
      1330    -40.75329849    
      1331    -40.75329849    
      1332    -40.75329849    
      1333    -40.75329849    
      1334    -40.75329849    
      1335    -40.75329849    
      1336    -40.75329849    
      1337    -40.75329849    
      1338    -40.75329849    
      1339    -40.75329849    
      1340    -40.75329849    
      1341    -40.75329849    
      1342    -40.75329849    
      1343    -40.75329849    
      1344    -40.75329849    
      1345    -40.75329849    
      1346    -40.75329849    
      1347    -40.75329849    
      1348    -40.75329849    
      1349    -40.75329849    
      1350    -40.75329849    
      1351    -40.75329849    
      1352    -40.75329849    
      1353    -40.75329849    
      1354    -40.75329849    
      1355    -40.75329849    
      1356    -40.75329849    
      1357    -40.75329849    
      1358    -40.75329849    
      1359    -40.75329849    
      1360    -40.75329849    
      1361    -40.75329849    
      1362    -40.75329849    
      1363    -40.75329849    
      1364    -40.75329849    
      1365    -40.75329849    
      1366    -40.75329849    
      1367    -40.75329849    
      1368    -40.75329849    
      1369    -40.75329849    
      1370    -40.75329849    
      1371    -40.75329849    
      1372    -40.75329849    
      1373    -40.75329849    
      1374    -40.75329849    
      1375    -40.75329849    
      1376    -40.75329849    
      1377    -40.75329849    
      1378    -40.75329849    
      1379    -40.75329849    
      1380    -40.75329849    
      1381    -40.75329849    
      1382    -40.75329849    
      1383    -40.75329849    
      1384    -40.75329849    
      1385    -40.75329849    
      1386    -40.75329849    
      1387    -40.75329849    
      1388    -40.75329849    
      1389    -40.75329849    
      1390    -40.75329849    
      1391    -40.75329849    
      1392    -40.75329849    
      1393    -40.75329849    
      1394    -40.75329849    
      1395    -40.75329849    
      1396    -40.75329849    
      1397    -40.75329849    
      1398    -40.75329849    
      1399    -40.75329849    
      1400    -40.75329849    
      1401    -40.75329849    
      1402    -40.75329849    
      1403    -40.75329849    
      1404    -40.75329849    
      1405    -40.75329849    
      1406    -40.75329849    
      1407    -40.75329849    
      1408    -40.75329849    
      1409    -40.75329849    
      1410    -40.75329849    
      1411    -40.75329849    
      1412    -40.75329849    
      1413    -40.75329849    
      1414    -40.75329849    
      1415    -40.75329849    
      1416    -40.75329849    
      1417    -40.75329849    
      1418    -40.75329849    
      1419    -40.75329849    
      1420    -40.75329849    
      1421    -40.75329849    
      1422    -40.75329849    
      1423    -40.75329849    
      1424    -40.75329849    
      1425    -40.75329849    
      1426    -40.75329849    
      1427    -41.72299239    
      1428    -41.72299239    
      1429    -41.72299239    
      1430    -41.72299239    
      1431    -41.72299239    
      1432    -41.72299239    
      1433    -41.72299239    
      1434    -41.72299239    
      1435    -41.72299239    
      1436    -41.72299239    
      1437    -41.72299239    
      1438    -41.72299239    
      1439    -41.72299239    
      1440    -41.72299239    
      1441    -41.72299239    
      1442    -41.72299239    
      1443    -41.72299239    
      1444    -41.72299239    
      1445    -41.72299239    
      1446    -41.72299239    
      1447    -41.72299239    
      1448    -41.72299239    
      1449    -41.72299239    
      1450    -41.72299239    
      1451    -41.72299239    
      1452    -41.72299239    
      1453    -41.72299239    
      1454    -41.72299239    
      1455    -41.72299239    
      1456    -41.72299239    
      1457    -41.72299239    
      1458    -41.72299239    
      1459    -41.72299239    
      1460    -41.72299239    
      1461    -41.72299239    
      1462    -41.72299239    
      1463    -41.72299239    
      1464    -41.72299239    
      1465    -41.72299239    
      1466    -41.72299239    
      1467    -41.72299239    
      1468    -41.72299239    
      1469    -41.72299239    
      1470    -41.72299239    
      1471    -41.72299239    
      1472    -41.72299239    
      1473    -41.72299239    
      1474    -41.72299239    
      1475    -41.72299239    
      1476    -41.72299239    
      1477    -41.72299239    
      1478    -41.72299239    
      1479    -41.72299239    
      1480    -41.72299239    
      1481    -41.72299239    
      1482    -41.72299239    
      1483    -41.72299239    
      1484    -41.72299239    
      1485    -41.72299239    
      1486    -41.72299239    
      1487    -41.72299239    
      1488    -41.72299239    
      1489    -41.72299239    
      1490    -41.72299239    
      1491    -41.72299239    
      1492    -41.72299239    
      1493    -41.72299239    
      1494    -41.72299239    
      1495    -41.72299239    
      1496    -41.72299239    
      1497    -41.72299239    
      1498    -41.72299239    
      1499    -41.72299239    
      1500    -41.72299239    
