     -4.75685653670805752569      0.25622698004590038767      0.68326430908699709033
     -4.45776832858515525970     -0.74653736193834863144      0.98638096936070107645
     -4.13831726951631129197     -1.31154450682958567675      0.11155712646548202049
     -5.30036162805309363222     -1.25176734095918940071      1.45697634541381915163
     -3.31422902233218508172     -0.66064820547239322401      1.97160132651962460848
     -2.86818808699285998642      0.43604484860794351375      2.30624163792910685800
     -2.83680682626255853407     -1.81835246022817753619      2.42969801886082592546
     -3.28341113787206095864     -2.66916972642970584673      2.11836348090745385520
     -1.73358507343974777015     -1.93439706783839882043      3.39288860506562572894
     -1.84940517042084073829     -1.15417116628398930267      4.14730006272394113864
     -1.86598573899301278800     -3.29088256486988761651      4.09810411528661777680
     -1.74553889810938533955     -4.10190229724313493165      3.37807680347581884561
     -2.84581994372947821859     -3.36970744388843712613      4.57143351762760552504
     -1.09750214442236826429     -3.38146158138463803766      4.86704668738655854554
     -0.32995311302554219957     -1.75340232491973035955      2.76620559884651617821
      0.64174480090728569515     -1.49774387747117110337      3.48548052722419487992
     -0.21153469971095642532     -1.87660767665266292603      1.43856983409919392258
     -1.04739100130835072200     -2.08411956492037386823      0.91326091107867313212
      1.02877430308568684758     -1.66579277518626511778      0.68548366906743918303
      1.84935686580757696618     -2.14251406823414303204      1.22563014417309901205
      0.89016167804517298823     -2.36938317464113090693     -0.67267606427001513936
      0.08815450444741171343     -1.91026561306269848650     -1.25352381530906886731
      1.82404953508291889364     -2.28991730682310024036     -1.23103597275115750342
      0.66485167293300573288     -3.42631270280115796112     -0.52117422042695760176
      1.38325122165686908993     -0.16994641656570769195      0.52566136015801501191
      0.53006135314411662041      0.71105378547550401880      0.67233899329059965133
      2.63715240284440044505      0.12368229189582112537      0.16050577998084306075
      3.29230057633354222801     -0.63809872330815942121      0.04807594590803444118
      3.14496702360709301516      1.49182401977840273233     -0.02087321195907001700
      2.97184375476905948688      2.04611757325415144493      0.90342970845776071620
      4.66024739447620461874      1.40431078079968574279     -0.24507439130387725923
      5.13250232801548023076      0.89672080964131795078      0.59738083440396716473
      4.87320747019590427840      0.85562243254522463154     -1.16405265262409018945
      5.07773823075829078277      2.40896729147167842910     -0.32642131361637211073
      2.45197427145504853740      2.27777910386747528548     -1.16084431317254987981
      2.45416047546941307189      3.51240364033940544175     -1.15245375242396974613
      1.82750631119349704612      1.57851636815072771114     -2.11770463943676201524
      1.90186887687552652615      0.57220831605675448461     -2.08544482629303296051
      1.03657265277986865293      2.16463817013700765557     -3.20630033222529231551
      1.52953996048957363563      3.08035936104096741417     -3.53750669030203601650
      1.05490624649464059814      1.17550856243877888119     -4.37995293231805771228
      0.53946778133091832785      1.61120034870430006713     -5.23693670890228268888
      2.08483123974806039413      0.95711776293400818716     -4.66622731691565384438
      0.55331942690867041978      0.24856728053359475328     -4.09731637716279895045
     -0.40921745462318781517      2.55394634344844373430     -2.80279307239793995521
     -1.12076002949894992788      3.18087555005159838828     -3.59584668856619682487
     -0.85954677533530088329      2.19365635514673940065     -1.59062318913218758709
     -0.22184412477226586602      1.69402316119700468988     -0.98144241730458003925
     -2.20045919473662943133      2.46860211492186198967     -1.07389099331196757880
     -2.29731188178572631742      2.07107900495752605963     -0.06160748929943041935
     -2.95246652558465028093      1.99830566238883755581     -1.71069295349986338906
     -2.38025175303657698933      3.54528802812152754598     -1.04853997787328223623
