      1.66750131884022101403      3.40949923114052433348     -4.01753311645172406230
      0.84273659512979171016      3.00862622995195705400     -3.42979060845550165482
      0.68506311136563258213      1.96350303622037714035     -3.69100358992684851600
     -0.06376237062301266800      3.57519691981398946012     -3.63856707498496634301
      1.16893245983647919850      3.11408400889040892778     -1.95686733317734540272
      2.23123949635653096024      3.61979253637586717574     -1.59458435518300012390
      0.25051367733242108082      2.64242613806664383702     -1.11485833463549099953
     -0.58650152645181585775      2.24097079740407867376     -1.51212436012273654384
      0.34984069413244783808      2.65760386622297684056      0.34939008761653322921
      1.40137835871289917478      2.71198760335765021168      0.63770823267245813071
     -0.35725908262595479359      3.91879465870832888186      0.86890711296707079381
      0.09615152599855791848      4.80689731212257331805      0.42631002460680739174
     -1.41613740914081032152      3.88853050885167395023      0.60688864543576259702
     -0.26033999440653449176      3.98152827010449295031      1.95358190504345441418
     -0.23362154900136644642      1.37666820615957585794      0.98375575456038544253
     -0.97799490256334498106      0.63358431720834040846      0.33598408971708054738
      0.10000239303125031676      1.12075129444507348708      2.25523973531167154505
      0.70305244409598077748      1.78431394554741418190      2.72156025368013843035
     -0.30354045332959800341     -0.06550243991839760360      3.02386080170240756360
      0.34148853340640666909     -0.11010984453231072167      3.90317673021809374845
     -1.73445423773576767879      0.13267652329266538258      3.55647335989332624706
     -2.01400480723078301182     -0.70848983953880817488      4.19282678219477666914
     -2.44303916204491944342      0.21603349537224092458      2.73099387162468998369
     -1.77973904758200451859      1.04640579270442435345      4.15090122142969786267
     -0.03923250645057103914     -1.38758158396529385215      2.26205462624283271111
      1.11911778804432238132     -1.71392244745825550467      1.98760970376354872968
     -1.08390863488996092023     -2.13074471925633002201      1.87439665475628780555
     -2.01055886737211775284     -1.80949261725144205926      2.11613181108693870769
     -0.97306056587720901607     -3.38546965502677510429      1.11781956028988016527
     -0.31279900304553226453     -4.05950715215120183643      1.66672652898794404486
     -2.36679154719078432834     -4.02476634349685369330      1.06477361898038247467
     -2.74292856120683881116     -4.18234864069976630674      2.07675873692973222973
     -3.05601588627416154154     -3.37844618833084675558      0.51870670061878831891
     -2.30881481994874659947     -4.98971018438639646320      0.55908229242563567407
     -0.37686090558648943638     -3.21727479763733459350     -0.30192441380738133105
      0.14014270678835308304     -4.18381090655997223138     -0.87033540238186368754
     -0.41165509586786808160     -2.00014084227592903176     -0.86045532019703219184
     -0.87039976407807917447     -1.25862962222532859258     -0.34259286833838309416
      0.19626454777512061800     -1.62605865408782390702     -2.14345759964971716016
      0.43751241118661593488     -2.53444984621976576733     -2.69754807834843246539
     -0.85638614550317793128     -0.86096937628631353689     -2.95878937557682997195
     -1.75554748067518562316     -1.46936183792128649550     -3.06598505370756369004
     -1.11252549127741140467      0.07340941691944856407     -2.45842231374583297665
     -0.46570802696384977493     -0.63828567099715305400     -3.95248819539873741391
      1.52601657004042845500     -0.84198783716921921094     -1.99582100905554438164
      2.08848367465987472258     -0.38204185310469018777     -2.99518952609872091131
      2.03593311083554473484     -0.67383266081674653147     -0.76583116830869524261
      1.54506872534767047966     -1.10649098692303393676      0.00756623782434666468
      3.26106538832264369887      0.06304637205616543671     -0.45617032126225881550
      3.41132637555126061457      0.09961500702196508794      0.62456486789550880179
      4.12047942409082867954     -0.42993997793113847283     -0.91512066437794425955
      3.19427651406261370326      1.08342103820955903970     -0.83828986528362947617
