         1      -38.7473508799
         2      -38.7473509184
         3      -38.7473509221
         4      -38.7473509459
         5      -38.7473509285
         6      -38.7473509540
         7      -38.7473508982
         8      -38.7473509188
         9      -38.7473509233
        10      -38.7473509394
        11      -38.7473509276
        12      -38.7473508892
        13      -38.7473508664
        14      -38.7473509378
        15      -38.7473509367
        16      -38.7473508654
        17      -38.7473508076
        18      -38.7473509380
        19      -38.7473508053
        20      -38.7473509069
        21      -38.7473508384
        22      -38.7473507807
        23      -38.7473509443
        24      -38.7473509058
        25       80.2683860940
        26      -38.7473509201
        27      -38.7473509295
        28      -38.7473509291
        29      -38.7473508869
        30      -38.7473507982
        31      -38.7473509514
        32      -38.7473507244
        33      -38.7473508807
        34      -38.7473508953
        35  1000000.0000000000
        36      -38.7473508157
        37      -38.7473508686
        38      -38.7473509335
        39      -38.7473509273
        40      -38.7473508635
        41      -38.7473509327
        42      -36.6175995865
        43      -38.7473509335
        44      -38.7473508563
        45      -38.7473509291
        46      -38.7473508865
        47       80.2683861345
        48      -38.7473509233
        49      -38.7473509008
        50      -38.7473508320
        51      -38.7473509063
        52      -38.7473508640
        53      -39.1807030088
        54      -39.1807029981
        55      -39.1807030223
        56      -39.1807027258
        57      -36.9227553980
        58      -39.1807029926
        59      -39.5414777440
        60      -39.5414777473
        61      -39.5414777516
        62      -39.5414777439
        63      -39.5414777407
        64      -39.5414777463
        65      -39.5414777481
        66      -39.5414777474
        67      -39.5414775588
        68      -39.5414777393
        69      -39.5414777497
        70      -39.5414777428
        71      -39.5414777011
        72      -39.5414777439
        73      -39.5414776934
        74      -39.5414772831
        75      -39.5414777457
        76      -39.5414777591
        77      -39.5414777246
        78      -39.5414777225
        79      -39.5414777548
        80      -39.5414777557
        81      -39.5414777470
        82      -39.5414777255
        83      -39.5414777518
        84      -39.5414777452
        85      -39.5414777506
        86      -39.5414777512
        87      -39.5414777097
        88  1000000.0000000000
        89      -39.6424162678
        90      -39.5414777308
        91      -39.5414776519
        92      -39.5414777511
        93      -39.5414777547
        94      -37.0425534258
        95      -39.5414777542
        96      -39.5414777410
        97  1000000.0000000000
        98      -39.5414771913
        99      -39.5414777449
       100      -39.6424162252
       101      -39.5414777296
       102       98.6040400720
       103      -39.5414777304
       104       94.9580657431
       105      -39.5414777155
       106      -39.5414777317
       107      -39.5414775537
       108      -36.9227553989
       109      -38.7561839055
       110      -39.5414777513
       111      -39.5414777478
       112      -39.5414773111
       113      -39.5414774810
       114      -39.5414777144
       115      -39.5414777538
       116      -39.5414777325
       117      -39.5414775892
       118      -40.8506104689
       119      -39.5414777121
       120      -39.6424162354
       121      -39.5414777524
       122      -39.5414777541
       123      -39.6424162697
       124      -39.5414777439
       125      -39.5414777102
       126      -39.5414777360
       127      -39.5414776510
       128      -39.5414777312
       129      -39.5414777058
       130      -39.5414777198
       131      -39.5414777100
       132      -39.5414777408
       133      -39.5414777109
       134      -39.5414777334
       135      -36.9227553869
       136      -39.5414777058
       137      -39.5414777459
       138      -39.5414777334
       139      -39.5414777519
       140      -38.2561869632
       141      -39.5414774891
       142      -39.5414777279
       143      -39.5414777402
       144      -39.5414777384
       145      -39.5414777537
       146      -39.5414777180
       147      -39.5414777367
       148      -39.5414776944
       149      -39.5414777110
       150      -35.2635816159
       151      -39.5414777277
       152      -40.8506104582
       153      104.7200679865
       154      -39.5414777359
       155      -39.5414777471
       156      -39.5414777424
       157      -39.5414777201
       158      -39.5414777500
       159      -39.5414777349
       160      -39.5414776234
       161      -38.6258839649
       162      -39.5414777325
       163      -39.5414777442
       164      -39.5414777547
       165      -39.5414777298
       166      -39.5414777428
       167      -39.5414773944
       168      -40.8506104249
       169      -39.5414774588
       170       99.4055659797
       171      -39.5414777387
       172      -36.9227553928
       173       80.9431720401
       174      -39.5414777558
       175      -39.5414777260
       176      -39.5414777413
       177      -39.6424162434
       178      -39.5414777236
       179      -38.7561838946
       180      -38.7561838980
       181      -38.7561838800
       182      -38.7561838949
       183      -38.7561838886
       184      -38.7561838830
       185      -38.7561839028
       186      -38.7561833932
       187      -38.7561838825
       188      -38.7561839062
       189      -38.7561838967
       190      -36.0565938303
       191      -38.7561838557
       192      -37.2302312262
       193      -38.7561838875
       194      -38.7561838899
       195      -37.0958378476
       196      -38.7561838719
       197      -40.1193671890
       198      -38.7561838977
       199      -38.7561838492
       200      -38.7561838595
       201      -38.7561838886
       202      -38.7561838930
       203      -38.7561838958
       204      -38.7561838986
       205      -38.7561838789
       206       98.4454158370
       207      105.1011880824
       208      -38.7561839057
       209      -38.7561837577
       210      -38.7561838888
       211      -38.7561839117
       212      -38.7561839090
       213      -38.6160175777
       214      -36.0565938391
       215      -34.5534072754
       216      -38.7561838853
       217      -38.7561838814
       218      -38.7561838867
       219      -38.7561839050
       220      -38.7561838917
       221      -38.7561838761
       222      -38.7561838840
       223      -38.7561837948
       224      -37.2302312194
       225      -38.7561839007
       226      -38.7561839004
       227      -38.7561839031
       228      -38.6160175014
       229      -38.7561838494
       230      -38.7561839002
       231      -38.4369097836
       232      -40.0671969473
       233      -38.7561838891
       234      -38.7561838867
       235      -38.2033786230
       236      -38.2033785776
       237      -38.2033785553
       238      -38.2033782092
       239      -38.2033785972
       240      -38.2033785925
       241      -38.2033786267
       242      -38.2033786384
       243      -38.2033786042
       244      -36.7894111238
       245       94.2522706706
       246      -38.2033786288
       247      -38.2033781820
       248      -35.5492997692
       249      -38.2033772694
       250      -38.2033786190
       251      -38.2033783487
       252      -38.2033786173
       253      -38.2033786274
       254      -35.3502910939
       255      -38.2033785333
       256      -38.2033785818
       257      -38.2033786312
       258      -38.2033785840
       259      -38.2033785959
       260      -35.5492987784
       261      -38.2033786233
       262      -36.7867919635
       263      -38.2033786220
       264      -38.2033785962
       265  1000000.0000000000
       266      -38.2033786143
       267      -38.2033786072
       268      -38.2033786009
       269      -38.2033785154
       270      -38.2033785885
       271      -38.2033785183
       272      -38.2033786119
       273      -38.2033786197
       274      -38.2033785617
       275      -38.2033786081
       276      -35.3502910928
       277      -38.2033785656
       278      -38.2033785897
       279      -38.2033785585
       280      -38.2033786122
       281      -38.2033786067
       282      -38.2033786199
       283      -38.2033785872
       284      -38.2033786154
       285      -38.2033785815
       286       96.3709732764
       287      -38.2033786013
       288      -38.2033786247
       289      -38.2033784695
       290      -34.0263538295
       291      -38.5788920529
       292      -38.5788926967
       293      -38.5788927883
       294      -38.5788927887
       295      -38.5788926235
       296      -38.5788927904
       297      -38.5788927926
       298      -36.1575258894
       299  1000000.0000000000
       300       93.9056118493
       301      -38.5788922657
       302      -35.5492997734
       303      -38.5788927900
       304      -38.5788927553
       305      -38.5788927971
       306      -37.1790972304
       307      -38.5788927895
       308      -38.5788927472
       309      -38.5788927579
       310      -39.3780480129
       311      -39.3780481626
       312      -33.2586100622
       313      -36.6542045377
       314      -39.3780481464
       315       94.1839898815
       316      -39.3780481608
       317      -36.6542045402
       318      -39.3780480895
       319      -39.3780481712
       320      -39.3780481376
       321      -37.8866323401
       322      -39.3780481650
       323      -39.3780481459
       324      -39.3780481438
       325  1000000.0000000000
       326      -39.3780481474
       327      -39.3780481450
       328      -39.3780481697
       329      -39.3780481653
       330      -32.2597683604
       331      104.4417111114
       332      -39.3780481750
       333      -39.3780481296
       334      -39.3780481571
       335      -39.3780481526
       336      -39.3780481440
       337      -23.9870723589
       338      -39.3780481517
       339      -39.3780481496
       340      -37.2345449600
       341      -37.9967250290
       342      -39.3780480902
       343      -39.3780481533
       344      -39.3780481139
       345      -33.1342837747
       346      -39.3780481236
       347      -39.3780481555
       348      -39.3780481459
       349      -39.3780481658
       350      -36.5194391018
       351      -39.3780480380
       352  1000000.0000000000
       353      -39.3780473280
       354      -39.3780481591
       355      -28.2752599923
       356      -37.8866323369
       357      -36.6542045217
       358      -39.3780481712
       359      -39.3780480131
       360  1000000.0000000000
       361      -39.3780481251
       362      -39.3780481428
       363      -39.3780481707
       364      -39.5571139970
       365      -39.5571139539
       366      -39.5571139720
       367      -39.5571139641
       368      -39.5571139367
       369      -39.5571139796
       370      -34.4453335791
       371      -39.5571130678
       372      -39.5571139824
       373      -39.5571139637
       374      -39.5571139569
       375      -39.5571139898
       376       94.1396566478
       377      -39.5571139908
       378       94.1396566432
       379      -39.5571139039
       380  1000000.0000000000
       381  1000000.0000000000
       382  1000000.0000000000
       383      -39.5571139732
       384      -39.5571139902
       385      -39.5571139815
       386  1000000.0000000000
       387      -38.5710865080
       388      -39.5571139997
       389      -37.9838169297
       390  1000000.0000000000
       391      -38.4369097996
       392      -38.3032329941
       393      -41.9430417222
       394      -38.4369091454
       395      -36.1273227627
       396      -38.4369097913
       397      -38.4324979748
       398      -38.4369097979
       399      -37.2946085024
       400      -38.4369097867
       401      -38.4369097918
       402      -38.4369092093
       403      -41.9430417282
       404      -38.3032329761
       405      -38.4369097696
       406      -41.9430417098
       407      -38.4369097994
       408      -38.4369097850
       409      -37.2946088027
       410      -36.8862725938
       411      -38.4369097937
       412      -37.2863787293
       413      -38.4369097228
       414      -38.4369097903
       415      -34.0692702110
       416      -38.4369097909
       417      -37.2946088110
       418      -38.4369098074
       419      -38.4369097803
       420      -34.8377017665
       421      -37.2946087798
       422      -38.4369098003
       423      -38.4369097609
       424      -38.4369098046
       425      -38.4369097985
       426      -36.8862726125
       427      -38.4369097885
       428      -38.4369097573
       429      -38.1389612261
       430      -38.4369097883
       431      -38.4369097628
       432       95.4559704861
       433      -38.4369097848
       434      -38.4369097982
       435      -38.4369097732
       436      -36.8862726009
       437      -38.4369097450
       438      -38.4369097830
       439      -37.2946088241
       440      -38.4369097859
       441      -38.4369092080
       442      -32.1147563760
       443  1000000.0000000000
       444      -38.4369097881
       445      -38.4369097618
       446      -41.9430417177
       447      -38.4369097877
       448      -38.4369097838
       449      -38.4369098001
       450      -34.7703415493
       451      -37.2946088176
       452      -39.3780481550
       453      -39.3780481763
       454      -39.3780480642
       455      -39.3780481689
       456      -32.0845323170
       457      -39.3780481500
       458      -39.3780481315
       459      -37.9967250164
       460      -39.0789113941
       461      -39.3780481623
       462      -39.3780481674
       463  1000000.0000000000
       464  1000000.0000000000
       465      -34.6610939830
       466      -39.3780481653
       467      -38.3615304884
       468      -38.5788927408
       469      -38.5788927860
       470      -33.8068304634
       471      -33.6128484949
       472      -38.5788927932
       473      -38.5788927638
       474      -38.8067798039
       475      -38.8861939582
       476      -37.8726641030
       477      -37.7100761987
       478      -37.7100761318
       479      -34.7439355501
       480      -31.4302018581
       481      -36.8376625075
       482      -31.6260719935
       483      -37.7956669958
       484  1000000.0000000000
       485      -38.5799916305
       486      -38.5799915592
       487      -36.1575174343
       488      -38.5799916310
       489      -38.5788927955
       490      -34.4728409241
       491      -38.5788928018
       492      -34.3411975307
       493      -38.5788927743
       494      -38.5788918580
       495      -32.6440816327
       496       80.5797131528
       497      -38.5788927408
       498      -38.5788927815
       499      -37.1790972370
       500      -37.6955347510
       501      -38.5788927825
       502      -38.5788927548
       503      -30.2739250747
       504  1000000.0000000000
       505      -38.5788927922
       506  1000000.0000000000
       507      -36.1575258879
       508      -34.3411975605
       509      -38.5788927853
       510      -38.3266438659
       511      -38.7926853262
       512      -38.5788927852
       513      -38.5788927650
       514      -37.1790972516
       515      -16.1485368825
       516      -35.5492997704
       517      -37.1790972507
       518      -38.5788927827
       519      -38.5788927680
       520      -38.5788927900
       521      -29.6719726910
       522      -38.5788927803
       523      -28.6328485698
       524      -38.5788927983
       525      -38.5788927962
       526      -32.3816686805
       527  1000000.0000000000
       528      -36.1575258982
       529      -37.7956670127
       530      -23.2621312780
       531      -36.1575258781
       532      -30.4895186583
       533      -38.5788927850
       534      -38.5788927781
       535  1000000.0000000000
       536      -23.9870722963
       537      -37.1790972476
       538      -35.5492997548
       539      -38.5788927959
       540      -38.7926853119
       541       92.5079019782
       542      -38.5788927569
       543      -37.1790972405
       544      -29.6608547206
       545      -38.2033785935
       546       98.2919142058
       547  1000000.0000000000
       548      -38.2033785730
       549      -38.2033786097
       550      -38.2033786025
       551      -35.5492997577
       552      -38.2033786148
       553      -38.2033786237
       554      -36.7894111068
       555      -38.2033786215
       556      -38.2209187415
       557      -38.2033786100
       558      -29.9651114052
       559  1000000.0000000000
       560      -29.8415708125
       561      -38.5788927849
       562      -36.6230640808
       563      -37.1790972032
       564  1000000.0000000000
       565      -38.5788927855
       566      -38.5788927775
       567      -38.5788928063
       568  1000000.0000000000
       569      -34.0955867087
       570  1000000.0000000000
       571      -38.5788922131
       572      -38.5788927850
       573      -37.7956670549
       574      -39.0378232029
       575      -34.7967108963
       576      -38.5788924957
       577      -36.1575259018
       578      -38.5788927877
       579      -38.5788927918
       580  1000000.0000000000
       581      -38.5788924078
       582      -38.5788928069
       583      -37.6955347492
       584      -38.5788927964
       585      -35.9821984131
       586      -35.0012484463
       587      -35.0012484271
       588      -38.5799916362
       589      -38.6388814450
       590      -38.5799913115
       591      -38.5799916317
       592  1000000.0000000000
       593      -37.7622623484
       594      -38.5799916252
       595      -34.7967108897
       596      -33.1195064531
       597      -32.8121505463
       598      -32.7005428179
       599      -38.5799915775
       600  1000000.0000000000
       601      -38.5788928040
       602      -36.6542045335
       603      -38.5788927603
       604      -29.6393283163
       605      -37.9146626410
       606      -36.9772279101
       607      -38.5788927875
       608      -37.6955347498
       609      -38.6051436881
       610      -31.1190513482
       611      -35.8179827514
       612  1000000.0000000000
       613      -31.7852334518
       614      -38.5788927833
       615      -38.5788927972
       616      -37.6955347581
       617      -36.1575259046
       618      -38.5788927931
       619      -38.0306573830
       620      -37.6955347612
       621      -38.5788927278
       622      -37.0599141353
       623      -26.3061185537
       624      -36.1575258998
       625      -34.0766006636
       626  1000000.0000000000
       627      -37.7100741326
       628      -36.8376625056
       629      -37.7100762022
       630      -37.6255507178
       631      -34.7439355410
       632      -37.5070353171
       633      -27.1045511864
       634       95.3384328924
       635  1000000.0000000000
       636      -34.7439355300
       637      -37.7100761996
       638      -34.0279242353
       639      -37.7100761774
       640      -34.0766006711
       641      -38.8067798998
       642      -38.8067798722
       643      -38.8067799031
       644      -37.8726641203
       645      100.1820317826
       646      -37.7652079812
       647      -38.8067798895
       648      -38.8067799054
       649      -36.1575258993
       650      -38.8067798754
       651  1000000.0000000000
       652      -36.1399607412
       653      -37.9146625788
       654      -37.7100761805
       655      -36.1399607321
       656      -38.8067798713
       657      -38.7010642491
       658      -38.8067798752
       659  1000000.0000000000
       660      -37.8726641443
       661  1000000.0000000000
       662      -35.7835818152
       663      -18.3314608060
       664      -38.2086605661
       665      -30.8044469386
       666  1000000.0000000000
       667      -22.7495319951
       668      -38.5931860695
       669      -35.8179827498
       670      -35.8562088347
       671      -38.7616414336
       672      -29.6681318197
       673      -37.7331719235
       674      -30.5213457359
       675      -28.1825666304
       676      -30.2250336808
       677      -38.7616414138
       678      -37.2258957608
       679      -38.7616414247
       680      -36.9995974945
       681      -38.7616414402
       682      -36.4636125347
       683      -38.7616414074
       684      -38.4369097928
       685      -17.8632308287
       686      -38.4369097858
       687      -38.4369097991
       688      -38.5911661716
       689      -38.4369098045
       690      -41.9430416912
       691  1000000.0000000000
       692      -41.9430417185
       693      -38.4369098019
       694      -30.8082500687
       695      -35.5955995284
       696      -36.8862726079
       697      -24.9699249392
       698  1000000.0000000000
       699      -40.0993766492
       700      -38.4369097909
       701      -38.3032329799
       702      -37.8297672759
       703  1000000.0000000000
       704      -38.4369097802
       705      -38.7401626059
       706      -37.2946088142
       707      -38.7561838589
       708      -36.8862725980
       709      -38.7561838626
       710      110.3776527772
       711      -38.7561838568
       712      -39.5414777413
       713      -37.7364955068
       714      -39.6424162718
       715      -33.2223150627
       716  1000000.0000000000
       717      -39.5414777433
       718      -38.7561838887
       719      -38.4369097735
       720       96.1302653760
       721      -39.0996549338
       722      -35.7498973943
       723      -38.4369097900
       724      -36.8862726103
       725      -34.5251167176
       726      -38.4369097733
       727      -38.4369097645
       728      -30.9084688369
       729      -38.4369097848
       730      -39.3780481743
       731      -39.1312362254
       732      -35.7087250312
       733  1000000.0000000000
       734      -39.1312361941
       735      -35.8831240344
       736      -39.1312362061
       737  1000000.0000000000
       738      -31.5399240492
       739      -39.1312360850
       740      -39.7468586607
       741      -34.9471323799
       742      -33.7968555994
       743      -39.7468586739
       744      -32.9733323942
       745  1000000.0000000000
       746      -35.9442528439
       747      -39.0661055845
       748  1000000.0000000000
       749      -39.7468586785
       750      -42.0260988485
       751      -30.5628085066
       752      -36.6756792912
       753      -39.1325984353
       754      -39.1325984299
       755  1000000.0000000000
       756      -37.8735018171
       757       96.6468327975
       758      -37.5551998813
       759      -34.0188600811
       760       93.7064729341
       761      -39.1325984024
       762      -39.1325984282
       763      100.2137940819
       764      -39.1325984036
       765      -36.5777205055
       766      -42.6064879255
       767      -18.7062677224
       768      -42.6064879173
       769      -39.1325984028
       770      -28.0077229712
       771      -39.1325984226
       772      -42.6064878901
       773  1000000.0000000000
       774      -27.8661961599
       775      -40.6055019347
       776      -35.0688680207
       777      -39.1807029987
       778      -39.4288439396
       779      -38.4369070458
       780  1000000.0000000000
       781  1000000.0000000000
       782      -38.9039605078
       783  1000000.0000000000
       784      -35.4796129353
       785  1000000.0000000000
       786      -39.1325984225
       787      -38.6232198137
       788      -40.6055019043
       789      -41.5733243741
       790      -36.9227553938
       791      -42.0181868373
       792      -31.7016418883
       793      -41.5733244277
       794      -40.6055019466
       795      -40.6055019080
       796      -32.4561027590
       797      -40.6055019080
       798      -41.5733244077
       799       98.9171192159
       800      -38.1096410075
       801  1000000.0000000000
       802      -40.6055018802
       803      -40.6055019551
       804      -41.5733244334
       805  1000000.0000000000
       806      -40.6055019538
       807      -38.9039604952
       808      -37.0092216454
       809      -32.4528821022
       810      -39.7468584737
       811      -35.1921194474
       812      -38.4369097982
       813      -41.9430417064
       814      -31.7070833832
       815      -38.4369097906
       816      -38.4369097992
       817      -38.4369097883
       818      -37.5108775522
       819      -38.4369097907
       820      -17.5707116493
       821      -38.4369097948
       822      -30.8082500781
       823      -34.8377017795
       824      -38.1389612728
       825      -32.1147563604
       826      -38.4369097953
       827      -35.8381446376
       828      -38.4369097883
       829      -38.4369097760
       830      -38.4369097899
       831      -38.3032329966
       832      -38.4369097984
       833      -30.3349163872
       834      -38.7561839010
       835      -30.3001677626
       836      -38.7561838985
       837  1000000.0000000000
       838      -34.5534072430
       839      -33.0836977882
       840  1000000.0000000000
       841      -30.2471754725
       842      -38.7561838917
       843      -38.7561838967
       844      -38.7561833799
       845  1000000.0000000000
       846      -38.7561838346
       847      -38.4369097808
       848      -38.4369098017
       849  1000000.0000000000
       850      -37.2863793236
       851      -38.4369097657
       852      110.9067084317
       853      -25.7924798592
       854      -39.3780481495
       855      -37.8866323376
       856      -33.8925232223
       857      -36.6542045409
       858      -32.0458948296
       859      -32.2597683815
       860      -39.3780481538
       861  1000000.0000000000
       862      -36.4122984172
       863      -36.6542045405
       864      -39.3780481631
       865      -39.3780481765
       866      -39.3780481493
       867  1000000.0000000000
       868      -31.5071721529
       869      -29.5453464080
       870      -31.7852334491
       871      -33.2586100558
       872      -37.9967250317
       873      -33.1909347398
       874  1000000.0000000000
       875      -31.1901265914
       876       89.3762653160
       877      -34.3411975343
       878  1000000.0000000000
       879      -37.8866323329
       880  1000000.0000000000
       881  1000000.0000000000
       882      104.7950523451
       883      -37.8866320016
       884  1000000.0000000000
       885      -37.8085273633
       886      -39.3780481681
       887      -39.3780481435
       888      -30.7120298760
       889      -38.4369097661
       890      -31.6871049380
       891      -39.3780481783
       892       92.1206741719
       893      -39.3780481658
       894      -37.9967250419
       895      -39.3780481597
       896      -40.3425730167
       897      -35.0539314707
       898  1000000.0000000000
       899  1000000.0000000000
       900      -39.3780481604
       901      -38.3615304828
       902      -29.4978229833
       903      -39.3780481590
       904      -39.1424435213
       905      -39.2006094167
       906      -39.2761783532
       907      -37.9967250340
       908      -39.2006094241
       909       81.6544788795
       910      -36.6542045264
       911      -37.8866323249
       912      -39.5571139848
       913      -30.9286159649
       914      -38.2086606102
       915      -38.2086606025
       916      -39.5571140055
       917      -33.4202886123
       918      -28.7527498285
       919  1000000.0000000000
       920      -38.5710865104
       921      -38.5710864909
       922      -38.5710865430
       923      -39.5571139079
       924      -38.2086606068
       925  1000000.0000000000
       926  1000000.0000000000
       927      -38.4369097981
       928  1000000.0000000000
       929      -31.5573705143
       930      -36.8862725854
       931      -41.9430417235
       932      -38.4369097741
       933      -36.8862726084
       934      -17.4852356049
       935      -38.4369097832
       936      -38.4369097979
       937      -36.1273227825
       938      -38.4369097749
       939      -33.3921215955
       940      -37.2863793364
       941      -38.4369097924
       942       92.2038169679
       943      -38.4369097926
       944      -38.4369097889
       945      -30.2931253240
       946      -35.7498974006
       947      -38.4369097976
       948      -38.4369097900
       949      -38.4369097862
       950  1000000.0000000000
       951      -36.1273227630
       952      -38.3032329707
       953  1000000.0000000000
       954      -30.7095323689
       955      -38.3032329521
       956  1000000.0000000000
       957      -38.4369097907
       958      -30.6987160890
       959      -33.3091366619
       960      -37.2946088143
       961      -38.4369097857
       962  1000000.0000000000
       963      -37.2946087825
       964      -40.5210576494
       965      -30.1867258688
       966      -29.3888992404
       967      -38.4369097977
       968      -36.8834481579
       969      -36.1273227750
       970      -30.9911233209
       971      -38.3032329611
       972      -38.4369098000
       973  1000000.0000000000
       974      -41.9430417267
       975      -35.5492997558
       976      -38.4369097526
       977      -37.2946088199
       978      -38.4369097992
       979      -38.4369097808
       980      -31.9085663900
       981      -41.9430416747
       982       94.9578904894
       983      -38.4369097876
       984       96.7941848556
       985  1000000.0000000000
       986      -29.8844875969
       987  1000000.0000000000
       988  1000000.0000000000
       989      -38.3032329969
       990      -42.1083888978
       991       97.1927900356
       992      -30.8082500744
       993      -39.3780481552
       994      -37.8866323510
       995      -37.8085273321
       996      -39.3780481432
       997      -39.3780481581
       998      -38.2086606046
       999      -37.8866323317
      1000      -33.4604236347
      1001      -39.3780481354
      1002      -39.3780481543
      1003      -38.4369097877
      1004      -37.2946088075
      1005      -42.1083889171
      1006  1000000.0000000000
      1007      -38.4369097681
      1008      -37.2302312397
      1009  1000000.0000000000
      1010  1000000.0000000000
      1011      -36.8862726055
      1012  1000000.0000000000
      1013      -38.0017087540
      1014      -40.3425729842
      1015      -34.6610940068
      1016      -36.8862726017
      1017      -38.4369098019
      1018      -37.2946087937
      1019      -38.4369097360
      1020      -34.5662768824
      1021      -39.7468586968
      1022      -33.8219793266
      1023      -39.7468586779
      1024      -39.7468586572
      1025      -35.3353990119
      1026      -39.7468586730
      1027  1000000.0000000000
      1028  1000000.0000000000
      1029      -34.2638170367
      1030      -41.0703445130
      1031      -33.7403863892
      1032      -39.7468586769
      1033      -33.4231581323
      1034      -39.7468587034
      1035      -32.0395601768
      1036  1000000.0000000000
      1037      -37.0968130651
      1038      -31.0821691922
      1039      -39.7468586886
      1040      -36.0690726188
      1041      -27.3940655519
      1042      -35.5037642999
      1043  1000000.0000000000
      1044      -39.7468586938
      1045      -17.5262618652
      1046      -37.1724110898
      1047      -40.2501032369
      1048      -39.7468586562
      1049      -39.7468586918
      1050      -40.2501032225
      1051      -39.7468586876
      1052  1000000.0000000000
      1053      -27.1504786888
      1054      -38.1498837658
      1055      -39.7468586913
      1056  1000000.0000000000
      1057      -39.7468586925
      1058  1000000.0000000000
      1059      -36.6756792825
      1060      -29.5891777829
      1061      -33.2223150469
      1062      -39.7468586827
      1063      -30.5832112000
      1064  1000000.0000000000
      1065      -35.7473910785
      1066      -34.3099657864
      1067      -39.7468586744
      1068      -31.6986672144
      1069  1000000.0000000000
      1070      -39.7468586890
      1071  1000000.0000000000
      1072      -39.7468586793
      1073      -39.0661055762
      1074      -40.2501032338
      1075      -39.7468586739
      1076  1000000.0000000000
      1077      -33.4231581788
      1078      -38.3903671547
      1079      -36.0389625699
      1080      -28.7900726034
      1081      -40.2501032149
      1082      -39.7468586676
      1083      -39.7468586837
      1084  1000000.0000000000
      1085      -31.7078019615
      1086      -39.7468586966
      1087      -39.7468586922
      1088      -39.7468586479
      1089      -34.0171511984
      1090  1000000.0000000000
      1091      -38.6232198198
      1092      -42.1892089305
      1093      -31.0821691124
      1094      -39.7468586946
      1095      -30.5957305805
      1096      -38.8172520474
      1097      -39.7999272039
      1098      -32.9724634318
      1099      -39.7999272235
      1100      -39.7999272144
      1101      -32.9108252277
      1102  1000000.0000000000
      1103      -37.4428067600
      1104  1000000.0000000000
      1105      -39.7999272234
      1106  1000000.0000000000
      1107      -30.3031223458
      1108      -39.7999272048
      1109      -33.3008184143
      1110      -32.4005296699
      1111      -39.7999271878
      1112  1000000.0000000000
      1113      -39.7999271971
      1114      -36.9047244362
      1115      -26.6831915529
      1116      -39.7999271729
      1117      -39.7999272104
      1118      -39.7999271225
      1119      -39.7999272131
      1120      -39.7999272227
      1121      -37.4428066291
      1122      -39.7999272110
      1123      -39.7999272109
      1124      -27.1821291397
      1125      -35.2545143093
      1126      -29.8304881811
      1127      -34.0996729056
      1128      -27.0219276439
      1129      -38.3890495205
      1130      -25.1427335513
      1131      -35.9679672444
      1132      -37.9560278343
      1133      -39.7999272173
      1134      -28.8693760492
      1135      -39.7999272320
      1136  1000000.0000000000
      1137  1000000.0000000000
      1138  1000000.0000000000
      1139      -39.7999272187
      1140      -37.8597098145
      1141  1000000.0000000000
      1142      110.0814629287
      1143      -30.7372031601
      1144      -39.7999272292
      1145      -32.9820799069
      1146      -39.7999272029
      1147  1000000.0000000000
      1148      -41.0331307718
      1149       89.1885979461
      1150      -37.8597098516
      1151      -39.7999272152
      1152      -34.0135023329
      1153      -39.7999272267
      1154      -37.8597098562
      1155  1000000.0000000000
      1156      -39.7999271920
      1157  1000000.0000000000
      1158      -40.3087844281
      1159  1000000.0000000000
      1160      -36.6280786980
      1161      -27.0122432471
      1162      -28.5436204541
      1163      -26.7942600470
      1164      -34.1751350821
      1165      -26.1952958353
      1166      -36.1420525472
      1167      -39.1065217923
      1168      -40.7928608493
      1169      -26.0137533369
      1170      -31.5200668454
      1171      -40.3087844432
      1172      -33.1863741428
      1173       83.9741418427
      1174      -37.9560278239
      1175  1000000.0000000000
      1176      -36.6926607462
      1177  1000000.0000000000
      1178      -36.7163795216
      1179      -40.3087844227
      1180      -37.8046758879
      1181      -38.9304705745
      1182      -40.3087843069
      1183      -23.5626503964
      1184      -33.5898960264
      1185      -40.3781234915
      1186      -33.9683223409
      1187      -40.3781234954
      1188      -40.3781235288
      1189      -40.3781234387
      1190      -40.6382989444
      1191      -38.1042330217
      1192      -40.3781235135
      1193      -38.9304705771
      1194      -40.3781234854
      1195      -40.3781234953
      1196      -40.3781235023
      1197      -35.5069992942
      1198      -30.1574518716
      1199      -38.9304705681
      1200  1000000.0000000000
      1201      -34.7176827948
      1202      -39.2648392487
      1203  1000000.0000000000
      1204      -36.1116328368
      1205  1000000.0000000000
      1206      -39.2648392199
      1207      -39.2648392394
      1208      -18.6332372754
      1209  1000000.0000000000
      1210      -39.2648392502
      1211      -40.9313819187
      1212      -26.0306029969
      1213      -39.4439050352
      1214      -39.2648392544
      1215      -31.2043697575
      1216      -38.7771784413
      1217      -37.8262572426
      1218      -39.2648392463
      1219       93.1333445947
      1220      -20.6207466230
      1221       93.5239554861
      1222      -32.8031051982
      1223      -38.9942773832
      1224  1000000.0000000000
      1225      -31.1208327448
      1226      -38.1162211802
      1227      -26.7859515346
      1228      -29.6045408434
      1229  1000000.0000000000
      1230      -40.9927956829
      1231      -33.1109346083
      1232      -39.4439050422
      1233      -35.1879622867
      1234      -38.6631634955
      1235      -34.8827359135
      1236  1000000.0000000000
      1237       95.1299744486
      1238      -40.1273687763
      1239  1000000.0000000000
      1240      -31.6352654126
      1241  1000000.0000000000
      1242      -39.2648392528
      1243      -39.2648392523
      1244      -18.8935294893
      1245      -31.1958961744
      1246      -23.3826538200
      1247      -18.4977166723
      1248  1000000.0000000000
      1249      -35.0922003525
      1250      -40.9927956733
      1251      -38.7771784480
      1252      -40.1675408531
      1253      -39.8092974051
      1254      -39.4701235433
      1255  1000000.0000000000
      1256      -29.2171985701
      1257      101.0456472543
      1258      -41.5740365582
      1259  1000000.0000000000
      1260      -40.1027207593
      1261      -22.8068601321
      1262      -24.1158197880
      1263  1000000.0000000000
      1264      -35.2694816911
      1265      -39.4439050434
      1266      -40.6378718538
      1267      -37.0413705367
      1268      -38.3707859093
      1269      -35.4778809111
      1270      -40.6448842961
      1271      -40.9128284707
      1272      -38.8875532134
      1273      -40.7532983994
      1274      -40.6448842901
      1275      -40.7532984869
      1276      -37.9509277286
      1277      -40.7532984703
      1278      -36.7911638021
      1279      -39.2260714655
      1280  1000000.0000000000
      1281      -17.7328847531
      1282      -38.7150390630
      1283      -37.9509277179
      1284      -39.5457943383
      1285      -40.6448842940
      1286  1000000.0000000000
      1287      -40.6448842911
      1288      -35.9048000091
      1289      -40.6448842733
      1290      -27.0323025306
      1291      -39.9001006324
      1292      -40.7532984687
      1293      -40.6448842925
      1294      -38.3707860261
      1295  1000000.0000000000
      1296  1000000.0000000000
      1297  1000000.0000000000
      1298      -40.6448842758
      1299      -27.0403031861
      1300       86.5819249437
      1301      -40.6448841739
      1302       96.1683815535
      1303      -39.9001006475
      1304      -40.6448840856
      1305      -36.4414273539
      1306      -21.7389471775
      1307      -29.4188058231
      1308      -34.0824958467
      1309      -40.9128284656
      1310      -42.6920064194
      1311      -33.1176754224
      1312      -39.0804499361
      1313      -40.6448842762
      1314      -19.7646750467
      1315      -40.9128284466
      1316      -40.6448834391
      1317      -40.6448842608
      1318      -40.6448842741
      1319      -40.7532984871
      1320  1000000.0000000000
      1321      -40.7532984737
      1322      -36.7911637946
      1323      -37.7941433271
      1324      -38.2331862454
      1325  1000000.0000000000
      1326      -40.7532984545
      1327      -40.6448836836
      1328      -37.9509277290
      1329      -38.6580041978
      1330      -30.3690757008
      1331  1000000.0000000000
      1332      -38.6580041831
      1333      -26.5964954767
      1334      -38.6580041954
      1335      -32.5772541997
      1336      -23.2882865438
      1337      -34.1167053102
      1338      -38.6580041759
      1339      -38.6580041994
      1340      -25.7680961941
      1341      -39.5080304860
      1342      -34.7546986065
      1343      -33.5116262915
      1344      -39.3979514347
      1345      -39.0660747385
      1346      -24.8510706020
      1347      -27.0199309671
      1348      -39.0661055932
      1349      -32.5145625269
      1350      -21.8627878881
      1351      -35.5037643170
      1352      -39.0661055798
      1353      -37.8597098539
      1354      -39.2165047835
      1355      -39.0661055676
      1356      -16.5777741778
      1357      -42.0181868428
      1358      -39.0661055780
      1359      -37.8046758899
      1360  1000000.0000000000
      1361      -34.9726702333
      1362      -39.9728802891
      1363      -37.6214310763
      1364      -40.4691340589
      1365      -39.1775695528
      1366      -41.6474137989
      1367      -40.3781235307
      1368      -32.6913881568
      1369      -40.4691340590
      1370      -24.5652781895
      1371      -40.6113091385
      1372      -40.4691340439
      1373      -39.2648392333
      1374  1000000.0000000000
      1375      -39.4973627664
      1376  1000000.0000000000
      1377      -31.9271440037
      1378      -40.3781234859
      1379      -38.5869318965
      1380      -38.5091128786
      1381      -27.2067360151
      1382      -38.9304705833
      1383      -40.3781233927
      1384      -35.4295630026
      1385      -40.2973543528
      1386      -25.5613987517
      1387      -35.2694816950
      1388      -33.5259625577
      1389      103.9121249816
      1390      -37.9451287504
      1391      -34.2903325788
      1392      -34.6898423412
      1393      -31.0507658134
      1394      -40.5319431446
      1395  1000000.0000000000
      1396      -34.2701016686
      1397      -40.2973545415
      1398      -38.9783920265
      1399       84.9812925460
      1400      -29.1992458022
      1401  1000000.0000000000
      1402      -39.5508423227
      1403      -37.2007831927
      1404      -35.5069992982
      1405      -40.2973545245
      1406      -39.6113392994
      1407  1000000.0000000000
      1408      -39.2648392409
      1409      -31.6067276743
      1410      -39.2648392391
      1411  1000000.0000000000
      1412      -39.2648391897
      1413      -37.7893306381
      1414       79.4439939352
      1415      -30.7898102218
      1416      -38.7771784399
      1417      -35.5538662666
      1418  1000000.0000000000
      1419      -37.8262570344
      1420  1000000.0000000000
      1421      104.0911424160
      1422      -40.3781234929
      1423      -29.8920510026
      1424      -37.8046758724
      1425      -39.1775695532
      1426      -37.2007832155
      1427      -41.7229923921
      1428      -34.5102073614
      1429      -41.7229923808
      1430  1000000.0000000000
      1431      -41.7229923638
      1432      -41.7229923895
      1433      -39.5919630980
      1434      -41.7229923635
      1435      -26.6351954268
      1436      -41.7229923752
      1437       79.6146981764
      1438      -29.9227387018
      1439      -39.4239328857
      1440      -41.7229923625
      1441      -41.7229923772
      1442      -39.0053774979
      1443      -34.2694570715
      1444  1000000.0000000000
      1445      -39.3468823524
      1446      -41.7229923369
      1447      -42.0963769125
      1448      -42.0963769274
      1449  1000000.0000000000
      1450      -34.5379910721
      1451      -40.0788571223
      1452      -42.0963769057
      1453      -39.5919631038
      1454      -41.7229923730
      1455  1000000.0000000000
      1456      -41.7229923692
      1457      -35.8066936966
      1458      -41.7229923912
      1459      -33.2602807816
      1460  1000000.0000000000
      1461      -41.7229923322
      1462      -36.2295480742
      1463      -40.7482926427
      1464      -41.7229923805
      1465      -40.4359311179
      1466      -38.4254419705
      1467      -41.7229923829
      1468      -42.0963769240
      1469      -39.8004103819
      1470      -33.9836080337
      1471      -20.6283012886
      1472  1000000.0000000000
      1473      -42.0963769261
      1474      -41.7229923569
      1475      -26.8533827324
      1476      -41.0703890709
      1477      -41.7577800516
      1478      -41.0703890845
      1479       93.2879103601
      1480  1000000.0000000000
      1481      -40.0426132662
      1482       98.3029180667
      1483      -41.0703890631
      1484      -41.7229923442
      1485      -41.7229923788
      1486  1000000.0000000000
      1487      -35.8897331411
      1488      -40.3805639729
      1489  1000000.0000000000
      1490      -41.7229923610
      1491      -41.7577800462
      1492      -29.3467115031
      1493      -35.8066936802
      1494      -41.7229923161
      1495      -41.0703890768
      1496      -41.7229923886
      1497      -41.7229923669
      1498      -41.0703890690
      1499      -41.7229921909
      1500      -40.7482926251
