         1    -38.74735094    
         2    -38.74735088    
         3    -38.74735092    
         4    -38.74735092    
         5    -38.74735095    
         6    -38.74735093    
         7    -38.74735095    
         8    -38.74735090    
         9    -38.74735092    
        10    -38.74735092    
        11    -38.74735094    
        12    -38.74735093    
        13    -38.74735089    
        14    -38.74735087    
        15    -38.74735094    
        16    -38.74735094    
        17    -38.74735087    
        18    -38.74735081    
        19    -38.74735094    
        20    -38.74735081    
        21    -38.74735091    
        22    -38.74735084    
        23    -38.74735078    
        24    -38.74735094    
        25    -38.74735091    
        26    -38.74735091    
        27    -38.74735092    
        28    -38.74735093    
        29    -38.74735093    
        30    -38.74735089    
        31    -38.74735080    
        32    -38.74735095    
        33    -38.74735072    
        34    -38.74735088    
        35    -38.74735090    
        36    -38.74735090    
        37    -38.74735082    
        38    -38.74735087    
        39    -38.74735093    
        40    -38.74735093    
        41    -38.74735086    
        42    -38.74735093    
        43    -38.74735093    
        44    -38.74735093    
        45    -38.74735086    
        46    -38.74735093    
        47    -38.74735089    
        48    -38.74735089    
        49    -38.74735092    
        50    -38.74735090    
        51    -38.74735083    
        52    -38.74735091    
        53    -38.74735086    
        54    -39.18070301    
        55    -39.18070300    
        56    -39.18070302    
        57    -39.18070273    
        58    -39.18070273    
        59    -39.18070299    
        60    -39.54147774    
        61    -39.54147775    
        62    -39.54147775    
        63    -39.54147774    
        64    -39.54147774    
        65    -39.54147775    
        66    -39.54147775    
        67    -39.54147775    
        68    -39.54147756    
        69    -39.54147774    
        70    -39.54147775    
        71    -39.54147774    
        72    -39.54147770    
        73    -39.54147774    
        74    -39.54147769    
        75    -39.54147728    
        76    -39.54147775    
        77    -39.54147776    
        78    -39.54147772    
        79    -39.54147772    
        80    -39.54147775    
        81    -39.54147776    
        82    -39.54147775    
        83    -39.54147773    
        84    -39.54147775    
        85    -39.54147775    
        86    -39.54147775    
        87    -39.54147775    
        88    -39.54147771    
        89    -39.54147771    
        90    -39.54147771    
        91    -39.54147773    
        92    -39.54147765    
        93    -39.54147775    
        94    -39.54147775    
        95    -39.54147775    
        96    -39.54147775    
        97    -39.54147774    
        98    -39.54147774    
        99    -39.54147719    
       100    -39.54147774    
       101    -39.54147774    
       102    -39.54147773    
       103    -39.54147773    
       104    -39.54147773    
       105    -39.54147773    
       106    -39.54147772    
       107    -39.54147773    
       108    -39.54147755    
       109    -39.54147755    
       110    -39.54147755    
       111    -39.54147775    
       112    -39.54147775    
       113    -39.54147731    
       114    -39.54147748    
       115    -39.54147771    
       116    -39.54147775    
       117    -39.54147773    
       118    -39.54147759    
       119    -39.54147759    
       120    -39.54147771    
       121    -39.54147771    
       122    -39.54147775    
       123    -39.54147775    
       124    -39.54147775    
       125    -39.54147774    
       126    -39.54147771    
       127    -39.54147774    
       128    -39.54147765    
       129    -39.54147773    
       130    -39.54147771    
       131    -39.54147772    
       132    -39.54147771    
       133    -39.54147774    
       134    -39.54147771    
       135    -39.54147773    
       136    -39.54147773    
       137    -39.54147771    
       138    -39.54147775    
       139    -39.54147773    
       140    -39.54147775    
       141    -39.54147775    
       142    -39.54147749    
       143    -39.54147773    
       144    -39.54147774    
       145    -39.54147774    
       146    -39.54147775    
       147    -39.54147772    
       148    -39.54147774    
       149    -39.54147769    
       150    -39.54147771    
       151    -39.54147771    
       152    -39.54147773    
       153    -39.54147773    
       154    -39.54147773    
       155    -39.54147774    
       156    -39.54147775    
       157    -39.54147774    
       158    -39.54147772    
       159    -39.54147775    
       160    -39.54147773    
       161    -39.54147762    
       162    -39.54147762    
       163    -39.54147773    
       164    -39.54147774    
       165    -39.54147775    
       166    -39.54147773    
       167    -39.54147774    
       168    -39.54147739    
       169    -39.54147739    
       170    -39.54147746    
       171    -39.54147746    
       172    -39.54147774    
       173    -39.54147774    
       174    -39.54147774    
       175    -39.54147776    
       176    -39.54147773    
       177    -39.54147774    
       178    -39.54147774    
       179    -39.54147772    
       180    -38.75618389    
       181    -38.75618390    
       182    -38.75618388    
       183    -38.75618389    
       184    -38.75618389    
       185    -38.75618388    
       186    -38.75618390    
       187    -38.75618339    
       188    -38.75618388    
       189    -38.75618391    
       190    -38.75618390    
       191    -38.75618390    
       192    -38.75618386    
       193    -38.75618386    
       194    -38.75618389    
       195    -38.75618389    
       196    -38.75618389    
       197    -38.75618387    
       198    -38.75618387    
       199    -38.75618390    
       200    -38.75618385    
       201    -38.75618386    
       202    -38.75618389    
       203    -38.75618389    
       204    -38.75618390    
       205    -38.75618390    
       206    -38.75618388    
       207    -38.75618388    
       208    -38.75618388    
       209    -38.75618391    
       210    -38.75618376    
       211    -38.75618389    
       212    -38.75618391    
       213    -38.75618391    
       214    -38.75618391    
       215    -38.75618391    
       216    -38.75618391    
       217    -38.75618389    
       218    -38.75618388    
       219    -38.75618389    
       220    -38.75618390    
       221    -38.75618389    
       222    -38.75618388    
       223    -38.75618388    
       224    -38.75618379    
       225    -38.75618379    
       226    -38.75618390    
       227    -38.75618390    
       228    -38.75618390    
       229    -38.75618390    
       230    -38.75618385    
       231    -38.75618390    
       232    -38.75618390    
       233    -38.75618390    
       234    -38.75618389    
       235    -38.75618389    
       236    -38.20337862    
       237    -38.20337858    
       238    -38.20337856    
       239    -38.20337821    
       240    -38.20337860    
       241    -38.20337859    
       242    -38.20337863    
       243    -38.20337864    
       244    -38.20337860    
       245    -38.20337860    
       246    -38.20337860    
       247    -38.20337863    
       248    -38.20337818    
       249    -38.20337818    
       250    -38.20337727    
       251    -38.20337862    
       252    -38.20337835    
       253    -38.20337862    
       254    -38.20337863    
       255    -38.20337863    
       256    -38.20337853    
       257    -38.20337858    
       258    -38.20337863    
       259    -38.20337858    
       260    -38.20337860    
       261    -38.20337860    
       262    -38.20337862    
       263    -38.20337862    
       264    -38.20337862    
       265    -38.20337860    
       266    -38.20337860    
       267    -38.20337861    
       268    -38.20337861    
       269    -38.20337860    
       270    -38.20337852    
       271    -38.20337859    
       272    -38.20337852    
       273    -38.20337861    
       274    -38.20337862    
       275    -38.20337856    
       276    -38.20337861    
       277    -38.20337861    
       278    -38.20337857    
       279    -38.20337859    
       280    -38.20337856    
       281    -38.20337861    
       282    -38.20337861    
       283    -38.20337862    
       284    -38.20337859    
       285    -38.20337862    
       286    -38.20337858    
       287    -38.20337858    
       288    -38.20337860    
       289    -38.20337862    
       290    -38.20337847    
       291    -38.20337847    
       292    -38.57889205    
       293    -38.57889270    
       294    -38.57889279    
       295    -38.57889279    
       296    -38.57889262    
       297    -38.57889279    
       298    -38.57889279    
       299    -38.57889279    
       300    -38.57889279    
       301    -38.57889279    
       302    -38.57889227    
       303    -38.57889227    
       304    -38.57889279    
       305    -38.57889276    
       306    -38.57889280    
       307    -38.57889280    
       308    -38.57889279    
       309    -38.57889275    
       310    -38.57889276    
       311    -39.37804801    
       312    -39.37804816    
       313    -39.37804816    
       314    -39.37804816    
       315    -39.37804815    
       316    -39.37804815    
       317    -39.37804816    
       318    -39.37804816    
       319    -39.37804809    
       320    -39.37804817    
       321    -39.37804814    
       322    -39.37804814    
       323    -39.37804816    
       324    -39.37804815    
       325    -39.37804814    
       326    -39.37804814    
       327    -39.37804815    
       328    -39.37804815    
       329    -39.37804817    
       330    -39.37804817    
       331    -39.37804817    
       332    -39.37804817    
       333    -39.37804817    
       334    -39.37804813    
       335    -39.37804816    
       336    -39.37804815    
       337    -39.37804814    
       338    -39.37804814    
       339    -39.37804815    
       340    -39.37804815    
       341    -39.37804815    
       342    -39.37804815    
       343    -39.37804809    
       344    -39.37804815    
       345    -39.37804811    
       346    -39.37804811    
       347    -39.37804812    
       348    -39.37804816    
       349    -39.37804815    
       350    -39.37804817    
       351    -39.37804817    
       352    -39.37804804    
       353    -39.37804804    
       354    -39.37804733    
       355    -39.37804816    
       356    -39.37804816    
       357    -39.37804816    
       358    -39.37804816    
       359    -39.37804817    
       360    -39.37804801    
       361    -39.37804801    
       362    -39.37804813    
       363    -39.37804814    
       364    -39.37804817    
       365    -39.55711400    
       366    -39.55711395    
       367    -39.55711397    
       368    -39.55711396    
       369    -39.55711394    
       370    -39.55711398    
       371    -39.55711398    
       372    -39.55711307    
       373    -39.55711398    
       374    -39.55711396    
       375    -39.55711396    
       376    -39.55711399    
       377    -39.55711399    
       378    -39.55711399    
       379    -39.55711399    
       380    -39.55711390    
       381    -39.55711390    
       382    -39.55711390    
       383    -39.55711390    
       384    -39.55711397    
       385    -39.55711399    
       386    -39.55711398    
       387    -39.55711398    
       388    -39.55711398    
       389    -39.55711400    
       390    -39.55711400    
       391    -39.55711400    
       392    -38.43690980    
       393    -38.43690980    
       394    -38.43690980    
       395    -38.43690915    
       396    -38.43690915    
       397    -38.43690979    
       398    -38.43690979    
       399    -38.43690980    
       400    -38.43690980    
       401    -38.43690979    
       402    -38.43690979    
       403    -38.43690921    
       404    -38.43690921    
       405    -38.43690921    
       406    -38.43690977    
       407    -38.43690977    
       408    -38.43690980    
       409    -38.43690978    
       410    -38.43690978    
       411    -38.43690978    
       412    -38.43690979    
       413    -38.43690979    
       414    -38.43690972    
       415    -38.43690979    
       416    -38.43690979    
       417    -38.43690979    
       418    -38.43690979    
       419    -38.43690981    
       420    -38.43690978    
       421    -38.43690978    
       422    -38.43690978    
       423    -38.43690980    
       424    -38.43690976    
       425    -38.43690980    
       426    -38.43690980    
       427    -38.43690980    
       428    -38.43690979    
       429    -38.43690976    
       430    -38.43690976    
       431    -38.43690979    
       432    -38.43690976    
       433    -38.43690976    
       434    -38.43690978    
       435    -38.43690980    
       436    -38.43690977    
       437    -38.43690977    
       438    -38.43690974    
       439    -38.43690978    
       440    -38.43690978    
       441    -38.43690979    
       442    -38.43690921    
       443    -38.43690921    
       444    -38.43690921    
       445    -38.43690979    
       446    -38.43690976    
       447    -38.43690976    
       448    -38.43690979    
       449    -38.43690978    
       450    -38.43690980    
       451    -38.43690980    
       452    -38.43690980    
       453    -39.37804816    
       454    -39.37804818    
       455    -39.37804806    
       456    -39.37804817    
       457    -39.37804817    
       458    -39.37804815    
       459    -39.37804813    
       460    -39.37804813    
       461    -39.37804813    
       462    -39.37804816    
       463    -39.37804817    
       464    -39.37804817    
       465    -39.37804817    
       466    -39.37804817    
       467    -39.37804817    
       468    -39.37804817    
       469    -38.57889274    
       470    -38.57889279    
       471    -38.57889279    
       472    -38.57889279    
       473    -38.57889279    
       474    -38.57889276    
       475    -38.80677980    
       476    -38.80677980    
       477    -38.80677980    
       478    -37.71007620    
       479    -37.71007613    
       480    -37.71007613    
       481    -37.71007613    
       482    -37.71007613    
       483    -37.71007613    
       484    -37.79566700    
       485    -37.79566700    
       486    -38.57999163    
       487    -38.57999156    
       488    -38.57999156    
       489    -38.57999163    
       490    -38.57889280    
       491    -38.57889280    
       492    -38.57889280    
       493    -38.57889280    
       494    -38.57889277    
       495    -38.57889186    
       496    -38.57889186    
       497    -38.57889186    
       498    -38.57889274    
       499    -38.57889278    
       500    -38.57889278    
       501    -38.57889278    
       502    -38.57889278    
       503    -38.57889275    
       504    -38.57889275    
       505    -38.57889275    
       506    -38.57889279    
       507    -38.57889279    
       508    -38.57889279    
       509    -38.57889279    
       510    -38.57889279    
       511    -38.57889279    
       512    -38.57889279    
       513    -38.57889279    
       514    -38.57889277    
       515    -38.57889277    
       516    -38.57889277    
       517    -38.57889277    
       518    -38.57889277    
       519    -38.57889278    
       520    -38.57889277    
       521    -38.57889279    
       522    -38.57889279    
       523    -38.57889278    
       524    -38.57889278    
       525    -38.57889280    
       526    -38.57889280    
       527    -38.57889280    
       528    -38.57889280    
       529    -38.57889280    
       530    -38.57889280    
       531    -38.57889280    
       532    -38.57889280    
       533    -38.57889280    
       534    -38.57889279    
       535    -38.57889278    
       536    -38.57889278    
       537    -38.57889278    
       538    -38.57889278    
       539    -38.57889278    
       540    -38.57889280    
       541    -38.57889280    
       542    -38.57889280    
       543    -38.57889276    
       544    -38.57889276    
       545    -38.57889276    
       546    -38.20337859    
       547    -38.20337859    
       548    -38.20337859    
       549    -38.20337857    
       550    -38.20337861    
       551    -38.20337860    
       552    -38.20337860    
       553    -38.20337861    
       554    -38.20337862    
       555    -38.20337862    
       556    -38.20337862    
       557    -38.20337862    
       558    -38.20337861    
       559    -38.20337861    
       560    -38.20337861    
       561    -38.20337861    
       562    -38.57889278    
       563    -38.57889278    
       564    -38.57889278    
       565    -38.57889278    
       566    -38.57889279    
       567    -38.57889278    
       568    -38.57889281    
       569    -38.57889281    
       570    -38.57889281    
       571    -38.57889281    
       572    -38.57889221    
       573    -38.57889278    
       574    -38.57889278    
       575    -38.57889278    
       576    -38.57889278    
       577    -38.57889250    
       578    -38.57889250    
       579    -38.57889279    
       580    -38.57889279    
       581    -38.57889279    
       582    -38.57889241    
       583    -38.57889281    
       584    -38.57889281    
       585    -38.57889280    
       586    -35.98219841    
       587    -35.98219841    
       588    -35.98219841    
       589    -38.57999164    
       590    -38.57999164    
       591    -38.57999131    
       592    -38.57999163    
       593    -38.57999163    
       594    -38.57999163    
       595    -38.57999163    
       596    -38.57999163    
       597    -38.57999163    
       598    -38.57999163    
       599    -38.57999163    
       600    -38.57999158    
       601    -38.57999158    
       602    -38.57889280    
       603    -38.57889280    
       604    -38.57889276    
       605    -38.57889276    
       606    -38.57889276    
       607    -38.57889276    
       608    -38.57889279    
       609    -38.57889279    
       610    -38.57889279    
       611    -38.57889279    
       612    -38.57889279    
       613    -38.57889279    
       614    -38.57889279    
       615    -38.57889278    
       616    -38.57889280    
       617    -38.57889280    
       618    -38.57889280    
       619    -38.57889279    
       620    -38.57889279    
       621    -38.57889279    
       622    -38.57889273    
       623    -38.57889273    
       624    -38.57889273    
       625    -38.57889273    
       626    -38.57889273    
       627    -38.57889273    
       628    -37.71007413    
       629    -37.71007413    
       630    -37.71007620    
       631    -37.71007620    
       632    -37.71007620    
       633    -37.71007620    
       634    -37.71007620    
       635    -37.71007620    
       636    -37.71007620    
       637    -37.71007620    
       638    -37.71007620    
       639    -37.71007620    
       640    -37.71007618    
       641    -37.71007618    
       642    -38.80677990    
       643    -38.80677987    
       644    -38.80677990    
       645    -38.80677990    
       646    -38.80677990    
       647    -38.80677990    
       648    -38.80677989    
       649    -38.80677991    
       650    -38.80677991    
       651    -38.80677988    
       652    -38.80677988    
       653    -38.80677988    
       654    -38.80677988    
       655    -38.80677988    
       656    -38.80677988    
       657    -38.80677987    
       658    -38.80677987    
       659    -38.80677988    
       660    -38.80677988    
       661    -38.80677988    
       662    -38.80677988    
       663    -38.80677988    
       664    -38.80677988    
       665    -38.80677988    
       666    -38.80677988    
       667    -38.80677988    
       668    -38.80677988    
       669    -38.80677988    
       670    -38.80677988    
       671    -38.80677988    
       672    -38.76164143    
       673    -38.76164143    
       674    -38.76164143    
       675    -38.76164143    
       676    -38.76164143    
       677    -38.76164143    
       678    -38.76164141    
       679    -38.76164141    
       680    -38.76164142    
       681    -38.76164142    
       682    -38.76164144    
       683    -38.76164144    
       684    -38.76164141    
       685    -38.43690979    
       686    -38.43690979    
       687    -38.43690979    
       688    -38.43690980    
       689    -38.43690980    
       690    -38.43690980    
       691    -38.43690980    
       692    -38.43690980    
       693    -38.43690980    
       694    -38.43690980    
       695    -38.43690980    
       696    -38.43690980    
       697    -38.43690980    
       698    -38.43690980    
       699    -38.43690980    
       700    -38.43690980    
       701    -38.43690979    
       702    -38.43690979    
       703    -38.43690979    
       704    -38.43690979    
       705    -38.43690978    
       706    -38.43690978    
       707    -38.43690978    
       708    -38.75618386    
       709    -38.75618386    
       710    -38.75618386    
       711    -38.75618386    
       712    -38.75618386    
       713    -39.54147774    
       714    -39.54147774    
       715    -39.54147774    
       716    -39.54147774    
       717    -39.54147774    
       718    -39.54147774    
       719    -38.75618389    
       720    -38.43690977    
       721    -38.43690977    
       722    -38.43690977    
       723    -38.43690977    
       724    -38.43690979    
       725    -38.43690979    
       726    -38.43690979    
       727    -38.43690977    
       728    -38.43690976    
       729    -38.43690976    
       730    -38.43690978    
       731    -39.37804817    
       732    -39.13123623    
       733    -39.13123623    
       734    -39.13123623    
       735    -39.13123619    
       736    -39.13123619    
       737    -39.13123621    
       738    -39.13123621    
       739    -39.13123621    
       740    -39.13123608    
       741    -39.74685866    
       742    -39.74685866    
       743    -39.74685866    
       744    -39.74685867    
       745    -39.74685867    
       746    -39.74685867    
       747    -39.74685867    
       748    -39.74685867    
       749    -39.74685867    
       750    -39.74685868    
       751    -39.74685868    
       752    -39.74685868    
       753    -36.67567929    
       754    -39.13259844    
       755    -39.13259843    
       756    -39.13259843    
       757    -39.13259843    
       758    -39.13259843    
       759    -39.13259843    
       760    -39.13259843    
       761    -39.13259843    
       762    -39.13259840    
       763    -39.13259843    
       764    -39.13259843    
       765    -39.13259840    
       766    -39.13259840    
       767    -39.13259840    
       768    -39.13259840    
       769    -39.13259840    
       770    -39.13259840    
       771    -39.13259840    
       772    -39.13259842    
       773    -39.13259842    
       774    -39.13259842    
       775    -39.13259842    
       776    -40.60550193    
       777    -40.60550193    
       778    -40.60550193    
       779    -40.60550193    
       780    -40.60550193    
       781    -40.60550193    
       782    -40.60550193    
       783    -40.60550193    
       784    -40.60550193    
       785    -40.60550193    
       786    -40.60550193    
       787    -40.60550193    
       788    -40.60550193    
       789    -40.60550190    
       790    -40.60550190    
       791    -40.60550190    
       792    -40.60550190    
       793    -40.60550190    
       794    -40.60550190    
       795    -40.60550195    
       796    -40.60550191    
       797    -40.60550191    
       798    -40.60550191    
       799    -40.60550191    
       800    -40.60550191    
       801    -40.60550191    
       802    -40.60550191    
       803    -40.60550188    
       804    -40.60550196    
       805    -40.60550196    
       806    -40.60550196    
       807    -40.60550195    
       808    -40.60550195    
       809    -40.60550195    
       810    -40.60550195    
       811    -39.74685847    
       812    -39.74685847    
       813    -38.43690980    
       814    -38.43690980    
       815    -38.43690980    
       816    -38.43690979    
       817    -38.43690980    
       818    -38.43690979    
       819    -38.43690979    
       820    -38.43690979    
       821    -38.43690979    
       822    -38.43690979    
       823    -38.43690979    
       824    -38.43690979    
       825    -38.43690979    
       826    -38.43690979    
       827    -38.43690980    
       828    -38.43690980    
       829    -38.43690979    
       830    -38.43690978    
       831    -38.43690979    
       832    -38.43690979    
       833    -38.43690980    
       834    -38.43690980    
       835    -38.75618390    
       836    -38.75618390    
       837    -38.75618390    
       838    -38.75618390    
       839    -38.75618390    
       840    -38.75618390    
       841    -38.75618390    
       842    -38.75618390    
       843    -38.75618389    
       844    -38.75618390    
       845    -38.75618338    
       846    -38.75618338    
       847    -38.75618383    
       848    -38.43690978    
       849    -38.43690980    
       850    -38.43690980    
       851    -38.43690980    
       852    -38.43690977    
       853    -38.43690977    
       854    -38.43690977    
       855    -39.37804815    
       856    -39.37804815    
       857    -39.37804815    
       858    -39.37804815    
       859    -39.37804815    
       860    -39.37804815    
       861    -39.37804815    
       862    -39.37804815    
       863    -39.37804815    
       864    -39.37804815    
       865    -39.37804816    
       866    -39.37804818    
       867    -39.37804815    
       868    -39.37804815    
       869    -39.37804815    
       870    -39.37804815    
       871    -39.37804815    
       872    -39.37804815    
       873    -39.37804815    
       874    -39.37804815    
       875    -39.37804815    
       876    -39.37804815    
       877    -39.37804815    
       878    -39.37804815    
       879    -39.37804815    
       880    -39.37804815    
       881    -39.37804815    
       882    -39.37804815    
       883    -39.37804815    
       884    -39.37804815    
       885    -39.37804815    
       886    -39.37804815    
       887    -39.37804817    
       888    -39.37804814    
       889    -39.37804814    
       890    -39.37804814    
       891    -39.37804814    
       892    -39.37804818    
       893    -39.37804818    
       894    -39.37804817    
       895    -39.37804817    
       896    -39.37804816    
       897    -39.37804816    
       898    -39.37804816    
       899    -39.37804816    
       900    -39.37804816    
       901    -39.37804816    
       902    -39.37804816    
       903    -39.37804816    
       904    -39.37804816    
       905    -39.37804816    
       906    -39.37804816    
       907    -39.37804816    
       908    -39.37804816    
       909    -39.37804816    
       910    -39.37804816    
       911    -39.37804816    
       912    -39.37804816    
       913    -39.55711398    
       914    -39.55711398    
       915    -39.55711398    
       916    -39.55711398    
       917    -39.55711401    
       918    -39.55711401    
       919    -39.55711401    
       920    -39.55711401    
       921    -39.55711401    
       922    -39.55711401    
       923    -39.55711401    
       924    -39.55711391    
       925    -39.55711391    
       926    -39.55711391    
       927    -39.55711391    
       928    -38.43690980    
       929    -38.43690980    
       930    -38.43690980    
       931    -38.43690980    
       932    -38.43690980    
       933    -38.43690977    
       934    -38.43690977    
       935    -38.43690977    
       936    -38.43690978    
       937    -38.43690980    
       938    -38.43690980    
       939    -38.43690977    
       940    -38.43690977    
       941    -38.43690977    
       942    -38.43690979    
       943    -38.43690979    
       944    -38.43690979    
       945    -38.43690979    
       946    -38.43690979    
       947    -38.43690979    
       948    -38.43690980    
       949    -38.43690979    
       950    -38.43690979    
       951    -38.43690979    
       952    -38.43690979    
       953    -38.43690979    
       954    -38.43690979    
       955    -38.43690979    
       956    -38.43690979    
       957    -38.43690979    
       958    -38.43690979    
       959    -38.43690979    
       960    -38.43690979    
       961    -38.43690979    
       962    -38.43690979    
       963    -38.43690979    
       964    -38.43690979    
       965    -38.43690979    
       966    -38.43690979    
       967    -38.43690979    
       968    -38.43690980    
       969    -38.43690980    
       970    -38.43690980    
       971    -38.43690980    
       972    -38.43690980    
       973    -38.43690980    
       974    -38.43690980    
       975    -38.43690980    
       976    -38.43690980    
       977    -38.43690975    
       978    -38.43690975    
       979    -38.43690980    
       980    -38.43690978    
       981    -38.43690978    
       982    -38.43690978    
       983    -38.43690978    
       984    -38.43690979    
       985    -38.43690979    
       986    -38.43690979    
       987    -38.43690979    
       988    -38.43690979    
       989    -38.43690979    
       990    -38.43690979    
       991    -38.43690979    
       992    -38.43690979    
       993    -38.43690979    
       994    -39.37804816    
       995    -39.37804816    
       996    -39.37804816    
       997    -39.37804814    
       998    -39.37804816    
       999    -39.37804816    
      1000    -39.37804816    
      1001    -39.37804816    
      1002    -39.37804814    
      1003    -39.37804815    
      1004    -38.43690979    
      1005    -38.43690979    
      1006    -38.43690979    
      1007    -38.43690979    
      1008    -38.43690977    
      1009    -38.43690977    
      1010    -38.43690977    
      1011    -38.43690977    
      1012    -38.43690977    
      1013    -38.43690977    
      1014    -38.43690977    
      1015    -38.43690977    
      1016    -38.43690977    
      1017    -38.43690977    
      1018    -38.43690980    
      1019    -38.43690980    
      1020    -38.43690974    
      1021    -38.43690974    
      1022    -39.74685870    
      1023    -39.74685870    
      1024    -39.74685868    
      1025    -39.74685866    
      1026    -39.74685866    
      1027    -39.74685867    
      1028    -39.74685867    
      1029    -39.74685867    
      1030    -39.74685867    
      1031    -39.74685867    
      1032    -39.74685867    
      1033    -39.74685868    
      1034    -39.74685868    
      1035    -39.74685870    
      1036    -39.74685870    
      1037    -39.74685870    
      1038    -39.74685870    
      1039    -39.74685870    
      1040    -39.74685869    
      1041    -39.74685869    
      1042    -39.74685869    
      1043    -39.74685869    
      1044    -39.74685869    
      1045    -39.74685869    
      1046    -39.74685869    
      1047    -39.74685869    
      1048    -39.74685869    
      1049    -39.74685866    
      1050    -39.74685869    
      1051    -39.74685869    
      1052    -39.74685869    
      1053    -39.74685869    
      1054    -39.74685869    
      1055    -39.74685869    
      1056    -39.74685869    
      1057    -39.74685869    
      1058    -39.74685869    
      1059    -39.74685869    
      1060    -39.74685869    
      1061    -39.74685869    
      1062    -39.74685869    
      1063    -39.74685868    
      1064    -39.74685868    
      1065    -39.74685868    
      1066    -39.74685868    
      1067    -39.74685868    
      1068    -39.74685867    
      1069    -39.74685867    
      1070    -39.74685867    
      1071    -39.74685869    
      1072    -39.74685869    
      1073    -39.74685868    
      1074    -39.74685868    
      1075    -39.74685868    
      1076    -39.74685867    
      1077    -39.74685867    
      1078    -39.74685867    
      1079    -39.74685867    
      1080    -39.74685867    
      1081    -39.74685867    
      1082    -39.74685867    
      1083    -39.74685867    
      1084    -39.74685868    
      1085    -39.74685868    
      1086    -39.74685868    
      1087    -39.74685870    
      1088    -39.74685869    
      1089    -39.74685865    
      1090    -39.74685865    
      1091    -39.74685865    
      1092    -39.74685865    
      1093    -39.74685865    
      1094    -39.74685865    
      1095    -39.74685869    
      1096    -39.74685869    
      1097    -39.74685869    
      1098    -39.79992720    
      1099    -39.79992720    
      1100    -39.79992722    
      1101    -39.79992721    
      1102    -39.79992721    
      1103    -39.79992721    
      1104    -39.79992721    
      1105    -39.79992721    
      1106    -39.79992722    
      1107    -39.79992722    
      1108    -39.79992722    
      1109    -39.79992720    
      1110    -39.79992720    
      1111    -39.79992720    
      1112    -39.79992719    
      1113    -39.79992719    
      1114    -39.79992720    
      1115    -39.79992720    
      1116    -39.79992720    
      1117    -39.79992717    
      1118    -39.79992721    
      1119    -39.79992712    
      1120    -39.79992721    
      1121    -39.79992722    
      1122    -39.79992722    
      1123    -39.79992721    
      1124    -39.79992721    
      1125    -39.79992721    
      1126    -39.79992721    
      1127    -39.79992721    
      1128    -39.79992721    
      1129    -39.79992721    
      1130    -39.79992721    
      1131    -39.79992721    
      1132    -39.79992721    
      1133    -39.79992721    
      1134    -39.79992722    
      1135    -39.79992722    
      1136    -39.79992723    
      1137    -39.79992723    
      1138    -39.79992723    
      1139    -39.79992723    
      1140    -39.79992722    
      1141    -39.79992722    
      1142    -39.79992722    
      1143    -39.79992722    
      1144    -39.79992722    
      1145    -39.79992723    
      1146    -39.79992723    
      1147    -39.79992720    
      1148    -39.79992720    
      1149    -39.79992720    
      1150    -39.79992720    
      1151    -39.79992720    
      1152    -39.79992722    
      1153    -39.79992722    
      1154    -39.79992723    
      1155    -39.79992723    
      1156    -39.79992723    
      1157    -39.79992719    
      1158    -39.79992719    
      1159    -40.30878443    
      1160    -40.30878443    
      1161    -40.30878443    
      1162    -40.30878443    
      1163    -40.30878443    
      1164    -40.30878443    
      1165    -40.30878443    
      1166    -40.30878443    
      1167    -40.30878443    
      1168    -40.30878443    
      1169    -40.30878443    
      1170    -40.30878443    
      1171    -40.30878443    
      1172    -40.30878444    
      1173    -40.30878444    
      1174    -40.30878444    
      1175    -40.30878444    
      1176    -40.30878444    
      1177    -40.30878444    
      1178    -40.30878444    
      1179    -40.30878444    
      1180    -40.30878442    
      1181    -40.30878442    
      1182    -40.30878442    
      1183    -40.30878431    
      1184    -40.30878431    
      1185    -40.30878431    
      1186    -40.37812349    
      1187    -40.37812349    
      1188    -40.37812350    
      1189    -40.37812353    
      1190    -40.37812344    
      1191    -40.37812344    
      1192    -40.37812344    
      1193    -40.37812351    
      1194    -40.37812351    
      1195    -40.37812349    
      1196    -40.37812350    
      1197    -40.37812350    
      1198    -40.37812350    
      1199    -40.37812350    
      1200    -40.37812350    
      1201    -40.37812350    
      1202    -40.37812350    
      1203    -39.26483925    
      1204    -39.26483925    
      1205    -39.26483925    
      1206    -39.26483925    
      1207    -39.26483922    
      1208    -39.26483924    
      1209    -39.26483924    
      1210    -39.26483924    
      1211    -39.26483925    
      1212    -39.26483925    
      1213    -39.26483925    
      1214    -39.44390504    
      1215    -39.26483925    
      1216    -39.26483925    
      1217    -39.26483925    
      1218    -39.26483925    
      1219    -39.26483925    
      1220    -39.26483925    
      1221    -39.26483925    
      1222    -39.26483925    
      1223    -39.26483925    
      1224    -39.26483925    
      1225    -39.26483925    
      1226    -39.26483925    
      1227    -39.26483925    
      1228    -39.26483925    
      1229    -39.26483925    
      1230    -39.26483925    
      1231    -39.26483925    
      1232    -39.26483925    
      1233    -39.44390504    
      1234    -39.44390504    
      1235    -39.44390504    
      1236    -39.44390504    
      1237    -39.44390504    
      1238    -39.44390504    
      1239    -39.44390504    
      1240    -39.44390504    
      1241    -39.44390504    
      1242    -39.44390504    
      1243    -39.26483925    
      1244    -39.26483925    
      1245    -39.26483925    
      1246    -39.26483925    
      1247    -39.26483925    
      1248    -39.26483925    
      1249    -39.26483925    
      1250    -39.26483925    
      1251    -39.26483925    
      1252    -39.26483925    
      1253    -39.26483925    
      1254    -39.26483925    
      1255    -39.26483925    
      1256    -39.26483925    
      1257    -39.26483925    
      1258    -39.26483925    
      1259    -39.26483925    
      1260    -39.26483925    
      1261    -39.26483925    
      1262    -39.26483925    
      1263    -39.26483925    
      1264    -39.26483925    
      1265    -39.26483925    
      1266    -39.44390504    
      1267    -40.63787185    
      1268    -40.63787185    
      1269    -40.63787185    
      1270    -40.63787185    
      1271    -40.64488430    
      1272    -40.64488430    
      1273    -40.64488430    
      1274    -40.75329840    
      1275    -40.64488429    
      1276    -40.75329849    
      1277    -40.75329849    
      1278    -40.75329847    
      1279    -40.75329847    
      1280    -40.75329847    
      1281    -40.75329847    
      1282    -40.75329847    
      1283    -40.75329847    
      1284    -40.75329847    
      1285    -40.75329847    
      1286    -40.64488429    
      1287    -40.64488429    
      1288    -40.64488429    
      1289    -40.64488429    
      1290    -40.64488427    
      1291    -40.64488427    
      1292    -40.64488427    
      1293    -40.75329847    
      1294    -40.64488429    
      1295    -40.64488429    
      1296    -40.64488429    
      1297    -40.64488429    
      1298    -40.64488429    
      1299    -40.64488428    
      1300    -40.64488428    
      1301    -40.64488428    
      1302    -40.64488417    
      1303    -40.64488417    
      1304    -40.64488417    
      1305    -40.64488409    
      1306    -40.64488409    
      1307    -40.64488409    
      1308    -40.64488409    
      1309    -40.64488409    
      1310    -40.64488409    
      1311    -40.64488409    
      1312    -40.64488409    
      1313    -40.64488409    
      1314    -40.64488428    
      1315    -40.64488428    
      1316    -40.64488428    
      1317    -40.64488344    
      1318    -40.64488426    
      1319    -40.64488427    
      1320    -40.75329849    
      1321    -40.75329849    
      1322    -40.75329847    
      1323    -40.75329847    
      1324    -40.75329847    
      1325    -40.75329847    
      1326    -40.75329847    
      1327    -40.75329845    
      1328    -40.64488368    
      1329    -40.64488368    
      1330    -38.65800420    
      1331    -38.65800420    
      1332    -38.65800420    
      1333    -38.65800418    
      1334    -38.65800418    
      1335    -38.65800420    
      1336    -38.65800420    
      1337    -38.65800420    
      1338    -38.65800420    
      1339    -38.65800418    
      1340    -38.65800420    
      1341    -38.65800420    
      1342    -39.50803049    
      1343    -39.50803049    
      1344    -39.50803049    
      1345    -39.39795143    
      1346    -39.06607474    
      1347    -39.06607474    
      1348    -39.06607474    
      1349    -39.06610559    
      1350    -39.06610559    
      1351    -39.06610559    
      1352    -39.06610559    
      1353    -39.06610558    
      1354    -39.06610558    
      1355    -39.06610558    
      1356    -39.06610557    
      1357    -39.06610557    
      1358    -39.06610557    
      1359    -39.06610558    
      1360    -39.06610558    
      1361    -39.06610558    
      1362    -39.06610558    
      1363    -39.06610558    
      1364    -39.06610558    
      1365    -40.46913406    
      1366    -40.46913406    
      1367    -40.46913406    
      1368    -40.46913406    
      1369    -40.46913406    
      1370    -40.46913406    
      1371    -40.46913406    
      1372    -40.46913406    
      1373    -40.46913404    
      1374    -40.46913404    
      1375    -40.46913404    
      1376    -40.46913404    
      1377    -40.46913404    
      1378    -40.46913404    
      1379    -40.37812349    
      1380    -40.37812349    
      1381    -40.37812349    
      1382    -40.37812349    
      1383    -40.37812349    
      1384    -40.37812339    
      1385    -40.37812339    
      1386    -40.29735435    
      1387    -40.29735435    
      1388    -40.29735435    
      1389    -40.29735435    
      1390    -40.29735435    
      1391    -40.29735435    
      1392    -40.29735435    
      1393    -40.29735435    
      1394    -40.29735435    
      1395    -40.29735435    
      1396    -40.29735435    
      1397    -40.29735435    
      1398    -40.29735454    
      1399    -40.29735454    
      1400    -40.29735454    
      1401    -40.29735454    
      1402    -40.29735454    
      1403    -40.29735454    
      1404    -40.29735454    
      1405    -40.29735454    
      1406    -40.29735452    
      1407    -40.29735452    
      1408    -40.29735452    
      1409    -39.26483924    
      1410    -39.26483924    
      1411    -39.26483924    
      1412    -39.26483924    
      1413    -39.26483919    
      1414    -39.26483919    
      1415    -39.26483919    
      1416    -39.26483919    
      1417    -39.26483919    
      1418    -39.26483919    
      1419    -39.26483919    
      1420    -39.26483919    
      1421    -39.26483919    
      1422    -39.26483919    
      1423    -40.37812349    
      1424    -40.37812349    
      1425    -40.37812349    
      1426    -40.37812349    
      1427    -40.37812349    
      1428    -41.72299239    
      1429    -41.72299239    
      1430    -41.72299238    
      1431    -41.72299238    
      1432    -41.72299236    
      1433    -41.72299239    
      1434    -41.72299239    
      1435    -41.72299236    
      1436    -41.72299236    
      1437    -41.72299238    
      1438    -41.72299238    
      1439    -41.72299238    
      1440    -41.72299238    
      1441    -41.72299236    
      1442    -41.72299238    
      1443    -41.72299238    
      1444    -41.72299238    
      1445    -41.72299238    
      1446    -41.72299238    
      1447    -41.72299234    
      1448    -41.72299234    
      1449    -41.72299234    
      1450    -41.72299234    
      1451    -41.72299234    
      1452    -41.72299234    
      1453    -41.72299234    
      1454    -41.72299234    
      1455    -41.72299237    
      1456    -41.72299237    
      1457    -41.72299237    
      1458    -41.72299237    
      1459    -41.72299239    
      1460    -41.72299239    
      1461    -41.72299239    
      1462    -41.72299233    
      1463    -41.72299233    
      1464    -41.72299233    
      1465    -41.72299238    
      1466    -41.72299238    
      1467    -41.72299238    
      1468    -41.72299238    
      1469    -41.72299238    
      1470    -41.72299238    
      1471    -41.72299238    
      1472    -41.72299238    
      1473    -41.72299238    
      1474    -41.72299238    
      1475    -41.72299236    
      1476    -41.72299236    
      1477    -41.72299236    
      1478    -41.72299236    
      1479    -41.72299236    
      1480    -41.72299236    
      1481    -41.72299236    
      1482    -41.72299236    
      1483    -41.72299236    
      1484    -41.72299236    
      1485    -41.72299234    
      1486    -41.72299238    
      1487    -41.72299238    
      1488    -41.72299238    
      1489    -41.72299238    
      1490    -41.72299238    
      1491    -41.72299236    
      1492    -41.72299236    
      1493    -41.72299236    
      1494    -41.72299236    
      1495    -41.72299232    
      1496    -41.72299232    
      1497    -41.72299239    
      1498    -41.72299237    
      1499    -41.72299237    
      1500    -41.72299219    
