         1    -38.74735094    
         2    -38.74735089    
         3    -38.74735094    
         4    -38.74735089    
         5    -38.74735079    
         6    -38.74735079    
         7    -38.74735095    
         8    -38.74735071    
         9    -38.74735085    
        10    -38.74735087    
        11    -39.18070300    
        12    -39.18070298    
        13    -39.18070296    
        14    -39.18070296    
        15    -39.18070301    
        16    -39.18070301    
        17    -39.18070301    
        18    -39.18070301    
        19    -39.18070300    
        20    -39.54147776    
        21    -39.54147775    
        22    -39.54147774    
        23    -39.54147775    
        24    -39.54147775    
        25    -39.54147773    
        26    -39.54147773    
        27    -39.54147747    
        28    -39.54147770    
        29    -39.54147770    
        30    -39.54147772    
        31    -39.54147773    
        32    -39.54147775    
        33    -39.54147772    
        34    -39.54147774    
        35    -39.54147775    
        36    -39.54147775    
        37    -39.54147774    
        38    -39.54147701    
        39    -39.54147774    
        40    -39.54147774    
        41    -39.54147772    
        42    -39.54147775    
        43    -39.54147773    
        44    -39.54147773    
        45    -39.54147774    
        46    -39.54147775    
        47    -39.54147769    
        48    -39.54147769    
        49    -39.54147766    
        50    -39.54147774    
        51    -39.54147772    
        52    -39.54147774    
        53    -39.54147776    
        54    -39.54147774    
        55    -39.54147774    
        56    -39.54147744    
        57    -39.54147744    
        58    -39.54147775    
        59    -39.54147773    
        60    -39.54147775    
        61    -39.54147775    
        62    -39.54147774    
        63    -39.54147774    
        64    -39.54147774    
        65    -39.54147753    
        66    -39.54147770    
        67    -39.54147775    
        68    -39.54147773    
        69    -39.54147771    
        70    -39.54147774    
        71    -39.54147775    
        72    -39.54147775    
        73    -39.54147773    
        74    -39.54147773    
        75    -39.54147776    
        76    -39.54147772    
        77    -39.54147775    
        78    -39.54147767    
        79    -39.54147767    
        80    -39.54147772    
        81    -39.54147772    
        82    -39.54147774    
        83    -39.54147760    
        84    -39.54147773    
        85    -39.54147775    
        86    -39.54147775    
        87    -39.54147775    
        88    -39.54147747    
        89    -39.54147773    
        90    -39.54147773    
        91    -39.54147771    
        92    -39.54147771    
        93    -39.54147774    
        94    -39.54147774    
        95    -39.54147774    
        96    -39.54147774    
        97    -39.54147775    
        98    -39.54147775    
        99    -39.54147775    
       100    -39.54147772    
       101    -39.54147776    
       102    -39.54147772    
       103    -39.54147772    
       104    -39.54147773    
       105    -39.54147770    
       106    -39.54147776    
       107    -39.54147775    
       108    -39.54147774    
       109    -39.54147774    
       110    -39.54147774    
       111    -39.54147774    
       112    -39.54147764    
       113    -39.54147775    
       114    -39.54147775    
       115    -39.54147774    
       116    -39.54147775    
       117    -38.75618390    
       118    -38.75618390    
       119    -38.75618390    
       120    -38.75618390    
       121    -38.75618390    
       122    -38.75618386    
       123    -38.75618389    
       124    -38.75618387    
       125    -38.75618386    
       126    -38.75618390    
       127    -38.75618377    
       128    -38.75618390    
       129    -38.75618388    
       130    -38.75618364    
       131    -38.75618388    
       132    -38.75618387    
       133    -38.75618384    
       134    -38.75618387    
       135    -38.75618387    
       136    -38.75618390    
       137    -38.75618387    
       138    -38.75618389    
       139    -38.75618389    
       140    -38.75618389    
       141    -38.75618388    
       142    -38.75618389    
       143    -38.75618386    
       144    -38.75618389    
       145    -38.75618389    
       146    -38.75618389    
       147    -38.75618389    
       148    -38.75618389    
       149    -38.75618386    
       150    -38.75618388    
       151    -38.75618388    
       152    -38.75618386    
       153    -38.75618385    
       154    -38.75618383    
       155    -38.75618383    
       156    -38.75618383    
       157    -38.75618387    
       158    -38.75618389    
       159    -38.75618388    
       160    -38.75618388    
       161    -38.75618388    
       162    -38.75618386    
       163    -38.75618388    
       164    -38.75618388    
       165    -38.75618388    
       166    -38.75618389    
       167    -38.75618389    
       168    -38.75618384    
       169    -38.75618388    
       170    -38.75618387    
       171    -38.75618391    
       172    -38.75618388    
       173    -38.75618387    
       174    -38.75618390    
       175    -38.75618389    
       176    -38.75618389    
       177    -38.75618389    
       178    -38.75618390    
       179    -38.75618390    
       180    -38.75618390    
       181    -38.75618390    
       182    -38.75618389    
       183    -38.75618389    
       184    -38.75618389    
       185    -38.75618389    
       186    -38.43690978    
       187    -38.43690977    
       188    -38.43690977    
       189    -38.43690976    
       190    -38.43690974    
       191    -38.43690974    
       192    -38.43690979    
       193    -38.43690980    
       194    -38.43690980    
       195    -38.43690976    
       196    -38.43690979    
       197    -38.43690979    
       198    -38.43690979    
       199    -38.43690978    
       200    -38.43690978    
       201    -38.43690978    
       202    -38.43690977    
       203    -38.43690979    
       204    -38.43690978    
       205    -38.43690978    
       206    -38.43690978    
       207    -38.43690978    
       208    -38.43690978    
       209    -38.43690976    
       210    -38.43690979    
       211    -38.43690979    
       212    -38.43690979    
       213    -38.43690976    
       214    -38.43690978    
       215    -38.43690975    
       216    -38.43690977    
       217    -38.43690973    
       218    -38.43690980    
       219    -38.43690978    
       220    -38.43690979    
       221    -39.37804815    
       222    -39.37804817    
       223    -39.37804816    
       224    -39.37804810    
       225    -39.37804810    
       226    -39.37804815    
       227    -39.37804815    
       228    -39.37804815    
       229    -39.37804814    
       230    -39.37804817    
       231    -39.37804817    
       232    -39.37804814    
       233    -39.37804817    
       234    -39.37804812    
       235    -39.37804816    
       236    -39.37804816    
       237    -39.37804816    
       238    -39.37804816    
       239    -39.37804816    
       240    -39.37804816    
       241    -39.55711399    
       242    -39.55711399    
       243    -39.55711399    
       244    -39.55711397    
       245    -39.55711396    
       246    -39.55711396    
       247    -39.55711393    
       248    -39.55711396    
       249    -39.55711398    
       250    -39.55711398    
       251    -39.55711398    
       252    -39.55711396    
       253    -39.55711396    
       254    -39.55711397    
       255    -39.55711398    
       256    -39.55711396    
       257    -39.55711394    
       258    -39.55711397    
       259    -39.55711395    
       260    -39.55711396    
       261    -39.55711395    
       262    -39.55711398    
       263    -39.55711399    
       264    -39.55711400    
       265    -39.55711395    
       266    -39.55711395    
       267    -39.55711397    
       268    -39.55711383    
       269    -39.55711400    
       270    -39.55711398    
       271    -39.55711398    
       272    -39.55711399    
       273    -39.55711399    
       274    -39.55711400    
       275    -39.55711400    
       276    -39.79992719    
       277    -39.79992721    
       278    -39.79992721    
       279    -39.79992723    
       280    -39.79992723    
       281    -39.79992722    
       282    -39.79992718    
       283    -39.79992718    
       284    -39.79992719    
       285    -39.79992719    
       286    -39.79992722    
       287    -39.79992722    
       288    -39.79992721    
       289    -39.79992721    
       290    -39.79992721    
       291    -39.79992721    
       292    -39.79992714    
       293    -39.79992721    
       294    -39.79992723    
       295    -39.79992718    
       296    -39.79992718    
       297    -39.79992723    
       298    -39.79992711    
       299    -39.79992711    
       300    -39.79992720    
       301    -39.79992720    
       302    -39.79992722    
       303    -39.79992715    
       304    -39.79992715    
       305    -39.79992709    
       306    -39.79992709    
       307    -39.79992709    
       308    -39.79992709    
       309    -39.79992722    
       310    -39.79992720    
       311    -39.79992722    
       312    -39.79992716    
       313    -39.79992715    
       314    -39.79992715    
       315    -39.79992721    
       316    -39.79992722    
       317    -39.79992721    
       318    -39.79992721    
       319    -39.79992718    
       320    -39.79992720    
       321    -39.79992720    
       322    -39.79992718    
       323    -39.79992701    
       324    -39.79992718    
       325    -39.79992718    
       326    -39.79992718    
       327    -39.79992718    
       328    -39.79992722    
       329    -39.79992721    
       330    -39.79992721    
       331    -39.79992722    
       332    -39.79992722    
       333    -39.79992718    
       334    -39.79992718    
       335    -39.79992719    
       336    -39.79992719    
       337    -39.79992719    
       338    -39.79992723    
       339    -39.79992712    
       340    -39.79992712    
       341    -39.79992712    
       342    -39.79992712    
       343    -39.79992721    
       344    -39.79992717    
       345    -39.79992721    
       346    -39.79992716    
       347    -39.79992722    
       348    -39.79992715    
       349    -39.79992705    
       350    -39.79992705    
       351    -39.79992719    
       352    -39.79992719    
       353    -39.79992719    
       354    -39.79992719    
       355    -39.79992722    
       356    -39.79992716    
       357    -39.79992716    
       358    -39.79992716    
       359    -39.79992718    
       360    -39.79992718    
       361    -39.79992718    
       362    -39.79992720    
       363    -39.79992720    
       364    -39.79992720    
       365    -39.79992722    
       366    -39.79992722    
       367    -39.79992721    
       368    -39.79992721    
       369    -39.79992723    
       370    -39.79992712    
       371    -39.79992699    
       372    -39.79992716    
       373    -39.79992716    
       374    -39.79992719    
       375    -39.79992721    
       376    -39.79992722    
       377    -39.79992723    
       378    -39.79992723    
       379    -39.79992723    
       380    -39.79992722    
       381    -39.79992722    
       382    -39.79992722    
       383    -39.79992720    
       384    -39.79992720    
       385    -39.79992706    
       386    -39.79992706    
       387    -39.79992718    
       388    -39.79992718    
       389    -39.79992718    
       390    -39.79992722    
       391    -39.79992718    
       392    -39.79992718    
       393    -39.79992718    
       394    -39.79992722    
       395    -39.79992720    
       396    -39.79992720    
       397    -39.79992719    
       398    -39.79992719    
       399    -39.79992719    
       400    -39.79992721    
       401    -39.79992722    
       402    -39.79992721    
       403    -39.79992721    
       404    -39.79992721    
       405    -39.79992722    
       406    -39.79992722    
       407    -39.79992722    
       408    -39.79992723    
       409    -39.79992723    
       410    -39.79992723    
       411    -39.79992721    
       412    -39.79992720    
       413    -39.79992720    
       414    -39.79992718    
       415    -39.79992718    
       416    -39.79992718    
       417    -39.79992718    
       418    -39.79992718    
       419    -39.79992712    
       420    -39.79992718    
       421    -39.79992718    
       422    -39.79992718    
       423    -39.79992719    
       424    -39.79992719    
       425    -39.79992715    
       426    -39.79992715    
       427    -39.79992715    
       428    -39.79992697    
       429    -39.79992709    
       430    -39.79992721    
       431    -39.79992721    
       432    -39.79992721    
       433    -39.79992722    
       434    -39.79992722    
       435    -39.79992718    
       436    -39.79992718    
       437    -39.79992708    
       438    -39.79992721    
       439    -39.79992721    
       440    -39.79992721    
       441    -39.79992721    
       442    -39.79992721    
       443    -39.79992719    
       444    -39.79992720    
       445    -39.79992720    
       446    -39.79992720    
       447    -39.79992710    
       448    -39.79992720    
       449    -39.79992720    
       450    -39.79992720    
       451    -39.79992720    
       452    -39.79992721    
       453    -39.79992720    
       454    -39.79992719    
       455    -39.79992717    
       456    -39.79992717    
       457    -39.79992722    
       458    -39.79992722    
       459    -39.79992712    
       460    -39.79992722    
       461    -39.79992722    
       462    -39.79992722    
       463    -39.79992722    
       464    -39.79992718    
       465    -39.79992719    
       466    -39.79992722    
       467    -39.79992722    
       468    -39.79992721    
       469    -39.79992721    
       470    -39.79992722    
       471    -38.70885785    
       472    -38.70885778    
       473    -38.70885778    
       474    -38.70885778    
       475    -38.70885778    
       476    -38.70885778    
       477    -40.67918373    
       478    -40.67918373    
       479    -40.67918373    
       480    -40.67918372    
       481    -40.67918373    
       482    -40.67918371    
       483    -40.67918374    
       484    -40.67918374    
       485    -40.67918370    
       486    -40.67918370    
       487    -40.67918373    
       488    -40.67918371    
       489    -40.67918371    
       490    -40.67918371    
       491    -40.67918371    
       492    -40.67918371    
       493    -40.67918373    
       494    -40.67918366    
       495    -40.67918366    
       496    -40.67918372    
       497    -40.67918372    
       498    -40.67918371    
       499    -40.67918374    
       500    -40.67918374    
       501    -40.67918374    
       502    -40.67918374    
       503    -40.67918374    
       504    -40.67918371    
       505    -40.67918371    
       506    -40.67918371    
       507    -40.67918371    
       508    -40.67918371    
       509    -38.65800420    
       510    -38.65800419    
       511    -38.65800419    
       512    -38.65800418    
       513    -38.65800408    
       514    -38.65800408    
       515    -38.59340898    
       516    -38.59340898    
       517    -38.59340896    
       518    -38.59340896    
       519    -38.59340896    
       520    -38.59340896    
       521    -38.59340896    
       522    -38.59340896    
       523    -38.59340896    
       524    -38.59340896    
       525    -38.59340896    
       526    -38.59340896    
       527    -38.59340900    
       528    -38.59340891    
       529    -38.59340900    
       530    -38.59340898    
       531    -38.59340898    
       532    -38.59340897    
       533    -38.59340897    
       534    -38.59340897    
       535    -38.59340897    
       536    -38.59340897    
       537    -38.59340898    
       538    -38.59340898    
       539    -41.72299234    
       540    -41.72299235    
       541    -41.72299235    
       542    -41.72299235    
       543    -41.72299237    
       544    -41.72299235    
       545    -41.72299235    
       546    -41.72299235    
       547    -41.72299235    
       548    -41.72299235    
       549    -41.72299235    
       550    -41.72299233    
       551    -41.72299233    
       552    -41.72299233    
       553    -41.72299233    
       554    -41.72299235    
       555    -41.72299235    
       556    -41.72299218    
       557    -41.72299218    
       558    -41.72299218    
       559    -41.72299218    
       560    -41.72299235    
       561    -41.72299235    
       562    -41.72299235    
       563    -41.72299238    
       564    -41.72299238    
       565    -41.72299239    
       566    -41.72299239    
       567    -41.72299239    
       568    -41.72299236    
       569    -41.72299236    
       570    -41.72299236    
       571    -41.72299236    
       572    -41.72299238    
       573    -41.72299238    
       574    -41.72299238    
       575    -41.72299238    
       576    -41.72299238    
       577    -41.72299238    
       578    -41.72299233    
       579    -41.72299233    
       580    -41.72299233    
       581    -41.72299233    
       582    -41.72299238    
       583    -41.72299238    
       584    -41.72299238    
       585    -41.72299238    
       586    -41.72299238    
       587    -41.72299238    
       588    -41.72299239    
       589    -41.72299239    
       590    -41.72299238    
       591    -41.72299237    
       592    -41.72299237    
       593    -41.72299235    
       594    -41.72299235    
       595    -41.72299235    
       596    -41.72299235    
       597    -41.72299235    
       598    -41.72299235    
       599    -41.72299235    
       600    -41.72299235    
       601    -41.72299237    
       602    -41.72299237    
       603    -41.72299237    
       604    -41.72299237    
       605    -41.72299237    
       606    -41.72299237    
       607    -41.72299237    
       608    -41.72299237    
       609    -41.72299237    
       610    -41.72299235    
       611    -41.72299237    
       612    -41.72299237    
       613    -41.72299233    
       614    -41.72299233    
       615    -41.72299233    
       616    -41.72299238    
       617    -41.72299238    
       618    -41.72299238    
       619    -41.72299239    
       620    -41.72299230    
       621    -41.72299230    
       622    -41.72299230    
       623    -41.72299238    
       624    -41.72299238    
       625    -41.72299238    
       626    -41.72299238    
       627    -41.72299238    
       628    -41.72299238    
       629    -41.72299238    
       630    -41.72299238    
       631    -41.72299238    
       632    -41.72299238    
       633    -41.72299238    
       634    -41.72299238    
       635    -41.72299235    
       636    -41.72299235    
       637    -41.72299235    
       638    -41.72299235    
       639    -41.72299235    
       640    -41.72299235    
       641    -41.72299237    
       642    -41.72299237    
       643    -41.72299237    
       644    -41.72299237    
       645    -41.72299237    
       646    -41.72299237    
       647    -41.72299237    
       648    -41.72299237    
       649    -41.72299234    
       650    -41.72299238    
       651    -41.72299238    
       652    -41.72299238    
       653    -41.72299238    
       654    -41.72299238    
       655    -41.72299237    
       656    -41.72299237    
       657    -41.72299235    
       658    -41.72299235    
       659    -41.72299235    
       660    -41.72299235    
       661    -41.72299235    
       662    -41.72299237    
       663    -41.72299237    
       664    -41.72299237    
       665    -41.72299238    
       666    -41.72299238    
       667    -41.72299238    
       668    -41.72299238    
       669    -41.72299232    
       670    -41.72299237    
       671    -41.72299237    
       672    -41.72299238    
       673    -41.72299238    
       674    -41.72299238    
       675    -41.72299238    
       676    -41.72299238    
       677    -41.72299238    
       678    -41.72299238    
       679    -41.72299238    
       680    -41.72299237    
       681    -41.72299238    
       682    -41.72299236    
       683    -41.72299238    
       684    -41.72299238    
       685    -41.72299238    
       686    -41.72299238    
       687    -41.72299238    
       688    -41.72299238    
       689    -41.72299238    
       690    -41.72299238    
       691    -41.72299238    
       692    -41.72299235    
       693    -41.72299238    
       694    -41.72299238    
       695    -41.72299238    
       696    -41.72299237    
       697    -41.72299238    
       698    -41.72299237    
       699    -41.72299237    
       700    -41.72299237    
       701    -41.72299239    
       702    -41.72299239    
       703    -41.72299239    
       704    -41.72299239    
       705    -41.72299239    
       706    -41.72299239    
       707    -41.72299239    
       708    -41.72299239    
       709    -41.72299239    
       710    -41.72299238    
       711    -41.72299238    
       712    -41.72299238    
       713    -41.72299238    
       714    -41.72299236    
       715    -41.72299236    
       716    -41.72299236    
       717    -41.72299236    
       718    -41.72299236    
       719    -41.72299235    
       720    -41.72299238    
       721    -41.72299238    
       722    -41.72299239    
       723    -41.72299239    
       724    -41.72299239    
       725    -41.72299239    
       726    -41.72299239    
       727    -41.72299239    
       728    -41.72299239    
       729    -41.72299238    
       730    -41.72299238    
       731    -41.72299238    
       732    -41.72299237    
       733    -41.72299237    
       734    -41.72299237    
       735    -41.72299237    
       736    -41.72299238    
       737    -41.72299238    
       738    -41.72299233    
       739    -41.72299233    
       740    -41.72299233    
       741    -41.72299233    
       742    -41.72299236    
       743    -41.72299238    
       744    -41.72299236    
       745    -41.72299236    
       746    -41.72299236    
       747    -41.72299236    
       748    -41.72299236    
       749    -41.72299236    
       750    -41.72299236    
       751    -41.72299236    
       752    -41.72299237    
       753    -41.72299237    
       754    -41.72299237    
       755    -41.72299237    
       756    -41.72299237    
       757    -41.72299237    
       758    -41.72299237    
       759    -41.72299237    
       760    -41.72299237    
       761    -41.72299237    
       762    -41.72299237    
       763    -41.72299238    
       764    -41.72299237    
       765    -41.72299237    
       766    -41.72299237    
       767    -41.72299229    
       768    -41.72299229    
       769    -41.72299237    
       770    -41.72299237    
       771    -41.72299238    
       772    -41.72299239    
       773    -41.72299239    
       774    -41.72299239    
       775    -41.72299239    
       776    -41.72299238    
       777    -41.72299239    
       778    -41.72299239    
       779    -41.72299237    
       780    -41.72299237    
       781    -41.72299237    
       782    -41.72299237    
       783    -41.72299237    
       784    -41.72299237    
       785    -41.72299237    
       786    -41.72299237    
       787    -41.72299237    
       788    -41.72299237    
       789    -41.72299236    
       790    -41.72299236    
       791    -41.72299236    
       792    -41.72299237    
       793    -41.72299231    
       794    -41.72299231    
       795    -41.72299231    
       796    -41.72299231    
       797    -41.72299231    
       798    -41.72299239    
       799    -41.72299238    
       800    -41.72299238    
       801    -41.72299237    
       802    -41.72299237    
       803    -41.72299237    
       804    -41.72299237    
       805    -41.72299236    
       806    -41.72299236    
       807    -41.72299236    
       808    -41.72299236    
       809    -41.72299236    
       810    -41.72299238    
       811    -41.72299238    
       812    -41.72299238    
       813    -41.72299238    
       814    -41.72299238    
       815    -41.72299238    
       816    -41.72299238    
       817    -41.72299238    
       818    -41.72299238    
       819    -41.72299238    
       820    -41.72299238    
       821    -41.72299238    
       822    -41.72299236    
       823    -41.72299236    
       824    -41.72299237    
       825    -41.72299235    
       826    -41.72299235    
       827    -41.72299236    
       828    -41.72299236    
       829    -41.72299236    
       830    -41.72299236    
       831    -41.72299238    
       832    -41.72299238    
       833    -41.72299238    
       834    -41.72299238    
       835    -41.72299235    
       836    -41.72299237    
       837    -41.72299237    
       838    -41.72299237    
       839    -41.72299237    
       840    -41.72299238    
       841    -41.72299238    
       842    -41.72299238    
       843    -41.72299238    
       844    -41.72299238    
       845    -41.72299238    
       846    -41.72299238    
       847    -41.72299237    
       848    -41.72299237    
       849    -41.72299237    
       850    -41.72299237    
       851    -41.72299239    
       852    -41.72299239    
       853    -41.72299239    
       854    -41.72299239    
       855    -41.72299238    
       856    -41.72299238    
       857    -41.72299238    
       858    -41.72299238    
       859    -41.72299238    
       860    -41.72299238    
       861    -41.72299236    
       862    -41.72299236    
       863    -41.72299236    
       864    -41.72299236    
       865    -41.72299236    
       866    -41.72299238    
       867    -41.72299235    
       868    -41.72299238    
       869    -41.72299238    
       870    -41.72299238    
       871    -41.72299238    
       872    -41.72299238    
       873    -41.72299238    
       874    -41.72299238    
       875    -41.72299238    
       876    -41.72299238    
       877    -41.72299238    
       878    -41.72299238    
       879    -41.72299238    
       880    -41.72299236    
       881    -40.64488429    
       882    -40.64488429    
       883    -40.64488429    
       884    -40.64488429    
       885    -40.64488429    
       886    -40.64488429    
       887    -40.64488429    
       888    -40.64488429    
       889    -40.64488429    
       890    -40.75329845    
       891    -40.75329845    
       892    -40.75329845    
       893    -40.75329845    
       894    -40.75329845    
       895    -40.75329847    
       896    -40.75329847    
       897    -40.75329847    
       898    -40.75329847    
       899    -40.75329847    
       900    -40.75329848    
       901    -40.75329848    
       902    -40.64488430    
       903    -40.64488430    
       904    -40.64488429    
       905    -40.64488428    
       906    -40.64488428    
       907    -40.64488428    
       908    -40.64488429    
       909    -40.64488429    
       910    -40.64488429    
       911    -40.75329847    
       912    -40.75329847    
       913    -40.75329847    
       914    -40.75329847    
       915    -40.75329847    
       916    -40.75329847    
       917    -40.75329846    
       918    -40.75329846    
       919    -40.75329846    
       920    -40.75329846    
       921    -40.75329846    
       922    -40.75329846    
       923    -40.75329848    
       924    -40.75329847    
       925    -40.75329847    
       926    -40.75329847    
       927    -40.75329847    
       928    -40.75329847    
       929    -40.75329847    
       930    -40.75329847    
       931    -40.75329847    
       932    -40.75329847    
       933    -40.75329847    
       934    -40.75329847    
       935    -40.75329848    
       936    -40.75329848    
       937    -40.75329848    
       938    -40.75329848    
       939    -40.75329847    
       940    -40.75329847    
       941    -40.75329847    
       942    -40.75329847    
       943    -40.75329847    
       944    -40.75329847    
       945    -40.75329847    
       946    -40.75329847    
       947    -40.75329847    
       948    -40.75329847    
       949    -40.75329847    
       950    -40.75329847    
       951    -40.75329849    
       952    -40.75329849    
       953    -40.75329849    
       954    -40.75329849    
       955    -40.75329849    
       956    -40.75329849    
       957    -40.75329849    
       958    -40.75329849    
       959    -40.75329849    
       960    -40.75329849    
       961    -40.75329849    
       962    -40.75329849    
       963    -40.75329847    
       964    -40.75329845    
       965    -40.75329845    
       966    -40.75329845    
       967    -40.75329845    
       968    -40.75329845    
       969    -40.75329845    
       970    -40.75329848    
       971    -40.75329848    
       972    -40.75329848    
       973    -40.75329848    
       974    -40.75329848    
       975    -40.75329848    
       976    -40.75329848    
       977    -40.75329847    
       978    -40.75329847    
       979    -40.75329848    
       980    -40.75329848    
       981    -41.72299235    
       982    -41.72299235    
       983    -41.72299235    
       984    -41.72299235    
       985    -41.72299230    
       986    -41.72299230    
       987    -41.72299239    
       988    -41.72299238    
       989    -41.72299238    
       990    -41.72299238    
       991    -41.72299238    
       992    -41.72299238    
       993    -41.72299238    
       994    -39.00537753    
       995    -39.00537750    
       996    -39.00537750    
       997    -39.00537750    
       998    -39.00537728    
       999    -39.00537751    
      1000    -39.00537751    
