         1    -39.93276990    
         2    -39.93276990    
         3    -39.93276990    
         4    -39.93276990    
         5    -39.93276990    
         6    -39.93276990    
         7    -39.93276990    
         8    -40.52550541    
         9    -40.52550541    
        10    -40.52550553    
        11    -40.52550553    
        12    -40.52550557    
        13    -40.90769208    
        14    -40.90769286    
        15    -40.90769286    
        16    -40.90769286    
        17    -40.90769286    
        18    -40.90769286    
        19    -40.90769286    
        20    -40.90769286    
        21    -40.90769286    
        22    -40.90769286    
        23    -40.90769286    
        24    -40.90769286    
        25    -40.90769286    
        26    -40.90769286    
        27    -40.90769286    
        28    -40.90769286    
        29    -40.90769286    
        30    -40.90769286    
        31    -40.90769286    
        32    -40.90769286    
        33    -40.90769286    
        34    -40.90769286    
        35    -40.90769286    
        36    -40.90769286    
        37    -40.90769286    
        38    -40.90769286    
        39    -40.90769286    
        40    -40.90769286    
        41    -40.90769286    
        42    -40.90769286    
        43    -40.90769286    
        44    -40.90769286    
        45    -40.90769286    
        46    -40.90769286    
        47    -40.90769286    
        48    -40.90769286    
        49    -40.90769286    
        50    -40.90769286    
        51    -40.90769286    
        52    -40.90769286    
        53    -40.90769286    
        54    -40.90769286    
        55    -40.90769286    
        56    -40.90769286    
        57    -40.90769286    
        58    -40.90769286    
        59    -40.90769286    
        60    -40.90769286    
        61    -40.90769286    
        62    -40.90769286    
        63    -40.90769286    
        64    -40.90769286    
        65    -40.90769286    
        66    -40.90769286    
        67    -40.90769286    
        68    -40.90769286    
        69    -40.90769286    
        70    -40.90769286    
        71    -40.90769286    
        72    -40.90769286    
        73    -40.90769286    
        74    -40.90769286    
        75    -40.90769286    
        76    -40.90769286    
        77    -40.90769286    
        78    -40.90769286    
        79    -40.90769286    
        80    -40.90769286    
        81    -40.90769286    
        82    -40.90769286    
        83    -40.90769286    
        84    -40.90769286    
        85    -40.90769286    
        86    -40.90769286    
        87    -40.90769286    
        88    -40.90769286    
        89    -40.90769286    
        90    -40.90769286    
        91    -40.90769286    
        92    -40.90769286    
        93    -40.90769286    
        94    -40.90769286    
        95    -40.90769286    
        96    -40.90769286    
        97    -40.90769286    
        98    -40.90769286    
        99    -40.90769286    
       100    -40.90769286    
       101    -40.90769286    
       102    -40.90769286    
       103    -40.90769286    
       104    -40.90769286    
       105    -40.90769286    
       106    -40.90769286    
       107    -40.90769286    
       108    -40.90769286    
       109    -40.90769286    
       110    -40.90769286    
       111    -40.90769286    
       112    -40.90769286    
       113    -40.90769286    
       114    -40.90769286    
       115    -40.90769286    
       116    -40.90769286    
       117    -40.90769286    
       118    -40.90769286    
       119    -40.90769286    
       120    -40.90769286    
       121    -40.90769286    
       122    -40.90769286    
       123    -40.90769286    
       124    -40.90769286    
       125    -40.90769286    
       126    -40.90769286    
       127    -40.90769286    
       128    -40.90769286    
       129    -40.90769286    
       130    -40.90769286    
       131    -40.90769286    
       132    -40.90769286    
       133    -40.90769286    
       134    -40.90769286    
       135    -40.90769286    
       136    -40.90769286    
       137    -40.90769286    
       138    -40.90769286    
       139    -40.90769286    
       140    -40.90769286    
       141    -40.90769286    
       142    -40.90769286    
       143    -40.90769286    
       144    -40.90769286    
       145    -40.90769286    
       146    -40.90769286    
       147    -40.90769286    
       148    -40.90769286    
       149    -40.90769286    
       150    -40.90769286    
       151    -40.90769286    
       152    -40.90769286    
       153    -40.90769286    
       154    -40.90769286    
       155    -40.90769286    
       156    -40.90769286    
       157    -40.90769286    
       158    -40.90769286    
       159    -40.90769286    
       160    -40.90769286    
       161    -40.90769286    
       162    -40.90769286    
       163    -40.90769286    
       164    -40.90769286    
       165    -40.90769286    
       166    -40.90769286    
       167    -40.90769286    
       168    -40.90769286    
       169    -40.90769286    
       170    -40.90769286    
       171    -40.90769286    
       172    -40.90769286    
       173    -40.90769286    
       174    -40.90769286    
       175    -40.90769286    
       176    -40.90769286    
       177    -40.90769286    
       178    -40.90769286    
       179    -40.90769286    
       180    -40.90769286    
       181    -40.90769286    
       182    -40.90769286    
       183    -40.90769286    
       184    -40.90769286    
       185    -40.90769286    
       186    -40.90769286    
       187    -40.90769286    
       188    -40.90769286    
       189    -40.90769286    
       190    -40.90769286    
       191    -40.90769286    
       192    -40.90769286    
       193    -40.90769286    
       194    -40.90769286    
       195    -40.90769286    
       196    -41.38585562    
       197    -41.38585968    
       198    -41.38585968    
       199    -41.38585968    
       200    -41.38585968    
       201    -41.38585968    
       202    -41.38585968    
       203    -41.38585968    
       204    -41.38585968    
       205    -41.38585968    
       206    -41.38585968    
       207    -41.38585968    
       208    -41.38585968    
       209    -41.38585968    
       210    -41.38585968    
       211    -41.38585968    
       212    -41.38585968    
       213    -41.38585968    
       214    -41.38585968    
       215    -41.38585968    
       216    -41.38585968    
       217    -41.38585968    
       218    -41.38585968    
       219    -41.38585968    
       220    -41.38585968    
       221    -41.38585968    
       222    -41.38585968    
       223    -41.38585968    
       224    -41.38585968    
       225    -41.38585968    
       226    -41.38585968    
       227    -41.38585968    
       228    -41.38585968    
       229    -41.38585968    
       230    -41.38585968    
       231    -41.38585968    
       232    -41.38585968    
       233    -41.38585968    
       234    -41.38585968    
       235    -41.38585968    
       236    -41.38585968    
       237    -41.38585968    
       238    -41.38585968    
       239    -41.38585968    
       240    -41.38585968    
       241    -41.38585968    
       242    -41.38585968    
       243    -41.38585968    
       244    -41.38585968    
       245    -41.38585968    
       246    -41.38585968    
       247    -41.38585968    
       248    -41.38585968    
       249    -41.38585968    
       250    -41.38585968    
       251    -41.38585968    
       252    -41.38585968    
       253    -41.38585968    
       254    -41.38585968    
       255    -41.38585968    
       256    -41.38585968    
       257    -41.38585968    
       258    -41.38585968    
       259    -41.38585968    
       260    -41.38585968    
       261    -41.38585968    
       262    -41.38585968    
       263    -41.38585968    
       264    -41.38585968    
       265    -41.38585968    
       266    -41.38585968    
       267    -41.38585968    
       268    -41.38585968    
       269    -41.38585968    
       270    -41.38585968    
       271    -41.38585968    
       272    -41.38585968    
       273    -41.38585968    
       274    -41.38585968    
       275    -41.38585968    
       276    -41.38585968    
       277    -41.38585968    
       278    -41.38585968    
       279    -41.38585968    
       280    -41.38585968    
       281    -41.38585968    
       282    -41.38585968    
       283    -41.38585968    
       284    -41.38585968    
       285    -41.38585968    
       286    -41.38585968    
       287    -41.38585968    
       288    -41.38585968    
       289    -41.38585968    
       290    -41.38585968    
       291    -41.38585968    
       292    -41.38585968    
       293    -41.38585968    
       294    -41.38585968    
       295    -41.38585968    
       296    -41.38585968    
       297    -41.38585968    
       298    -41.38585968    
       299    -41.38585968    
       300    -41.38585968    
       301    -41.38585968    
       302    -41.38585968    
       303    -41.38585968    
       304    -41.38585968    
       305    -41.38585968    
       306    -41.38585968    
       307    -41.38585968    
       308    -41.38585968    
       309    -41.38585968    
       310    -41.38585968    
       311    -41.38585968    
       312    -41.38585968    
       313    -41.38585968    
       314    -41.38585968    
       315    -41.38585968    
       316    -41.38585968    
       317    -41.38585968    
       318    -41.38585968    
       319    -41.38585968    
       320    -41.38585968    
       321    -41.38585968    
       322    -41.38585968    
       323    -41.38585968    
       324    -41.38585968    
       325    -41.38585968    
       326    -41.38585968    
       327    -41.38585968    
       328    -41.38585968    
       329    -41.38585968    
       330    -41.38585968    
       331    -41.38585968    
       332    -41.38585968    
       333    -41.38585968    
       334    -41.38585968    
       335    -41.38585968    
       336    -41.38585968    
       337    -41.38585968    
       338    -41.38585968    
       339    -41.38585968    
       340    -41.38585968    
       341    -41.38585968    
       342    -41.38585968    
       343    -41.38585968    
       344    -41.38585968    
       345    -41.38585968    
       346    -41.38585968    
       347    -41.38585968    
       348    -41.38585968    
       349    -41.38585968    
       350    -41.38585968    
       351    -41.38585968    
       352    -41.38585968    
       353    -41.38585968    
       354    -41.38585968    
       355    -41.38585968    
       356    -41.38585968    
       357    -41.38585968    
       358    -41.38585968    
       359    -41.38585968    
       360    -41.38585968    
       361    -41.38585968    
       362    -41.38585968    
       363    -41.38585968    
       364    -41.38585968    
       365    -41.38585968    
       366    -41.38585968    
       367    -41.38585968    
       368    -41.38585968    
       369    -41.38585968    
       370    -41.38585968    
       371    -41.38585968    
       372    -41.38585968    
       373    -41.38585968    
       374    -41.38585968    
       375    -41.38585968    
       376    -41.38585968    
       377    -41.38585968    
       378    -41.38585968    
       379    -41.38585968    
       380    -41.38585968    
       381    -41.38585968    
       382    -41.38585968    
       383    -41.38585968    
       384    -41.38585968    
       385    -41.38585968    
       386    -41.38585968    
       387    -41.38585968    
       388    -41.38585968    
       389    -41.38585968    
       390    -41.38585968    
       391    -41.38585968    
       392    -41.38585968    
       393    -41.38585968    
       394    -41.38585968    
       395    -41.38585968    
       396    -41.38585968    
       397    -41.38585968    
       398    -41.38585968    
       399    -41.38585968    
       400    -41.38585968    
       401    -41.38585968    
       402    -41.38585968    
       403    -41.38585968    
       404    -41.38585968    
       405    -41.38585968    
       406    -41.38585968    
       407    -41.38585968    
       408    -41.38585968    
       409    -41.38585968    
       410    -41.38585968    
       411    -41.38585968    
       412    -41.38585968    
       413    -41.38585968    
       414    -41.38585968    
       415    -41.38585968    
       416    -41.38585968    
       417    -41.38585968    
       418    -41.38585968    
       419    -41.38585968    
       420    -41.38585968    
       421    -41.38585968    
       422    -41.38585968    
       423    -41.38585968    
       424    -41.38585968    
       425    -41.38585968    
       426    -41.38585968    
       427    -41.38585968    
       428    -41.38585968    
       429    -41.38585968    
       430    -41.38585968    
       431    -41.38585968    
       432    -41.38585968    
       433    -41.38585968    
       434    -41.38585968    
       435    -41.38585968    
       436    -41.38585968    
       437    -41.38585968    
       438    -41.38585968    
       439    -41.38585968    
       440    -41.38585968    
       441    -41.38585968    
       442    -41.38585968    
       443    -41.38585968    
       444    -41.38585968    
       445    -41.38585968    
       446    -41.38585968    
       447    -41.38585968    
       448    -41.38585968    
       449    -41.38585968    
       450    -41.38585968    
       451    -41.38589197    
       452    -41.38589197    
       453    -41.38589197    
       454    -41.38589197    
       455    -41.38589197    
       456    -41.38589197    
       457    -41.38589197    
       458    -41.38589197    
       459    -41.38589197    
       460    -41.38589197    
       461    -41.38589197    
       462    -41.38589197    
       463    -41.38589197    
       464    -41.38589197    
       465    -41.38589197    
       466    -41.38589197    
       467    -41.38589197    
       468    -41.38589197    
       469    -41.38589197    
       470    -41.38589197    
       471    -41.38589197    
       472    -41.38589197    
       473    -41.38589197    
       474    -41.38589197    
       475    -41.38589197    
       476    -41.38589197    
       477    -41.38589197    
       478    -41.38589197    
       479    -41.38589197    
       480    -41.38589197    
       481    -41.38589197    
       482    -41.38589197    
       483    -41.38589197    
       484    -41.38589197    
       485    -41.38589197    
       486    -41.38589197    
       487    -41.38589197    
       488    -41.38589197    
       489    -41.38589197    
       490    -41.38589197    
       491    -41.38589197    
       492    -41.38589197    
       493    -41.38589197    
       494    -41.38589197    
       495    -41.38589197    
       496    -41.38589197    
       497    -41.38589197    
       498    -41.38589197    
       499    -41.38589197    
       500    -41.38589197    
