         1      -39.9327699041
         2       99.0048361688
         3      -33.4834023876
         4      -36.7834990271
         5      -39.9327694999
         6      -39.7754777427
         7      -39.7754774557
         8      -40.5255054079
         9      -40.5255053707
        10      -40.5255055312
        11      -37.5499513050
        12      -40.5255055690
        13      -40.9076920797
        14      -40.9076928591
        15      -39.9327699258
        16      -39.8691671250
        17      -39.8691667598
        18      -33.5073279138
        19      -39.8691673917
        20      -39.8079729785
        21      -38.1716592784
        22      -35.8745935492
        23      -36.2311878994
        24      -35.3913685222
        25      -39.8079736457
        26      -39.8079716965
        27      -36.2311870867
        28      -39.0812630852
        29      -39.0264569899
        30      -39.8079712454
        31      -39.8079727977
        32      -37.8348544870
        33      -39.0264321277
        34      -39.0264533735
        35      -39.0264528216
        36      -39.0264386907
        37      -39.0264530128
        38      -35.8745899192
        39      -39.0264636949
        40      -39.0264532076
        41      -39.0264467634
        42      -39.0263528274
        43      -39.0264530851
        44      -39.0264535761
        45      -39.0264415450
        46      -39.0264478567
        47      -37.5888843289
        48      -39.0264007492
        49      -38.8697052392
        50      -34.9377408965
        51      -38.8697051627
        52      -38.8697052917
        53      -38.8697050074
        54      -16.9853432784
        55      -39.0100706830
        56      -36.6181247648
        57      -39.0100708703
        58      -39.7754736681
        59       30.9707731557
        60      -40.5255017625
        61      -40.9076887308
        62      -40.9076876223
        63      -36.7397885527
        64      -36.7835807952
        65      -40.5255015319
        66      -39.2492262883
        67      -39.9327664184
        68      -40.9076879835
        69      -37.8233096935
        70      -40.5255015920
        71      -40.9076882825
        72      -40.9076885307
        73      -37.5196406145
        74      -40.9076886784
        75      -40.9076887751
        76      -40.9076885014
        77      -39.5243335666
        78      -40.9076883524
        79      -36.7397876330
        80      -40.9076890533
        81      -39.0812593631
        82      -37.5499469950
        83      -40.9076878897
        84      -40.9076884998
        85      -39.9327660779
        86      -36.7397883195
        87      -40.9076886918
        88      -38.5935973907
        89      -40.9076882841
        90      -40.9076882988
        91       83.6415566684
        92      -40.9076882366
        93      -40.9076882599
        94      -40.9076887131
        95      -40.9076889296
        96      -39.9327664876
        97      -37.0809889185
        98      -40.9076881506
        99      -37.5499463565
       100      -39.2492257167
       101      -39.2492252709
       102      -40.5255018956
       103       28.9475366513
       104      -40.5255014513
       105      -39.0100708007
       106      -40.9076886256
       107      -34.2961000558
       108      -40.9076885256
       109      -36.6718293279
       110      -37.5499466355
       111      -39.9327660715
       112      -37.5499464208
       113       98.3292120488
       114      -39.8691635071
       115      -40.9076879793
       116      -39.2492250458
       117      -40.5255018657
       118      -40.5255011118
       119      -40.5255015348
       120      -40.5255014712
       121      -39.5243327813
       122      -36.5277366777
       123      -38.7737375785
       124      -39.5243337947
       125      -39.5243328356
       126      -38.7737367049
       127      -39.1515941902
       128      -39.1515941132
       129      -35.5674901782
       130      -39.8079689506
       131      -40.9076886206
       132      -38.5935967709
       133      -40.5255015801
       134      -39.5243340941
       135      -38.7737365733
       136      -37.3955641706
       137      -35.7407392504
       138      -39.8691635685
       139      -39.5243319974
       140      -39.5243333761
       141      -37.8410280668
       142      -36.4897066568
       143      -39.5243338056
       144      -39.1515936377
       145      -36.0926077241
       146      -39.5243335788
       147      -39.5243335216
       148       98.8006627597
       149      -36.6717610090
       150      -39.8691636730
       151      -39.8079688995
       152      -39.8079683739
       153      -37.8348499304
       154      -36.2311843903
       155       99.3051598526
       156      -39.8079724184
       157      -39.1515975307
       158      -39.1515980427
       159      -39.1515976853
       160      -36.2311877042
       161      -39.8079727403
       162      -39.8079728256
       163      -37.5638510457
       164      -39.1515981814
       165      -38.5936008988
       166      -39.8079728386
       167      -39.8079726343
       168      -39.1515979313
       169      -39.1515984207
       170       99.2333495365
       171      -39.1515983153
       172      -39.1515980670
       173      -40.2582836184
       174      -40.2582844950
       175      -40.2582840705
       176      -37.2670827732
       177      -40.2582843327
       178      -40.2582838285
       179      105.6974266740
       180      -40.2582844922
       181      -40.2582843085
       182      -40.2582792538
       183      -40.2582800602
       184      -39.2353002609
       185      -40.0752909806
       186      -40.0752911496
       187      -36.7260471764
       188      -37.0759499401
       189      -36.3311369341
       190      -40.0752896298
       191      -40.4600810495
       192      -40.4600802015
       193      -40.4600773636
       194      -40.4600803029
       195      -40.0752906112
       196      -41.3858556233
       197      -41.3858596839
       198      -41.3858561870
       199      -41.3858556436
       200      -41.3858561877
       201      -41.3858556679
       202      -40.3612953150
       203      -40.0142237200
       204      -39.8691632377
       205      -39.8691631700
       206      -39.8691633457
       207      -39.8691632617
       208      -34.9914993756
       209      -38.1381733441
       210      -39.8691631009
       211      -36.5277369291
       212      -39.8691636343
       213      -39.8691631103
       214      -37.5638481184
       215      -39.8691637856
       216      -39.5243335597
       217      -36.4769826814
       218      -39.8691632521
       219      -35.0965393386
       220      -39.8691633210
       221      -36.5277377530
       222      -39.8691629833
       223       84.6481542561
       224      -39.8691633080
       225      -38.5935979149
       226      -39.6762582364
       227      -35.2545274237
       228      -39.6762585653
       229      -35.2545273080
       230      -37.9766990310
       231      -39.6762592212
       232      -36.2043317362
       233      -38.4426469594
       234      -37.9766989050
       235      -39.6762584239
       236      -40.3612947744
       237      -40.3612944952
       238      -39.5090128534
       239      -39.8079678868
       240      -39.8079685333
       241      -35.8745900129
       242      -39.1515938760
       243      -35.3913649395
       244      -35.3913648312
       245      -39.8079686225
       246      -39.8079685953
       247      -37.8348501348
       248      -39.8079692339
       249      -39.8079690356
       250      -39.8079684097
       251      -39.8079687587
       252      -39.8079689453
       253      -39.1515943241
       254      -39.1515949207
       255      -39.1515951369
       256      -39.8079689633
       257      -40.9076881645
       258      -40.9076886944
       259      -40.9076887786
       260      -39.8691644822
       261      -40.9076887983
       262      -40.9076886303
       263      -40.9076886811
       264      -40.9076883399
       265      -39.9327669982
       266      -39.6495926789
       267      -40.9076880637
       268      -40.9076882732
       269      -40.5255020574
       270      -38.6137567906
       271      -40.9076883217
       272      -40.9076891956
       273      -40.9076883858
       274      -40.9076883909
       275      -38.5351663214
       276      -40.5255015779
       277      -40.5255013100
       278      -37.8410282969
       279      -39.2492251365
       280      -40.5255014500
       281      -40.5255019703
       282      -40.5255018448
       283      -40.5255017654
       284      -40.5255022045
       285      -40.5255013896
       286      -40.5255014778
       287      -40.5255012091
       288      -38.1381731049
       289      -39.1515943245
       290      -39.7754738141
       291      -36.6717604770
       292      -35.8514042851
       293      -32.2639361411
       294      -37.8410273584
       295      -39.4046886656
       296      -39.3028231498
       297      -33.9935017209
       298      -40.5255019644
       299      -39.2492254269
       300      -39.0812597638
       301      -39.7754742323
       302      -37.1185395045
       303      -38.7737372600
       304      -40.5255025393
       305      -40.5255015517
       306      -33.6713285661
       307      -36.4656611722
       308      -39.7754744818
       309      -39.7754735681
       310      -36.7397884566
       311      -39.7754736466
       312      -39.7754740187
       313      -36.6717618131
       314      -39.8691630335
       315      -36.5277376060
       316      -39.8691634008
       317      -38.7737364393
       318      -38.7737361488
       319      -37.5499466811
       320      -38.7737366044
       321      -35.7407396314
       322      -38.7737373850
       323      -37.5499473344
       324      -38.7737368532
       325      -39.7754734757
       326      -39.7754730082
       327      -38.4160022665
       328      -39.7754734313
       329      -39.7754734142
       330      -37.0809888192
       331       97.7620947800
       332      -39.2492257966
       333      -40.5255021367
       334      -40.5255025071
       335      -39.7754739812
       336      -36.7397887049
       337      -39.7754734514
       338      -38.3812061003
       339      101.6692975482
       340      -39.7754733044
       341      -39.7754732388
       342      -38.4780741978
       343      -39.7754744433
       344      -39.7754732774
       345      -40.9076890573
       346      -39.1515953015
       347      -40.9076928119
       348      -40.9076924722
       349      -40.9076921200
       350      -40.9076889008
       351      -40.9076880021
       352      -36.6717606435
       353      -40.9076884395
       354      -40.9076884092
       355      -40.9076886578
       356       83.6415566917
       357      -34.8868718056
       358      -39.7768335145
       359      -39.7754740400
       360      -36.6717607174
       361       98.3292129116
       362      -40.9076884409
       363      -38.5935970224
       364      -40.9076887272
       365      -35.1230448232
       366      -40.9076880338
       367      -39.8079686815
       368      -39.8079692841
       369       96.8874190216
       370      -37.2082333013
       371      -39.8079685595
       372      -37.8348511070
       373      -38.4160034016
       374      -39.7560058342
       375      -33.3597531187
       376      -35.9164002964
       377      -38.6137567671
       378      -39.7560071250
       379      -39.7560068202
       380      -39.7560069431
       381      -39.9327662827
       382      -38.5935983624
       383      -40.9076890284
       384      -37.5499478889
       385      -40.9076891206
       386      100.8390898224
       387      -40.9076895723
       388      -40.9076892319
       389      -37.5499476730
       390      -40.3612959134
       391      -40.9076890096
       392      -39.0264580326
       393      -39.9327666295
       394      -40.9076890141
       395      -40.9076885908
       396      -40.9076888160
       397      -40.3612957179
       398      -38.2594596515
       399      -40.3612954210
       400      -38.1716564817
       401      -40.3612960503
       402      -40.3612952402
       403      -40.4600813160
       404      -40.4600815111
       405      -27.1946037573
       406      -40.0752915829
       407      -39.4590977165
       408      -35.5133405098
       409      -40.5725164906
       410      -40.5725172761
       411      -40.3612954938
       412      -37.9422662614
       413      -36.6977645136
       414      -40.6331436310
       415      -40.6331441697
       416      -35.8835221644
       417      -37.5677267454
       418      -40.6331429165
       419      -40.6331428881
       420      -36.5504279950
       421       32.5668417250
       422      -40.6331432540
       423      -39.8079725325
       424      -39.6762585681
       425      -37.9766987546
       426      -39.6762579277
       427      -39.1396371739
       428      -40.3612947122
       429      -38.9533427825
       430      -38.9533421997
       431      -37.7949103677
       432      -40.4600809495
       433      -40.4600809693
       434      -40.4600815128
       435      -38.8712227730
       436      -40.4600812672
       437      -37.8757427271
       438       32.9757784227
       439      -36.4692763221
       440      -40.5606446598
       441       31.9046043236
       442      -40.5606439280
       443      -41.3121288285
       444      -40.0390765601
       445      -41.3858445173
       446      -41.3858568049
       447      -38.3150650967
       448      -41.3858566678
       449      -39.5930807096
       450      -41.3858570067
       451      -41.3858919653
       452       95.9873025643
       453      -36.8303238571
       454      -35.7121955111
       455      -41.3858564553
       456      -38.7750172544
       457      -40.0142355271
       458      -37.8410288516
       459      -41.3858567291
       460      -35.1046073421
       461      -41.3858564362
       462      -34.7023897334
       463      -40.5606442118
       464      -40.6331437284
       465      -36.8303277838
       466      -41.3858561104
       467      -40.5255020049
       468      -40.6331471626
       469      -40.6331442091
       470      -37.9422655882
       471      -39.8161409570
       472      -34.8696755380
       473      -41.3858571142
       474      -40.5492113048
       475      -40.4600818614
       476      -41.3858565981
       477      -41.3858567003
       478      -40.0142351574
       479      -39.7431854902
       480      -40.4600816786
       481      -40.4600814360
       482      -36.1433351823
       483      -39.5059604330
       484      -40.4600813296
       485      -40.4600844426
       486      -40.4600812317
       487      -40.4600809722
       488      -38.5183190419
       489      -40.4600804034
       490      -40.4600805595
       491      -35.4896392673
       492      -39.0141431556
       493      -36.1433345499
       494      -37.0702514596
       495      -40.4600807402
       496      -40.4600804887
       497      -40.4600810401
       498      -40.4600808185
       499      -37.0759186185
       500      -32.3251717235
