       Quench         Potential energy     rot/vib terms        Free energy        Markov energy            Time        
 ------------------  ------------------  ------------------  ------------------  ------------------  ------------------ 
           0        -69.0291461938       29.2523081444      -39.7768380494      0.100000000000+101                 0.3
           1        -68.9643630227       29.0315931186      -39.9327699041      -39.7768380494                     0.5
           2         68.0934278826       30.9114082863       99.0048361688      -39.9327699041                     0.6
           3        -62.5297273405       29.0463249529      -33.4834023876      -39.9327699041                     0.8
           4        -66.0532975035       29.2697984764      -36.7834990271      -39.9327699041                     1.0
           5        -68.9643630227       29.0315935228      -39.9327694999      -39.9327699041                     1.2
           6        -68.8091853783       29.0337076356      -39.7754777427      -39.9327694999                     1.4
           7        -68.8091853783       29.0337079226      -39.7754774557      -39.7754777427                     1.5
           8        -69.5916713108       29.0661659029      -40.5255054079      -39.7754774557                     1.7
           9        -69.5916713108       29.0661659401      -40.5255053707      -40.5255054079                     1.9
          10        -69.5916713108       29.0661657795      -40.5255055312      -40.5255053707                     2.1
          11        -66.6134296371       29.0634783321      -37.5499513050      -40.5255055312                     2.2
          12        -69.5916713108       29.0661657418      -40.5255055690      -40.5255055312                     2.4
          13        -69.6120165536       28.7043244739      -40.9076920797      -40.5255055690                     2.6
          14        -69.6120165536       28.7043236946      -40.9076928591      -40.9076920797                     2.8
          15        -68.9643630227       29.0315930969      -39.9327699258      -40.9076928591                     3.0
          16        -68.6579828763       28.7888157512      -39.8691671250      -40.9076928591                     3.2
          17        -68.6579828763       28.7888161165      -39.8691667598      -39.8691671250                     3.3
          18        -62.0962009428       28.5888730290      -33.5073279138      -39.8691667598                     3.6
          19        -68.6579828763       28.7888154845      -39.8691673917      -39.8691667598                     3.8
          20        -69.5669863232       29.7590133447      -39.8079729785      -39.8691673917                     4.0
          21        -67.3170637489       29.1454044705      -38.1716592784      -39.8079729785                     4.1
          22        -65.3017052724       29.4271117231      -35.8745935492      -39.8079729785                     4.3
          23        -65.4434101623       29.2122222629      -36.2311878994      -39.8079729785                     4.5
          24        -64.5987577398       29.2073892177      -35.3913685222      -39.8079729785                     4.7
          25        -69.5669863232       29.7590126775      -39.8079736457      -39.8079729785                     4.9
          26        -69.5669863232       29.7590146267      -39.8079716965      -39.8079736457                     5.1
          27        -65.4434101623       29.2122230756      -36.2311870867      -39.8079716965                     5.2
          28        -67.9331856638       28.8519225785      -39.0812630852      -39.8079716965                     5.4
          29        -68.2129947219       29.1865377320      -39.0264569899      -39.8079716965                     5.6
          30        -69.5669863232       29.7590150778      -39.8079712454      -39.0264569899                     5.8
          31        -69.5669863232       29.7590135255      -39.8079727977      -39.8079712454                     6.0
          32        -66.8267674311       28.9919129440      -37.8348544870      -39.8079727977                     6.2
          33        -68.2129908624       29.1865587347      -39.0264321277      -39.8079727977                     6.4
          34        -68.2129908624       29.1865374889      -39.0264533735      -39.0264321277                     6.5
          35        -68.2129908624       29.1865380408      -39.0264528216      -39.0264533735                     6.7
          36        -68.2129908624       29.1865521717      -39.0264386907      -39.0264528216                     6.9
          37        -68.2129908624       29.1865378496      -39.0264530128      -39.0264386907                     7.1
          38        -65.3017012469       29.4271113277      -35.8745899192      -39.0264530128                     7.3
          39        -68.2129908624       29.1865271675      -39.0264636949      -39.0264530128                     7.5
          40        -68.2129908624       29.1865376548      -39.0264532076      -39.0264636949                     7.7
          41        -68.2129908624       29.1865440990      -39.0264467634      -39.0264532076                     7.9
          42        -68.2129908624       29.1866380350      -39.0263528274      -39.0264467634                     8.0
          43        -68.2129908624       29.1865377774      -39.0264530851      -39.0263528274                     8.2
          44        -68.2129908624       29.1865372864      -39.0264535761      -39.0264530851                     8.4
          45        -68.2129908624       29.1865493174      -39.0264415450      -39.0264535761                     8.6
          46        -68.2129908624       29.1865430057      -39.0264478567      -39.0264415450                     8.8
          47        -66.6719026690       29.0830183401      -37.5888843289      -39.0264478567                     9.0
          48        -68.2129908624       29.1865901132      -39.0264007492      -39.0264478567                     9.2
          49        -68.2805245684       29.4108193292      -38.8697052392      -39.0264007492                     9.3
          50        -64.2919852979       29.3542444014      -34.9377408965      -38.8697052392                     9.5
          51        -68.2805245684       29.4108194057      -38.8697051627      -38.8697052392                     9.7
          52        -68.2805245684       29.4108192768      -38.8697052917      -38.8697051627                     9.9
          53        -68.2805245684       29.4108195611      -38.8697050074      -38.8697052917                    10.0
          54        -47.4589232708       30.4735799924      -16.9853432784      -38.8697050074                    10.3
          55        -68.2308470318       29.2207763488      -39.0100706830      -38.8697050074                    10.4
          56        -65.4165561909       28.7984314261      -36.6181247648      -39.0100706830                    10.6
          57        -68.2308470318       29.2207761616      -39.0100708703      -39.0100706830                    10.8
          58        -68.8091816113       29.0337079432      -39.7754736681      -39.0100708703                    11.0
          59         2.11907661754       28.8516965382       30.9707731557      -39.7754736681                    11.2
          60        -69.5916675581       29.0661657956      -40.5255017625      -39.7754736681                    11.4
          61        -69.6120126778       28.7043239470      -40.9076887308      -40.5255017625                    11.5
          62        -69.6120126778       28.7043250556      -40.9076876223      -40.9076887308                    11.7
          63        -65.7529859232       29.0131973705      -36.7397885527      -40.9076876223                    11.9
          64        -66.0532934839       29.2697126887      -36.7835807952      -40.9076876223                    12.1
          65        -69.5916675581       29.0661660262      -40.5255015319      -40.9076876223                    12.3
          66        -67.9986124796       28.7493861912      -39.2492262883      -40.9076876223                    12.5
          67        -68.9643591685       29.0315927501      -39.9327664184      -40.9076876223                    12.6
          68        -69.6120126778       28.7043246944      -40.9076879835      -40.9076876223                    12.8
          69        -67.0591630342       29.2358533408      -37.8233096935      -40.9076879835                    13.0
          70        -69.5916675581       29.0661659660      -40.5255015920      -40.9076879835                    13.2
          71        -69.6120126778       28.7043243953      -40.9076882825      -40.9076879835                    13.4
          72        -69.6120126778       28.7043241472      -40.9076885307      -40.9076882825                    13.6
          73        -66.9851838946       29.4655432801      -37.5196406145      -40.9076885307                    13.8
          74        -69.6120126778       28.7043239994      -40.9076886784      -40.9076885307                    14.0
          75        -69.6120126778       28.7043239027      -40.9076887751      -40.9076886784                    14.1
          76        -69.6120126778       28.7043241764      -40.9076885014      -40.9076887751                    14.3
          77        -68.6475395902       29.1232060236      -39.5243335666      -40.9076885014                    14.5
          78        -69.6120126778       28.7043243254      -40.9076883524      -40.9076885014                    14.7
          79        -65.7529859232       29.0131982903      -36.7397876330      -40.9076883524                    14.9
          80        -69.6120126778       28.7043236245      -40.9076890533      -40.9076883524                    15.0
          81        -67.9331817828       28.8519224197      -39.0812593631      -40.9076890533                    15.2
          82        -66.6134255992       29.0634786041      -37.5499469950      -40.9076890533                    15.4
          83        -69.6120126778       28.7043247881      -40.9076878897      -40.9076890533                    15.6
          84        -69.6120126778       28.7043241780      -40.9076884998      -40.9076878897                    15.8
          85        -68.9643591685       29.0315930905      -39.9327660779      -40.9076884998                    16.0
          86        -65.7529859232       29.0131976037      -36.7397883195      -40.9076884998                    16.2
          87        -69.6120126778       28.7043239860      -40.9076886918      -40.9076884998                    16.4
          88        -68.0589222650       29.4653248743      -38.5935973907      -40.9076886918                    16.6
          89        -69.6120126778       28.7043243938      -40.9076882841      -40.9076886918                    16.7
          90        -69.6120126778       28.7043243790      -40.9076882988      -40.9076882841                    16.9
          91         54.0162787453       29.6252779231       83.6415566684      -40.9076882988                    17.1
          92        -69.6120126778       28.7043244413      -40.9076882366      -40.9076882988                    17.3
          93        -69.6120126778       28.7043244179      -40.9076882599      -40.9076882366                    17.5
          94        -69.6120126778       28.7043239647      -40.9076887131      -40.9076882599                    17.7
          95        -69.6120126778       28.7043237482      -40.9076889296      -40.9076887131                    17.9
          96        -68.9643591685       29.0315926809      -39.9327664876      -40.9076889296                    18.1
          97        -66.5832099164       29.5022209979      -37.0809889185      -40.9076889296                    18.3
          98        -69.6120126778       28.7043245272      -40.9076881506      -40.9076889296                    18.5
          99        -66.6134255992       29.0634792426      -37.5499463565      -40.9076881506                    18.7
         100        -67.9986124796       28.7493867629      -39.2492257167      -40.9076881506                    18.9
         101        -67.9986124796       28.7493872086      -39.2492252709      -39.2492257167                    19.1
         102        -69.5916675581       29.0661656625      -40.5255018956      -39.2492252709                    19.3
         103        -.250736528639       29.1982731800       28.9475366513      -40.5255018956                    19.5
         104        -69.5916675581       29.0661661067      -40.5255014513      -40.5255018956                    19.7
         105        -68.2308470318       29.2207762312      -39.0100708007      -40.5255014513                    19.9
         106        -69.6120126778       28.7043240522      -40.9076886256      -40.5255014513                    20.1
         107        -63.8399036996       29.5438036438      -34.2961000558      -40.9076886256                    20.3
         108        -69.6120126778       28.7043241522      -40.9076885256      -40.9076886256                    20.5
         109        -65.6381366406       28.9663073127      -36.6718293279      -40.9076885256                    20.7
         110        -66.6134255992       29.0634789637      -37.5499466355      -40.9076885256                    20.9
         111        -68.9643591685       29.0315930969      -39.9327660715      -40.9076885256                    21.1
         112        -66.6134255992       29.0634791783      -37.5499464208      -40.9076885256                    21.3
         113         67.3647460292       30.9644660196       98.3292120488      -40.9076885256                    21.6
         114        -68.6579789913       28.7888154843      -39.8691635071      -40.9076885256                    21.7
         115        -69.6120126778       28.7043246986      -40.9076879793      -40.9076885256                    21.9
         116        -67.9986124796       28.7493874338      -39.2492250458      -40.9076879793                    22.1
         117        -69.5916675581       29.0661656923      -40.5255018657      -39.2492250458                    22.3
         118        -69.5916675581       29.0661664462      -40.5255011118      -40.5255018657                    22.5
         119        -69.5916675581       29.0661660233      -40.5255015348      -40.5255011118                    22.7
         120        -69.5916675581       29.0661660868      -40.5255014712      -40.5255015348                    22.9
         121        -68.6475395902       29.1232068089      -39.5243327813      -40.5255014712                    23.1
         122        -65.6598496363       29.1321129586      -36.5277366777      -39.5243327813                    23.3
         123        -67.8624502301       29.0887126516      -38.7737375785      -39.5243327813                    23.5
         124        -68.6475395902       29.1232057955      -39.5243337947      -39.5243327813                    23.7
         125        -68.6475395902       29.1232067546      -39.5243328356      -39.5243337947                    23.9
         126        -67.8624502301       29.0887135251      -38.7737367049      -39.5243328356                    24.0
         127        -68.4130325369       29.2614383468      -39.1515941902      -39.5243328356                    24.2
         128        -68.4130325369       29.2614384237      -39.1515941132      -39.1515941902                    24.4
         129        -64.5093934395       28.9419032613      -35.5674901782      -39.1515941132                    24.6
         130        -69.5669823068       29.7590133563      -39.8079689506      -39.1515941132                    24.8
         131        -69.6120126778       28.7043240572      -40.9076886206      -39.8079689506                    25.0
         132        -68.0589222650       29.4653254941      -38.5935967709      -40.9076886206                    25.2
         133        -69.5916675581       29.0661659780      -40.5255015801      -40.9076886206                    25.4
         134        -68.6475395902       29.1232054961      -39.5243340941      -40.5255015801                    25.6
         135        -67.8624502301       29.0887136567      -38.7737365733      -39.5243340941                    25.7
         136        -66.6522868908       29.2567227202      -37.3955641706      -38.7737365733                    25.9
         137        -64.8092092405       29.0684699901      -35.7407392504      -38.7737365733                    26.1
         138        -68.6579789913       28.7888154229      -39.8691635685      -38.7737365733                    26.3
         139        -68.6475395902       29.1232075929      -39.5243319974      -39.8691635685                    26.5
         140        -68.6475395902       29.1232062142      -39.5243333761      -39.5243319974                    26.6
         141        -67.3651130300       29.5240849632      -37.8410280668      -39.5243333761                    26.8
         142        -65.5069059284       29.0171992716      -36.4897066568      -39.5243333761                    27.0
         143        -68.6475395902       29.1232057846      -39.5243338056      -39.5243333761                    27.2
         144        -68.4130325369       29.2614388992      -39.1515936377      -39.5243338056                    27.4
         145        -65.7648413469       29.6722336228      -36.0926077241      -39.5243338056                    27.6
         146        -68.6475395902       29.1232060114      -39.5243335788      -39.5243338056                    27.7
         147        -68.6475395902       29.1232060686      -39.5243335216      -39.5243335788                    27.9
         148         67.7923935512       31.0082692085       98.8006627597      -39.5243335216                    28.1
         149        -65.6381366406       28.9663756316      -36.6717610090      -39.5243335216                    28.3
         150        -68.6579789913       28.7888153183      -39.8691636730      -39.5243335216                    28.5
         151        -69.5669823068       29.7590134074      -39.8079688995      -39.8691636730                    28.7
         152        -69.5669823068       29.7590139330      -39.8079683739      -39.8079688995                    28.8
         153        -66.8267632667       28.9919133363      -37.8348499304      -39.8079683739                    29.0
         154        -65.4434060890       29.2122216987      -36.2311843903      -39.8079683739                    29.2
         155         67.8986493528       31.4065104998       99.3051598526      -39.8079683739                    29.4
         156        -69.5669863232       29.7590139048      -39.8079724184      -39.8079683739                    29.6
         157        -68.4130363329       29.2614388022      -39.1515975307      -39.8079724184                    29.8
         158        -68.4130363329       29.2614382903      -39.1515980427      -39.1515975307                    30.0
         159        -68.4130363329       29.2614386476      -39.1515976853      -39.1515980427                    30.2
         160        -65.4434101623       29.2122224581      -36.2311877042      -39.1515976853                    30.4
         161        -69.5669863232       29.7590135829      -39.8079727403      -39.1515976853                    30.6
         162        -69.5669863232       29.7590134976      -39.8079728256      -39.8079727403                    30.7
         163        -68.1013807218       30.5375296761      -37.5638510457      -39.8079728256                    30.9
         164        -68.4130363329       29.2614381516      -39.1515981814      -39.8079728256                    31.1
         165        -68.0589261617       29.4653252629      -38.5936008988      -39.8079728256                    31.3
         166        -69.5669863232       29.7590134845      -39.8079728386      -39.8079728256                    31.5
         167        -69.5669863232       29.7590136889      -39.8079726343      -39.8079728386                    31.7
         168        -68.4130363329       29.2614384016      -39.1515979313      -39.8079726343                    31.9
         169        -68.4130363329       29.2614379122      -39.1515984207      -39.1515979313                    32.1
         170         68.3248099060       30.9085396305       99.2333495365      -39.1515984207                    32.3
         171        -68.4130363329       29.2614380177      -39.1515983153      -39.1515984207                    32.5
         172        -68.4130363329       29.2614382659      -39.1515980670      -39.1515983153                    32.6
         173        -69.2929915551       29.0347079368      -40.2582836184      -39.1515980670                    32.8
         174        -69.2929915551       29.0347070602      -40.2582844950      -40.2582836184                    33.0
         175        -69.2929915551       29.0347074847      -40.2582840705      -40.2582844950                    33.2
         176        -66.3037505256       29.0366677524      -37.2670827732      -40.2582840705                    33.4
         177        -69.2929915551       29.0347072225      -40.2582843327      -40.2582840705                    33.6
         178        -69.2929915551       29.0347077267      -40.2582838285      -40.2582843327                    33.7
         179         76.2253474693       29.4720792047       105.697426674      -40.2582838285                    33.9
         180        -69.2929915551       29.0347070629      -40.2582844922      -40.2582838285                    34.1
         181        -69.2929915551       29.0347072466      -40.2582843085      -40.2582844922                    34.3
         182        -69.2929877793       29.0347085255      -40.2582792538      -40.2582843085                    34.5
         183        -69.2929877793       29.0347077191      -40.2582800602      -40.2582792538                    34.6
         184        -68.3766045436       29.1413042827      -39.2353002609      -40.2582800602                    34.9
         185        -69.1380310770       29.0627400964      -40.0752909806      -40.2582800602                    35.0
         186        -69.1380310770       29.0627399274      -40.0752911496      -40.0752909806                    35.2
         187        -66.0849567311       29.3589095547      -36.7260471764      -40.0752911496                    35.4
         188        -66.1330993644       29.0571494243      -37.0759499401      -40.0752911496                    35.6
         189        -65.3213672603       28.9902303262      -36.3311369341      -40.0752911496                    35.8
         190        -69.1380310770       29.0627414471      -40.0752896298      -40.0752911496                    36.0
         191        -69.2016638407       28.7415827913      -40.4600810495      -40.0752896298                    36.2
         192        -69.2016638407       28.7415836392      -40.4600802015      -40.4600810495                    36.4
         193        -69.2016638407       28.7415864772      -40.4600773636      -40.4600802015                    36.6
         194        -69.2016638407       28.7415835379      -40.4600803029      -40.4600773636                    36.8
         195        -69.1380310770       29.0627404658      -40.0752906112      -40.4600803029                    36.9
         196        -70.1327387382       28.7468831149      -41.3858556233      -40.0752906112                    37.1
         197        -70.1327387382       28.7468790543      -41.3858596839      -41.3858556233                    37.3
         198        -70.1327387382       28.7468825511      -41.3858561870      -41.3858596839                    37.5
         199        -70.1327387382       28.7468830946      -41.3858556436      -41.3858561870                    37.7
         200        -70.1327387382       28.7468825505      -41.3858561877      -41.3858556436                    37.9
         201        -70.1327387382       28.7468830703      -41.3858556679      -41.3858561877                    38.0
         202        -69.1822354596       28.8209401446      -40.3612953150      -41.3858556679                    38.2
         203        -68.7127198951       28.6984961751      -40.0142237200      -41.3858556679                    38.4
         204        -68.6579789913       28.7888157536      -39.8691632377      -41.3858556679                    38.6
         205        -68.6579789913       28.7888158213      -39.8691631700      -39.8691632377                    38.8
         206        -68.6579789913       28.7888156457      -39.8691633457      -39.8691631700                    39.0
         207        -68.6579789913       28.7888157296      -39.8691632617      -39.8691633457                    39.2
         208        -64.6996577952       29.7081584196      -34.9914993756      -39.8691632617                    39.4
         209        -67.4231730207       29.2849996766      -38.1381733441      -39.8691632617                    39.5
         210        -68.6579789913       28.7888158904      -39.8691631009      -39.8691632617                    39.7
         211        -65.6598496363       29.1321127073      -36.5277369291      -39.8691631009                    39.9
         212        -68.6579789913       28.7888153571      -39.8691636343      -39.8691631009                    40.1
         213        -68.6579789913       28.7888158810      -39.8691631103      -39.8691636343                    40.3
         214        -68.1013767783       30.5375286599      -37.5638481184      -39.8691631103                    40.5
         215        -68.6579789913       28.7888152057      -39.8691637856      -39.8691631103                    40.7
         216        -68.6475395902       29.1232060305      -39.5243335597      -39.8691637856                    40.9
         217        -64.9710280798       28.4940453984      -36.4769826814      -39.8691637856                    41.1
         218        -68.6579789913       28.7888157393      -39.8691632521      -39.8691637856                    41.3
         219        -63.9051754970       28.8086361584      -35.0965393386      -39.8691632521                    41.5
         220        -68.6579789913       28.7888156704      -39.8691633210      -39.8691632521                    41.7
         221        -65.6598496363       29.1321118834      -36.5277377530      -39.8691633210                    41.9
         222        -68.6579789913       28.7888160081      -39.8691629833      -39.8691633210                    42.0
         223         55.0010657706       29.6470884854       84.6481542561      -39.8691629833                    42.2
         224        -68.6579789913       28.7888156833      -39.8691633080      -39.8691629833                    42.4
         225        -68.0589222650       29.4653243501      -38.5935979149      -39.8691633080                    42.6
         226        -68.3336887924       28.6574305560      -39.6762582364      -39.8691633080                    42.8
         227        -64.3391637735       29.0846363498      -35.2545274237      -39.6762582364                    43.0
         228        -68.3336887924       28.6574302271      -39.6762585653      -39.6762582364                    43.2
         229        -64.3391637735       29.0846364655      -35.2545273080      -39.6762585653                    43.3
         230        -66.8539047620       28.8772057310      -37.9766990310      -39.6762585653                    43.5
         231        -68.3336887924       28.6574295712      -39.6762592212      -39.6762585653                    43.7
         232        -65.3582798876       29.1539481514      -36.2043317362      -39.6762592212                    43.9
         233        -67.4990489361       29.0564019767      -38.4426469594      -39.6762592212                    44.1
         234        -66.8539047620       28.8772058570      -37.9766989050      -39.6762592212                    44.3
         235        -68.3336887924       28.6574303685      -39.6762584239      -39.6762592212                    44.5
         236        -69.1822354596       28.8209406852      -40.3612947744      -39.6762584239                    44.7
         237        -69.1822354596       28.8209409644      -40.3612944952      -40.3612947744                    44.9
         238        -68.5011813878       28.9921685344      -39.5090128534      -40.3612944952                    45.1
         239        -69.5669823068       29.7590144201      -39.8079678868      -40.3612944952                    45.3
         240        -69.5669823068       29.7590137736      -39.8079685333      -39.8079678868                    45.4
         241        -65.3017012469       29.4271112340      -35.8745900129      -39.8079685333                    45.6
         242        -68.4130325369       29.2614386609      -39.1515938760      -39.8079685333                    45.8
         243        -64.5987535972       29.2073886577      -35.3913649395      -39.8079685333                    46.0
         244        -64.5987535972       29.2073887661      -35.3913648312      -39.8079685333                    46.2
         245        -69.5669823068       29.7590136843      -39.8079686225      -39.8079685333                    46.4
         246        -69.5669823068       29.7590137115      -39.8079685953      -39.8079686225                    46.6
         247        -66.8267632667       28.9919131319      -37.8348501348      -39.8079685953                    46.7
         248        -69.5669823068       29.7590130729      -39.8079692339      -39.8079685953                    46.9
         249        -69.5669823068       29.7590132712      -39.8079690356      -39.8079692339                    47.1
         250        -69.5669823068       29.7590138972      -39.8079684097      -39.8079690356                    47.3
         251        -69.5669823068       29.7590135481      -39.8079687587      -39.8079684097                    47.5
         252        -69.5669823068       29.7590133615      -39.8079689453      -39.8079687587                    47.7
         253        -68.4130325369       29.2614382128      -39.1515943241      -39.8079689453                    47.9
         254        -68.4130333668       29.2614384462      -39.1515949207      -39.1515943241                    48.1
         255        -68.4130333668       29.2614382300      -39.1515951369      -39.1515949207                    48.2
         256        -69.5669823068       29.7590133435      -39.8079689633      -39.1515951369                    48.4
         257        -69.6120126778       28.7043245133      -40.9076881645      -39.8079689633                    48.6
         258        -69.6120126778       28.7043239834      -40.9076886944      -40.9076881645                    48.8
         259        -69.6120126778       28.7043238992      -40.9076887786      -40.9076886944                    49.0
         260        -68.6579789913       28.7888145092      -39.8691644822      -40.9076887786                    49.2
         261        -69.6120126778       28.7043238796      -40.9076887983      -40.9076887786                    49.3
         262        -69.6120126778       28.7043240475      -40.9076886303      -40.9076887983                    49.5
         263        -69.6120126778       28.7043239967      -40.9076886811      -40.9076886303                    49.7
         264        -69.6120126778       28.7043243379      -40.9076883399      -40.9076886811                    49.9
         265        -68.9643591685       29.0315921702      -39.9327669982      -40.9076883399                    50.1
         266        -68.7907724969       29.1411798180      -39.6495926789      -40.9076883399                    50.3
         267        -69.6120126778       28.7043246141      -40.9076880637      -40.9076883399                    50.5
         268        -69.6120126778       28.7043244046      -40.9076882732      -40.9076880637                    50.7
         269        -69.5916675581       29.0661655007      -40.5255020574      -40.9076882732                    50.9
         270        -69.6379531107       31.0241963202      -38.6137567906      -40.9076882732                    51.0
         271        -69.6120126778       28.7043243562      -40.9076883217      -40.9076882732                    51.2
         272        -69.6120126778       28.7043234822      -40.9076891956      -40.9076883217                    51.4
         273        -69.6120126778       28.7043242920      -40.9076883858      -40.9076891956                    51.6
         274        -69.6120126778       28.7043242869      -40.9076883909      -40.9076883858                    51.8
         275        -67.5590667910       29.0239004696      -38.5351663214      -40.9076883909                    52.0
         276        -69.5916675581       29.0661659801      -40.5255015779      -40.9076883909                    52.2
         277        -69.5916675581       29.0661662480      -40.5255013100      -40.5255015779                    52.4
         278        -67.3651130300       29.5240847331      -37.8410282969      -40.5255013100                    52.6
         279        -67.9986124796       28.7493873431      -39.2492251365      -40.5255013100                    52.7
         280        -69.5916675581       29.0661661081      -40.5255014500      -39.2492251365                    52.9
         281        -69.5916675581       29.0661655878      -40.5255019703      -40.5255014500                    53.1
         282        -69.5916675581       29.0661657133      -40.5255018448      -40.5255019703                    53.3
         283        -69.5916675581       29.0661657927      -40.5255017654      -40.5255018448                    53.5
         284        -69.5916675581       29.0661653535      -40.5255022045      -40.5255017654                    53.7
         285        -69.5916675581       29.0661661685      -40.5255013896      -40.5255022045                    53.9
         286        -69.5916675581       29.0661660803      -40.5255014778      -40.5255013896                    54.0
         287        -69.5916675581       29.0661663489      -40.5255012091      -40.5255014778                    54.2
         288        -67.4231730207       29.2849999157      -38.1381731049      -40.5255012091                    54.4
         289        -68.4130325369       29.2614382124      -39.1515943245      -40.5255012091                    54.6
         290        -68.8091816113       29.0337077973      -39.7754738141      -40.5255012091                    54.8
         291        -65.6381366406       28.9663761636      -36.6717604770      -40.5255012091                    55.0
         292        -65.0487068979       29.1973026128      -35.8514042851      -40.5255012091                    55.2
         293        -62.1247046509       29.8607685098      -32.2639361411      -40.5255012091                    55.3
         294        -67.3651130300       29.5240856716      -37.8410273584      -40.5255012091                    55.5
         295        -68.9295673196       29.5248786540      -39.4046886656      -40.5255012091                    55.7
         296        -68.6340137020       29.3311905523      -39.3028231498      -40.5255012091                    55.9
         297        -63.4935312624       29.5000295416      -33.9935017209      -40.5255012091                    56.1
         298        -69.5916675581       29.0661655937      -40.5255019644      -40.5255012091                    56.3
         299        -67.9986124796       28.7493870526      -39.2492254269      -40.5255019644                    56.5
         300        -67.9331817828       28.8519220190      -39.0812597638      -39.2492254269                    56.6
         301        -68.8091816113       29.0337073790      -39.7754742323      -39.2492254269                    56.8
         302        -65.7971583959       28.6786188914      -37.1185395045      -39.7754742323                    57.0
         303        -67.8624502301       29.0887129700      -38.7737372600      -39.7754742323                    57.2
         304        -69.5916675581       29.0661650188      -40.5255025393      -39.7754742323                    57.4
         305        -69.5916675581       29.0661660064      -40.5255015517      -40.5255025393                    57.6
         306        -62.9916387241       29.3203101580      -33.6713285661      -40.5255015517                    57.8
         307        -66.0149984876       29.5493373154      -36.4656611722      -40.5255015517                    58.0
         308        -68.8091816113       29.0337071295      -39.7754744818      -40.5255015517                    58.2
         309        -68.8091816113       29.0337080433      -39.7754735681      -39.7754744818                    58.4
         310        -65.7529859232       29.0131974666      -36.7397884566      -39.7754735681                    58.5
         311        -68.8091816113       29.0337079647      -39.7754736466      -39.7754735681                    58.7
         312        -68.8091816113       29.0337075927      -39.7754740187      -39.7754736466                    58.9
         313        -65.6381366406       28.9663748275      -36.6717618131      -39.7754740187                    59.1
         314        -68.6579789913       28.7888159579      -39.8691630335      -39.7754740187                    59.3
         315        -65.6598496363       29.1321120303      -36.5277376060      -39.8691630335                    59.5
         316        -68.6579789913       28.7888155906      -39.8691634008      -39.8691630335                    59.7
         317        -67.8624502301       29.0887137908      -38.7737364393      -39.8691634008                    59.9
         318        -67.8624502301       29.0887140813      -38.7737361488      -38.7737364393                    60.0
         319        -66.6134255992       29.0634789180      -37.5499466811      -38.7737361488                    60.2
         320        -67.8624502301       29.0887136256      -38.7737366044      -38.7737361488                    60.4
         321        -64.8092092405       29.0684696091      -35.7407396314      -38.7737366044                    60.6
         322        -67.8624502301       29.0887128451      -38.7737373850      -38.7737366044                    60.8
         323        -66.6134255992       29.0634782648      -37.5499473344      -38.7737373850                    61.0
         324        -67.8624502301       29.0887133769      -38.7737368532      -38.7737373850                    61.2
         325        -68.8091816113       29.0337081356      -39.7754734757      -38.7737368532                    61.4
         326        -68.8091816113       29.0337086032      -39.7754730082      -39.7754734757                    61.6
         327        -67.6459125049       29.2299102383      -38.4160022665      -39.7754730082                    61.8
         328        -68.8091816113       29.0337081800      -39.7754734313      -39.7754730082                    62.0
         329        -68.8091816113       29.0337081971      -39.7754734142      -39.7754734313                    62.2
         330        -66.5832099164       29.5022210972      -37.0809888192      -39.7754734142                    62.4
         331         66.8328013151       30.9292934649       97.7620947800      -39.7754734142                    62.6
         332        -67.9986124796       28.7493866829      -39.2492257966      -39.7754734142                    62.8
         333        -69.5916675581       29.0661654214      -40.5255021367      -39.2492257966                    63.0
         334        -69.5916675581       29.0661650510      -40.5255025071      -40.5255021367                    63.2
         335        -68.8091816113       29.0337076301      -39.7754739812      -40.5255025071                    63.3
         336        -65.7529859232       29.0131972183      -36.7397887049      -39.7754739812                    63.5
         337        -68.8091816113       29.0337081599      -39.7754734514      -39.7754739812                    63.7
         338        -67.9638980201       29.5826919198      -38.3812061003      -39.7754734514                    63.9
         339         70.3791543532       31.2901431950       101.669297548      -39.7754734514                    64.1
         340        -68.8091816113       29.0337083069      -39.7754733044      -39.7754734514                    64.3
         341        -68.8091816113       29.0337083726      -39.7754732388      -39.7754733044                    64.5
         342        -67.8166933952       29.3386191974      -38.4780741978      -39.7754732388                    64.7
         343        -68.8091816113       29.0337071681      -39.7754744433      -39.7754732388                    64.9
         344        -68.8091816113       29.0337083339      -39.7754732774      -39.7754744433                    65.1
         345        -69.6120126778       28.7043236205      -40.9076890573      -39.7754732774                    65.3
         346        -68.4130333668       29.2614380653      -39.1515953015      -40.9076890573                    65.5
         347        -69.6120165536       28.7043237417      -40.9076928119      -40.9076890573                    65.7
         348        -69.6120165536       28.7043240815      -40.9076924722      -40.9076928119                    65.9
         349        -69.6120165536       28.7043244336      -40.9076921200      -40.9076924722                    66.1
         350        -69.6120126778       28.7043237770      -40.9076889008      -40.9076921200                    66.3
         351        -69.6120126778       28.7043246757      -40.9076880021      -40.9076889008                    66.5
         352        -65.6381366406       28.9663759970      -36.6717606435      -40.9076880021                    66.7
         353        -69.6120126778       28.7043242383      -40.9076884395      -40.9076880021                    66.9
         354        -69.6120126778       28.7043242686      -40.9076884092      -40.9076884395                    67.1
         355        -69.6120126778       28.7043240200      -40.9076886578      -40.9076884092                    67.3
         356         54.0162787453       29.6252779465       83.6415566917      -40.9076886578                    67.5
         357        -64.3909647977       29.5040929921      -34.8868718056      -40.9076886578                    67.7
         358        -69.0291424615       29.2523089470      -39.7768335145      -40.9076886578                    67.8
         359        -68.8091816113       29.0337075713      -39.7754740400      -40.9076886578                    68.0
         360        -65.6381366406       28.9663759231      -36.6717607174      -40.9076886578                    68.2
         361         67.3647460292       30.9644668825       98.3292129116      -40.9076886578                    68.4
         362        -69.6120126778       28.7043242369      -40.9076884409      -40.9076886578                    68.6
         363        -68.0589222650       29.4653252427      -38.5935970224      -40.9076884409                    68.8
         364        -69.6120126778       28.7043239506      -40.9076887272      -40.9076884409                    69.0
         365        -64.2631276206       29.1400827974      -35.1230448232      -40.9076887272                    69.2
         366        -69.6120126778       28.7043246440      -40.9076880338      -40.9076887272                    69.4
         367        -69.5669823068       29.7590136253      -39.8079686815      -40.9076880338                    69.6
         368        -69.5669823068       29.7590130227      -39.8079692841      -39.8079686815                    69.8
         369         67.1227542693       29.7646647524       96.8874190216      -39.8079692841                    70.0
         370        -66.6293215505       29.4210882492      -37.2082333013      -39.8079692841                    70.2
         371        -69.5669823068       29.7590137473      -39.8079685595      -39.8079692841                    70.4
         372        -66.8267644114       28.9919133043      -37.8348511070      -39.8079685595                    70.7
         373        -67.6459133485       29.2299099468      -38.4160034016      -39.8079685595                    70.9
         374        -68.9376266368       29.1816208027      -39.7560058342      -39.8079685595                    71.1
         375        -62.9251493245       29.5653962058      -33.3597531187      -39.7560058342                    71.3
         376        -65.0679793960       29.1515790996      -35.9164002964      -39.7560058342                    71.5
         377        -69.6379531107       31.0241963436      -38.6137567671      -39.7560058342                    71.7
         378        -68.9376277358       29.1816206109      -39.7560071250      -39.7560058342                    71.9
         379        -68.9376277358       29.1816209156      -39.7560068202      -39.7560071250                    72.1
         380        -68.9376277358       29.1816207927      -39.7560069431      -39.7560068202                    72.3
         381        -68.9643601384       29.0315938556      -39.9327662827      -39.7560069431                    72.5
         382        -68.0589232465       29.4653248841      -38.5935983624      -39.9327662827                    72.8
         383        -69.6120136548       28.7043246264      -40.9076890284      -38.5935983624                    73.0
         384        -66.6134264577       29.0634785688      -37.5499478889      -40.9076890284                    73.2
         385        -69.6120136548       28.7043245342      -40.9076891206      -40.9076890284                    73.4
         386         69.7254721219       31.1136177005       100.839089822      -40.9076891206                    73.6
         387        -69.6120136548       28.7043240825      -40.9076895723      -40.9076891206                    73.8
         388        -69.6120136548       28.7043244229      -40.9076892319      -40.9076895723                    74.0
         389        -66.6134264577       29.0634787847      -37.5499476730      -40.9076892319                    74.2
         390        -69.1822364623       28.8209405489      -40.3612959134      -40.9076892319                    74.4
         391        -69.6120136548       28.7043246452      -40.9076890096      -40.9076892319                    74.6
         392        -68.2129918421       29.1865338094      -39.0264580326      -40.9076890096                    74.8
         393        -68.9643601384       29.0315935088      -39.9327666295      -39.0264580326                    75.0
         394        -69.6120136548       28.7043246407      -40.9076890141      -39.9327666295                    75.3
         395        -69.6120136548       28.7043250640      -40.9076885908      -40.9076890141                    75.5
         396        -69.6120136548       28.7043248388      -40.9076888160      -40.9076885908                    75.8
         397        -69.1822364623       28.8209407444      -40.3612957179      -40.9076888160                    76.0
         398        -67.7067254281       29.4472657767      -38.2594596515      -40.3612957179                    76.2
         399        -69.1822364623       28.8209410413      -40.3612954210      -40.3612957179                    76.4
         400        -67.3170607893       29.1454043075      -38.1716564817      -40.3612954210                    76.7
         401        -69.1822364623       28.8209404120      -40.3612960503      -40.3612954210                    76.9
         402        -69.1822364623       28.8209412221      -40.3612952402      -40.3612960503                    77.1
         403        -69.2016648698       28.7415835538      -40.4600813160      -40.3612952402                    77.3
         404        -69.2016648698       28.7415833586      -40.4600815111      -40.4600813160                    77.5
         405        -57.6707743737       30.4761706164      -27.1946037573      -40.4600815111                    77.7
         406        -69.1380319453       29.0627403624      -40.0752915829      -40.4600815111                    77.9
         407        -68.6094880600       29.1503903434      -39.4590977165      -40.0752915829                    78.1
         408        -64.6020229446       29.0886824348      -35.5133405098      -39.4590977165                    78.4
         409        -69.5914273426       29.0189108520      -40.5725164906      -39.4590977165                    78.6
         410        -69.5914273426       29.0189100665      -40.5725172761      -40.5725164906                    78.8
         411        -69.1822364623       28.8209409685      -40.3612954938      -40.5725172761                    79.0
         412        -66.4695800179       28.5273137566      -37.9422662614      -40.5725172761                    79.2
         413        -66.2052703364       29.5075058229      -36.6977645136      -40.5725172761                    79.4
         414        -69.4543332760       28.8211896450      -40.6331436310      -40.5725172761                    79.6
         415        -69.4543332760       28.8211891063      -40.6331441697      -40.6331436310                    79.8
         416        -65.2364729903       29.3529508259      -35.8835221644      -40.6331441697                    80.1
         417        -66.5953699102       29.0276431648      -37.5677267454      -40.6331441697                    80.3
         418        -69.4543321675       28.8211892510      -40.6331429165      -40.6331441697                    80.5
         419        -69.4543321675       28.8211892794      -40.6331428881      -40.6331429165                    80.7
         420        -65.1418399652       28.5914119702      -36.5504279950      -40.6331428881                    80.9
         421         3.72667876314       28.8401629619       32.5668417250      -40.6331428881                    81.1
         422        -69.4543321675       28.8211889135      -40.6331432540      -40.6331428881                    81.3
         423        -69.5669863232       29.7590137907      -39.8079725325      -40.6331432540                    81.5
         424        -68.3336887924       28.6574302242      -39.6762585681      -40.6331432540                    81.7
         425        -66.8539047620       28.8772060074      -37.9766987546      -39.6762585681                    81.9
         426        -68.3336887924       28.6574308647      -39.6762579277      -37.9766987546                    82.1
         427        -68.9315619280       29.7919247541      -39.1396371739      -39.6762579277                    82.3
         428        -69.1822354596       28.8209407474      -40.3612947122      -39.1396371739                    82.6
         429        -67.7367044429       28.7833616604      -38.9533427825      -40.3612947122                    82.7
         430        -67.7367044429       28.7833622432      -38.9533421997      -38.9533427825                    82.9
         431        -66.8907302235       29.0958198557      -37.7949103677      -38.9533421997                    83.2
         432        -69.2016648698       28.7415839202      -40.4600809495      -38.9533421997                    83.4
         433        -69.2016648698       28.7415839005      -40.4600809693      -40.4600809495                    83.6
         434        -69.2016648698       28.7415833570      -40.4600815128      -40.4600809693                    83.8
         435        -67.6400300907       28.7688073177      -38.8712227730      -40.4600815128                    84.0
         436        -69.2016648698       28.7415836026      -40.4600812672      -40.4600815128                    84.2
         437        -66.6080098796       28.7322671525      -37.8757427271      -40.4600812672                    84.4
         438         4.45439483548       28.5213835872       32.9757784227      -40.4600812672                    84.6
         439        -65.6246253679       29.1553490458      -36.4692763221      -40.4600812672                    84.9
         440        -69.4650422066       28.9043975468      -40.5606446598      -40.4600812672                    85.1
         441         2.87054769956       29.0340566240       31.9046043236      -40.5606446598                    85.3
         442        -69.4650422066       28.9043982787      -40.5606439280      -40.5606446598                    85.5
         443        -70.2598229122       28.9476940837      -41.3121288285      -40.5606439280                    85.7
         444        -68.6402086800       28.6011321198      -40.0390765601      -41.3121288285                    85.9
         445        -70.1327397475       28.7468952301      -41.3858445173      -41.3121288285                    86.1
         446        -70.1327397475       28.7468829426      -41.3858568049      -41.3858445173                    86.3
         447        -67.2676083733       28.9525432765      -38.3150650967      -41.3858568049                    86.5
         448        -70.1327397475       28.7468830797      -41.3858566678      -41.3858568049                    86.7
         449        -67.6487513928       28.0556706832      -39.5930807096      -41.3858566678                    86.9
         450        -70.1327397475       28.7468827407      -41.3858570067      -41.3858566678                    87.1
         451        -70.1327397475       28.7468477821      -41.3858919653      -41.3858570067                    87.2
         452         66.1501440650       29.8371584992       95.9873025643      -41.3858919653                    87.5
         453        -66.0192555349       29.1889316778      -36.8303238571      -41.3858919653                    87.7
         454        -65.0874099202       29.3752144091      -35.7121955111      -41.3858919653                    87.8
         455        -70.1327397475       28.7468832921      -41.3858564553      -41.3858919653                    88.0
         456        -67.8178605084       29.0428432540      -38.7750172544      -41.3858564553                    88.2
         457        -68.7127209065       28.6984853794      -40.0142355271      -41.3858564553                    88.4
         458        -67.3651138398       29.5240849881      -37.8410288516      -40.0142355271                    88.6
         459        -70.1327397475       28.7468830183      -41.3858567291      -40.0142355271                    88.8
         460        -63.5948764330       28.4902690909      -35.1046073421      -41.3858567291                    89.0
         461        -70.1327397475       28.7468833113      -41.3858564362      -41.3858567291                    89.2
         462        -63.0914992517       28.3891095183      -34.7023897334      -41.3858564362                    89.5
         463        -69.4650422066       28.9043979949      -40.5606442118      -41.3858564362                    89.7
         464        -69.4543332760       28.8211895476      -40.6331437284      -41.3858564362                    89.9
         465        -66.0192588062       29.1889310224      -36.8303277838      -41.3858564362                    90.1
         466        -70.1327397475       28.7468836371      -41.3858561104      -41.3858564362                    90.2
         467        -69.5916683625       29.0661663576      -40.5255020049      -41.3858561104                    90.5
         468        -69.4543361545       28.8211889919      -40.6331471626      -41.3858561104                    90.7
         469        -69.4543332760       28.8211890669      -40.6331442091      -40.6331471626                    90.9
         470        -66.4695800179       28.5273144297      -37.9422655882      -40.6331442091                    91.1
         471        -68.7905044486       28.9743634916      -39.8161409570      -40.6331442091                    91.3
         472        -63.6154580374       28.7457824994      -34.8696755380      -40.6331442091                    91.5
         473        -70.1327397475       28.7468826332      -41.3858571142      -40.6331442091                    91.7
         474        -69.3719504999       28.8227391951      -40.5492113048      -41.3858571142                    91.9
         475        -69.2016648698       28.7415830084      -40.4600818614      -41.3858571142                    92.1
         476        -70.1327397475       28.7468831494      -41.3858565981      -41.3858571142                    92.2
         477        -70.1327397475       28.7468830471      -41.3858567003      -41.3858565981                    92.4
         478        -68.7127209065       28.6984857491      -40.0142351574      -41.3858567003                    92.6
         479        -68.7123232631       28.9691377729      -39.7431854902      -41.3858567003                    92.8
         480        -69.2016648698       28.7415831912      -40.4600816786      -41.3858567003                    93.0
         481        -69.2016648698       28.7415834338      -40.4600814360      -40.4600816786                    93.2
         482        -65.1294025607       28.9860673784      -36.1433351823      -40.4600814360                    93.4
         483        -68.4692410313       28.9632805983      -39.5059604330      -40.4600814360                    93.6
         484        -69.2016648698       28.7415835401      -40.4600813296      -39.5059604330                    93.8
         485        -69.2016677798       28.7415833372      -40.4600844426      -40.4600813296                    94.0
         486        -69.2016648698       28.7415836380      -40.4600812317      -40.4600844426                    94.2
         487        -69.2016648698       28.7415838976      -40.4600809722      -40.4600812317                    94.4
         488        -68.0632459323       29.5449268903      -38.5183190419      -40.4600809722                    94.6
         489        -69.2016638407       28.7415834373      -40.4600804034      -40.4600809722                    94.8
         490        -69.2016638407       28.7415832813      -40.4600805595      -40.4600804034                    95.0
         491        -65.6644932455       30.1748539782      -35.4896392673      -40.4600805595                    95.2
         492        -67.2018624953       28.1877193397      -39.0141431556      -40.4600805595                    95.4
         493        -65.1294016545       28.9860671046      -36.1433345499      -40.4600805595                    95.6
         494        -66.7508268552       29.6805753956      -37.0702514596      -40.4600805595                    95.8
         495        -69.2016638407       28.7415831005      -40.4600807402      -40.4600805595                    96.0
         496        -69.2016638407       28.7415833521      -40.4600804887      -40.4600807402                    96.2
         497        -69.2016638407       28.7415828006      -40.4600810401      -40.4600804887                    96.4
         498        -69.2016638407       28.7415830223      -40.4600808185      -40.4600810401                    96.6
         499        -66.1330993644       29.0571807458      -37.0759186185      -40.4600808185                    96.8
         500        -61.6944640488       29.3692923254      -32.3251717235      -40.4600808185                    97.0
F          1        -70.1327397475       28.7468607357      -41.3858790117      -40.4600808185                    97.1
F          2        -70.2598229122       28.9476934001      -41.3121295121      -40.4600808185                    97.2
F          3        -69.6120165536       28.7043243314      -40.9076922222      -40.4600808185                    97.3
F          4        -69.4543361545       28.8211893256      -40.6331468289      -40.4600808185                    97.5
F          5        -69.5914273426       29.0189104904      -40.5725168522      -40.4600808185                    97.6
F          6        -69.4650422066       28.9043978270      -40.5606443796      -40.4600808185                    97.7
F          7        -69.3719504999       28.8227391068      -40.5492113931      -40.4600808185                    97.8
F          8        -69.5916713108       29.0661659248      -40.5255053860      -40.4600808185                    97.9
F          9        -69.2016677798       28.7415832737      -40.4600845062      -40.4600808185                    98.1
F         10        -69.1822364623       28.8209408408      -40.3612956215      -40.4600808185                    98.2
F         11        -69.2929915551       29.0347074447      -40.2582841104      -40.4600808185                    98.3
F         12        -69.1380319453       29.0627401438      -40.0752918015      -40.4600808185                    98.4
F         13        -68.6402086800       28.6011318194      -40.0390768605      -40.4600808185                    98.5
F         14        -68.7127209065       28.6984859918      -40.0142349147      -40.4600808185                    98.6
F         15        -68.9643630227       29.0315932481      -39.9327697746      -40.4600808185                    98.7
F         16        -68.6579828763       28.7888156328      -39.8691672435      -40.4600808185                    98.9
F         17        -68.7905044486       28.9743499040      -39.8161545446      -40.4600808185                    99.0
F         18        -69.5669863232       29.7590136748      -39.8079726483      -40.4600808185                    99.1
F         19        -69.0291461938       29.2523074910      -39.7768387028      -40.4600808185                    99.2
F         20        -68.9376277358       29.1816208012      -39.7560069347      -40.4600808185                    99.3
