          45
Energy of minimum      1=     0.000000000     first found at step      196 after                65709 function calls
HH31        2.8767214682       -0.8909614326        3.6642364410
CH3         2.3553733391       -1.6074586829        3.0298851522
HH32        2.7958757429       -2.5952604914        3.1617026261
HH33        1.3034994172       -1.6428609596        3.3117831914
C           2.4752979940       -1.1926783147        1.5756111431
O           3.0840753240       -0.1713367320        1.2600163037
N           1.8756218403       -1.9717779425        0.6777439388
H           1.3653377578       -2.7841195764        1.0007699037
CA          1.9194015287       -1.7495873058       -0.7804442306
HA          2.9577173892       -1.5920988777       -1.0770365430
CB          1.4227027575       -3.0116274715       -1.5062475758
HB2         2.1205519690       -3.8266035716       -1.3037427440
HB3         1.4164378180       -2.8285420411       -2.5826478486
OG          0.1179258456       -3.3969648675       -1.0748201682
HG         -0.1535278610       -4.2070896203       -1.5603603219
C           1.1390089984       -0.5051919905       -1.2564223638
O           1.3319274788       -0.0418201910       -2.3847698275
N           0.3024535437        0.0851609807       -0.3911314515
H           0.1715021067       -0.3630088802        0.5056591537
CA         -0.4140199734        1.3478835226       -0.6389336066
HA         -0.6921759990        1.3948259209       -1.6933598409
CB         -1.7107046426        1.3588870510        0.1962099395
HB2        -2.2092054936        2.3200571340        0.0571638187
HB3        -1.4615125725        1.2548603052        1.2541874312
CG         -2.6900722999        0.2452131269       -0.2127286935
HG2        -2.2337024772       -0.7302392498       -0.0385381981
HG3        -2.9193423036        0.3420522116       -1.2751790432
CD         -3.9922832224        0.3349261347        0.5940253956
HD2        -4.4600740426        1.3054944898        0.4163662685
HD3        -3.7637203737        0.2392421596        1.6575117560
CE         -4.9522676579       -0.7854338092        0.1696085539
HE2        -4.4627382416       -1.7503128255        0.3337035570
HE3        -5.1531984454       -0.6905283113       -0.9019177781
NZ         -6.2312897356       -0.7345030575        0.9276847718
HZ1        -6.8524405889       -1.4776915380        0.6372373392
HZ2        -6.7113261612        0.1422847827        0.7770290740
HZ3        -6.0727172874       -0.8381940430        1.9206424264
C           0.4435336406        2.6086866447       -0.3688601108
O           0.0123466053        3.7249039877       -0.6786410717
N           1.6491207047        2.4501634822        0.1946020745
H           1.9361710155        1.5049289028        0.4160556986
CH3         2.5777363596        3.5314691505        0.5113304854
HH31        2.1139828569        4.2291867992        1.2108241612
HH32        2.8526762044        4.0663608461       -0.3994116865
HH33        3.4799789375        3.1203789559        0.9668619810
          45
Energy of minimum      2=    0.7374949959E-01 first found at step      443 after               152363 function calls
HH31        1.4855609415       -1.4724341999        3.3939054295
CH3         2.4916464142       -1.1871832135        3.0879828899
HH32        3.1566670502       -2.0432879492        3.1974937047
HH33        2.8445851272       -0.3715724774        3.7186793044
C           2.4726732284       -0.7465114297        1.6364500502
O           2.8221039343        0.3897679053        1.3199972912
N           2.0474917025       -1.6396047873        0.7444396099
H           1.8166133029       -2.5691370061        1.0709187367
CA          2.0657200917       -1.4348302158       -0.7181042341
HA          3.0771700422       -1.1600860460       -1.0203572029
CB          1.7074032631       -2.7505676110       -1.4298561018
HB2         0.6674124535       -3.0009670229       -1.2096373558
HB3         1.8075112952       -2.6101151641       -2.5081206317
OG          2.5510275549       -3.8231161676       -1.0124677403
HG          2.3027954698       -4.6372002157       -1.5044871235
C           1.1303379360       -0.3133420495       -1.2190868870
O           1.2762715724        0.1606043806       -2.3492678289
N           0.1918736919        0.1502805480       -0.3815870713
H           0.1164910790       -0.2914697381        0.5253928495
CA         -0.7046178877        1.2836576226       -0.6681217490
HA         -0.9645230660        1.2695060236       -1.7282150217
CB         -2.0048933676        1.1094807371        0.1426070503
HB2        -1.7648550435        1.0597779558        1.2066233861
HB3        -2.6402220299        1.9817977283       -0.0221324077
CG         -2.7957470966       -0.1453818076       -0.2650574290
HG2        -2.2005788409       -1.0377203540       -0.0660690053
HG3        -3.0151050502       -0.0993395508       -1.3329903726
CD         -4.1129107121       -0.2422651147        0.5162984754
HD2        -4.7174817886        0.6443801083        0.3143698919
HD3        -3.8943607027       -0.2879752284        1.5852140964
CE         -4.8853222263       -1.4998166058        0.0931827455
HE2        -4.2606442589       -2.3781349910        0.2826957643
HE3        -5.0758938307       -1.4510883471       -0.9833444451
NZ         -6.1731493835       -1.6305324006        0.8264401539
HZ1        -6.0216613239       -1.6953264466        1.8237984954
HZ2        -6.7756866004       -0.8378014463        0.6520246847
HZ3        -6.6699850368       -2.4624160237        0.5372154082
C          -0.0583810744        2.6664891693       -0.4081237104
O          -0.6455632949        3.6959636622       -0.7591268293
N           1.1393320695        2.7078873079        0.1911421553
H           1.5608078231        1.8229588895        0.4480631164
CH3         1.8815515792        3.9259596692        0.5026968211
HH31        1.2956097153        4.5599554232        1.1704347863
HH32        2.0990957986        4.4757045085       -0.4146860728
HH33        2.8217079781        3.6686256516        0.9929974535
          45
Energy of minimum      3=    0.4781867895     first found at step       13 after                 4616 function calls
HH31       -3.3639716000       -3.0767785346       -2.2710901650
CH3        -3.1344912514       -2.0117790508       -2.2543929022
HH32       -4.0263153369       -1.4450115663       -2.5208453201
HH33       -2.3440496405       -1.8034757822       -2.9747939474
C          -2.6686908694       -1.6188465062       -0.8651747451
O          -3.2714694722       -0.7646362939       -0.2168325623
N          -1.5761451789       -2.2248775154       -0.4047610574
H          -1.1070373270       -2.8990176491       -0.9965058016
CA         -1.0012425195       -2.0015108560        0.9358187236
HA         -1.7994009547       -2.0845712919        1.6753123669
CB          0.0251212010       -3.1054610780        1.2421138343
HB2         0.4691882911       -2.9220650771        2.2225696748
HB3        -0.4957349599       -4.0644016840        1.2782917623
OG          1.0516686486       -3.1682896468        0.2524809853
HG          1.6652694061       -3.9028565017        0.4744637203
C          -0.3706971062       -0.6059810130        1.1307945377
O          -0.1128981927       -0.1900453674        2.2644775530
N          -0.1676324401        0.1512674603        0.0436376135
H          -0.3782422128       -0.2630689737       -0.8545291397
CA          0.3274979162        1.5376804648        0.0589847969
HA          0.9939938059        1.6662775971        0.9128015192
CB          1.1369218551        1.7941618101       -1.2310242933
HB2         0.4561092438        1.7622870076       -2.0837959727
HB3         1.5574292318        2.8004292318       -1.1855028142
CG          2.2884969507        0.8064681852       -1.5019248637
HG2         2.7867074876        1.1159033280       -2.4220075271
HG3         1.8823498188       -0.1927157950       -1.6654628065
CD          3.3297108941        0.7492125042       -0.3738055643
HD2         2.8636980872        0.3674806641        0.5361739068
HD3         3.7145125897        1.7539812427       -0.1877179344
CE          4.4828823244       -0.1803830882       -0.7773142596
HE2         4.0773796291       -1.1768081411       -0.9785187598
HE3         4.9288612860        0.1926052189       -1.7044520852
NZ          5.5234037942       -0.2648940965        0.2826663270
HZ1         6.2753552806       -0.8796670550        0.0010817557
HZ2         5.1393908210       -0.6260436862        1.1452401663
HZ3         5.9257244214        0.6426246715        0.4739873768
C          -0.7912795637        2.5918146069        0.2440357485
O          -0.4976531393        3.7843836557        0.3822362500
N          -2.0640208828        2.1725079140        0.2546555253
H          -2.2246774818        1.1796910553        0.1405603764
CH3        -3.2317756208        3.0335997631        0.4188509057
HH31       -4.1411558031        2.4316330857        0.3838038820
HH32       -3.2657706356        3.7736901250       -0.3825851970
HH33       -3.1842272631        3.5481037707        1.3801995755
          45
Energy of minimum      4=    0.7527321829     first found at step      414 after               141851 function calls
HH31        0.9683191196       -1.6244532823        3.2703963011
CH3         2.0162631232       -1.3342769599        3.2014585086
HH32        2.2277630163       -0.5614780748        3.9401273677
HH33        2.6431812175       -2.2036120026        3.3974441698
C           2.3049061293       -0.8093611305        1.8077384472
O           2.7059949934        0.3411939964        1.6384959228
N           2.0820810074       -1.6433888891        0.7940806360
H           1.7250577500       -2.5692267569        0.9941343866
CA          2.3453250431       -1.3231733189       -0.6221652077
HA          3.3552360583       -0.9181079785       -0.7050296724
CB          2.3006427348       -2.6147880119       -1.4564171699
HB2         3.1185783584       -3.2636710617       -1.1368593309
HB3         2.4530600315       -2.3684745943       -2.5091761457
OG          1.0644613683       -3.3102748496       -1.2976991656
HG          1.0838177342       -4.1265804538       -1.8445470003
C           1.4004762239       -0.2573352748       -1.2181718482
O           1.6893611308        0.3104941179       -2.2760905609
N           0.3016921591        0.0721297463       -0.5243611722
H           0.1123793132       -0.4518781906        0.3192916666
CA         -0.6292570116        1.1551717372       -0.8846965730
HA         -0.7009971918        1.2111084530       -1.9724240781
CB         -2.0290073307        0.8156982099       -0.3325119265
HB2        -1.9682574309        0.7076918969        0.7517150537
HB3        -2.7039025975        1.6439147743       -0.5567479420
CG         -2.6141536125       -0.4653817230       -0.9566360449
HG2        -2.0070376432       -1.3263927805       -0.6735868892
HG3        -2.5847326760       -0.3701464175       -2.0430868273
CD         -4.0693838225       -0.7262639319       -0.5379323246
HD2        -4.4313016885       -1.5957316245       -1.0902066115
HD3        -4.6814002778        0.1342082956       -0.8158707032
CE         -4.2029104978       -0.9951994021        0.9694876007
HE2        -3.8598058422       -0.1148458171        1.5210109885
HE3        -3.5521390926       -1.8336395785        1.2364746796
NZ         -5.6067201387       -1.3076099972        1.3513354647
HZ1        -5.6806705952       -1.4825419649        2.3446325825
HZ2        -5.9424694077       -2.1308184638        0.8700153140
HZ3        -6.2264783889       -0.5406289347        1.1283203442
C          -0.1599109930        2.5551900733       -0.4181233036
O          -0.7766953493        3.5636449973       -0.7790888188
N           0.9212371455        2.6344866268        0.3698022560
H           1.3769741780        1.7657404026        0.6198663874
CH3         1.4917914211        3.8729044393        0.8920395106
HH31        0.7536220582        4.3959689286        1.5025144035
HH32        2.3636150241        3.6457849584        1.5075808068
HH33        1.7985370658        4.5193960719        0.0679552767
          45
Energy of minimum      5=    0.8133621596     first found at step      409 after               140092 function calls
HH31        2.1650745187       -0.2959781721        3.9503167678
CH3         2.1319452087       -1.0835707174        3.1978729451
HH32        2.9575108369       -1.7755310350        3.3615826701
HH33        1.1891241163       -1.6235026210        3.2798078240
C           2.2491821592       -0.4786162068        1.8116009349
O           2.3595815851        0.7376628648        1.6639433116
N           2.2091008857       -1.3242388540        0.7833118753
H           2.1602796608       -2.3154921698        0.9807900886
CA          2.4226701528       -0.9378283647       -0.6260614919
HA          3.3736021065       -0.4090870269       -0.7036729446
CB          2.5179819856       -2.1998795202       -1.5002825298
HB2         2.7611118714       -1.9060182847       -2.5234815273
HB3         1.5475597761       -2.7009021469       -1.5065790419
OG          3.5131548902       -3.1018711262       -1.0182849299
HG          3.5553453101       -3.8821752186       -1.6147658533
C           1.3417201056        0.0012322275       -1.2033057029
O           1.5571857745        0.6353017317       -2.2400038751
N           0.1912400427        0.1337425880       -0.5279810867
H           0.0736217686       -0.4249578975        0.3071230582
CA         -0.8923137178        1.0644952672       -0.8887990003
HA         -0.9518496526        1.1322947007       -1.9766612438
CB         -2.2308709917        0.4969010029       -0.3740877134
HB2        -3.0234561457        1.2138654007       -0.5966095208
HB3        -2.1738264415        0.3751635378        0.7088822109
CG         -2.5956090128       -0.8453906974       -1.0358878494
HG2        -2.5604298714       -0.7222167197       -2.1193451317
HG3        -1.8664035075       -1.6068560228       -0.7558156895
CD         -3.9998225590       -1.3399081556       -0.6553746517
HD2        -4.2098129960       -2.2432832795       -1.2314110911
HD3        -4.7336476818       -0.5801004199       -0.9318564947
CE         -4.1198094449       -1.6584593251        0.8435320401
HE2        -3.9299997828       -0.7472431101        1.4185195097
HE3        -3.3513315498       -2.3904939337        1.1106543326
NZ         -5.4648110412       -2.1942549596        1.1870741994
HZ1        -5.5304521724       -2.3996532941        2.1751104063
HZ2        -6.1923853151       -1.5288721046        0.9634715423
HZ3        -5.6578214153       -3.0493697876        0.6834903982
C          -0.6606227045        2.5107732710       -0.3867369842
O          -1.4169518648        3.4175933530       -0.7518649499
N           0.3720560971        2.7424443434        0.4349642752
H           0.9503603081        1.9500631505        0.6888625793
CH3         0.7273352337        4.0445523014        0.9917687138
HH31        1.6062283586        3.9441206070        1.6304982573
HH32       -0.1002614453        4.4348928186        1.5866404537
HH33        0.9526126766        4.7461487455        0.1866873356
          45
Energy of minimum      6=    0.8252346321     first found at step      440 after               151326 function calls
HH31        1.4779700537       -1.4668899708        3.3819488041
CH3         2.4877405155       -1.1929792486        3.0778420591
HH32        3.1431620055       -2.0561037969        3.1899470879
HH33        2.8481631087       -0.3802784857        3.7080569193
C           2.4765529168       -0.7544343849        1.6257338676
O           2.8380687417        0.3776433665        1.3080152084
N           2.0436894013       -1.6444867374        0.7342355941
H           1.7954830802       -2.5693625463        1.0625539272
CA          2.0587820013       -1.4397006655       -0.7281178474
HA          3.0692239409       -1.1637679321       -1.0334540298
CB          1.6898995972       -2.7557848533       -1.4366183017
HB2         0.6405385025       -2.9783257164       -1.2332508360
HB3         1.8068449176       -2.6306970734       -2.5151298819
OG          2.4849622579       -3.8565662060       -0.9941509847
HG          3.4043001051       -3.7503995581       -1.3252888445
C           1.1238599665       -0.3156281437       -1.2248966000
O           1.2644850925        0.1562486909       -2.3565654499
N           0.1919682278        0.1518882842       -0.3822246805
H           0.1201995776       -0.2892915888        0.5253596565
CA         -0.7031851640        1.2874948214       -0.6642075937
HA         -0.9639439274        1.2776341664       -1.7241434054
CB         -2.0031717781        1.1119014064        0.1467113760
HB2        -1.7625804327        1.0584970519        1.2104212951
HB3        -2.6378620165        1.9852770139       -0.0148379598
CG         -2.7952640581       -0.1410028208       -0.2646230633
HG2        -2.2006504284       -1.0344583147       -0.0690051486
HG3        -3.0152505406       -0.0912411946       -1.3322595483
CD         -4.1120050547       -0.2396391274        0.5172071670
HD2        -4.7161968119        0.6479932973        0.3185121048
HD3        -3.8928399386       -0.2889586088        1.5858357345
CE         -4.8853069094       -1.4954106330        0.0904320665
HE2        -4.2609174472       -2.3746515457        0.2766028161
HE3        -5.0765661424       -1.4430214014       -0.9858013416
NZ         -6.1727036691       -1.6279735532        0.8241080377
HZ1        -6.6701110424       -2.4586617187        0.5324384116
HZ2        -6.7749888086       -0.8343883139        0.6527389929
HZ3        -6.0205777977       -1.6961733241        1.8211417375
C          -0.0547207177        2.6684336959       -0.3996934132
O          -0.6419712639        3.7002015667       -0.7437613692
N           1.1450095155        2.7057085024        0.1958702532
H           1.5665701678        1.8192041192        0.4468274955
CH3         1.8893027049        3.9215850756        0.5111564387
HH31        1.3060569320        4.5527231684        1.1839471350
HH32        2.1043689876        4.4757652742       -0.4041422114
HH33        2.8308156343        3.6610345217        0.9971414493
          45
Energy of minimum      7=    0.8366676186     first found at step      474 after               164285 function calls
HH31        1.7876554331       -1.0985755526        3.4027424226
CH3         2.7568315150       -0.6783494412        3.1357783478
HH32        3.5340452711       -1.4170882340        3.3291052422
HH33        2.9446009402        0.2106542127        3.7374308527
C           2.7621231119       -0.3156602006        1.6627617765
O           2.9489578074        0.8450310345        1.3004680051
N           2.5349764582       -1.3042512527        0.8002929876
H           2.3595244905       -2.2340464491        1.1599311208
CA          2.5427769657       -1.1485430815       -0.6671134493
HA          3.4534905388       -0.6211687269       -0.9558133560
CB          2.5882611054       -2.5361144238       -1.3296024582
HB2         2.5507930741       -2.4181362426       -2.4144444616
HB3         3.5357023110       -3.0136854717       -1.0717749580
OG          1.5132217924       -3.3695632151       -0.8975250607
HG          1.5861972023       -4.2427829857       -1.3424627943
C           1.3660326616       -0.3178632230       -1.2233146450
O           1.4085215626        0.1322731401       -2.3725219269
N           0.3381285465       -0.0513295425       -0.4050760657
H           0.3548062206       -0.4748539698        0.5128649628
CA         -0.7940715638        0.8314724246       -0.7337910571
HA         -1.0345352169        0.7176316878       -1.7924186296
CB         -2.0261722651        0.3920260581        0.0842921138
HB2        -1.7859391493        0.4306783413        1.1487467844
HB3        -2.8359360128        1.0969687494       -0.1080951313
CG         -2.5076200547       -1.0248417905       -0.2827465404
HG2        -1.7012059645       -1.7373830972       -0.1056970578
HG3        -2.7617486548       -1.0560853293       -1.3433824869
CD         -3.7240154893       -1.4788540482        0.5393892101
HD2        -3.4788014350       -1.4213475745        1.6018313441
HD3        -3.9297626799       -2.5222010149        0.2922433012
CE         -4.9766947642       -0.6372290572        0.2472078423
HE2        -4.7794633152        0.4038300713        0.5192569392
HE3        -5.1801953638       -0.6704836759       -0.8275987360
NZ         -6.1617664103       -1.1330273266        0.9980162328
HZ1        -6.9780014800       -0.5710715755        0.7964016636
HZ2        -6.0043737311       -1.0978448441        1.9960226976
HZ3        -6.3793229146       -2.0884105760        0.7491531464
C          -0.4845172724        2.3348218151       -0.5274054670
O          -1.2932737804        3.1880691748       -0.9089605888
N           0.6711924489        2.6723578868        0.0611818591
H           1.2851857552        1.9182030475        0.3426303793
CH3         1.1122470986        4.0389000541        0.3256446179
HH31        1.1974060698        4.5917928994       -0.6114870852
HH32        2.0862093281        4.0228037603        0.8172643922
HH33        0.3954724350        4.5435201730        0.9758473599
          45
Energy of minimum      8=    0.8603736258     first found at step        8 after                 2971 function calls
HH31       -4.0617790399       -1.9261919759       -2.3972524123
CH3        -3.4892079757       -0.9992307464       -2.4049334007
HH32       -4.1465534620       -0.1697696963       -2.6646539473
HH33       -2.6924759710       -1.0752902834       -3.1442601088
C          -2.8849122350       -0.7690728115       -1.0326189922
O          -3.1586205305        0.2414692332       -0.3867603457
N          -2.0434893519       -1.6992187995       -0.5844884610
H          -1.8982693625       -2.5252236815       -1.1507077273
CA         -1.4486693086       -1.7074349860        0.7673483507
HA         -2.2510573431       -1.6370880338        1.5029435798
CB         -0.7159329964       -3.0394489163        1.0023391926
HB2         0.1450850016       -3.0934705872        0.3326223475
HB3        -0.3544654481       -3.0696450041        2.0323121070
OG         -1.5688196757       -4.1591756659        0.7678137132
HG         -1.0698184596       -4.9867656208        0.9480264537
C          -0.4822030077       -0.5367403179        1.0486192787
O          -0.1574774748       -0.2617978955        2.2069466263
N          -0.0425303485        0.1854957754        0.0084321252
H          -0.3355933352       -0.1023851491       -0.9163265433
CA          0.7942381366        1.3928399894        0.1152790589
HA          1.4598265777        1.2889680700        0.9730903252
CB          1.6565260921        1.5172980385       -1.1594788926
HB2         0.9961620082        1.6752332052       -2.0143144406
HB3         2.2908078827        2.4011024157       -1.0694517099
CG          2.5624084549        0.3101494235       -1.4693205732
HG2         3.1040346440        0.5262303288       -2.3915331617
HG3         1.9487593523       -0.5745963359       -1.6442151205
CD          3.5821635683        0.0083626361       -0.3604534821
HD2         4.1643837411        0.9085823807       -0.1529792201
HD3         3.0581029823       -0.2978943076        0.5465141390
CE          4.5213923760       -1.1209332496       -0.8080915763
HE2         3.9238069850       -2.0109881686       -1.0281174444
HE3         5.0212856956       -0.8175725058       -1.7332049524
NZ          5.5382334547       -1.4404994022        0.2301079082
HZ1         6.1489972463       -2.1842394779       -0.0806211206
HZ2         5.1020864217       -1.7421194020        1.0907849951
HZ3         6.1159530808       -0.6368728259        0.4363221297
C          -0.0148346955        2.6872241181        0.3744902397
O           0.5775194550        3.7437317141        0.6202995432
N          -1.3524021776        2.6224869061        0.3316891120
H          -1.7676739285        1.7212775307        0.1262415306
CH3        -2.2557158391        3.7474967718        0.5557226122
HH31       -3.2899472237        3.4143272730        0.4562983076
HH32       -2.0642092135        4.5322660701       -0.1781906737
HH33       -2.1082344849        4.1509273381        1.5590353782
          45
Energy of minimum      9=    0.9257945056     first found at step      191 after                64013 function calls
HH31        2.4981100321       -3.0105828333        2.9529032651
CH3         2.2590279516       -1.9522937224        2.8527362732
HH32        2.9839759635       -1.3627181986        3.4134806723
HH33        1.2603370124       -1.7707352299        3.2487063832
C           2.3001232584       -1.5634120219        1.3870068689
O           3.0676030844       -0.6883630080        0.9889031293
N           1.4570466329       -2.1968888455        0.5741193484
H           0.8298187341       -2.8882290784        0.9656360526
CA          1.3849404121       -1.9825533839       -0.8841750457
HA          2.3930548150       -2.0493515082       -1.2965354437
CB          0.5512377131       -3.1053718606       -1.5246715745
HB2         0.4675083124       -2.9236240402       -2.5980328480
HB3         1.0740770103       -4.0528600340       -1.3796076963
OG         -0.7514817463       -3.1980627594       -0.9482505317
HG         -1.2393571587       -3.9345450628       -1.3786071832
C           0.8367590325       -0.5993236943       -1.2958767806
O           1.0055530257       -0.1775423042       -2.4441781821
N           0.2307681593        0.1424172355       -0.3582645519
H           0.1063125117       -0.2770571843        0.5533476880
CA         -0.2540196545        1.5197928428       -0.5507770350
HA         -0.5682586164        1.6429233677       -1.5887659772
CB         -1.4881155347        1.7418917593        0.3476641930
HB2        -1.2136772198        1.5684414413        1.3901806900
HB3        -1.8127733140        2.7794593487        0.2491315052
CG         -2.6673064072        0.8293370961       -0.0324285624
HG2        -2.3741961963       -0.2134487198        0.0893267912
HG3        -2.9303123928        1.0023670454       -1.0771974489
CD         -3.8923031373        1.1170998890        0.8495183659
HD2        -4.1550014455        2.1717180258        0.7463802232
HD3        -3.6447990707        0.9324614434        1.8968202987
CE         -5.1178578030        0.2787429359        0.4489601439
HE2        -5.3133229284        0.4247807030       -0.6177875734
HE3        -5.9857884805        0.6587503893        0.9965252455
NZ         -4.9489843931       -1.1713849744        0.7439937308
HZ1        -4.1820447543       -1.5700893549        0.2199259267
HZ2        -5.7845258896       -1.6860139684        0.4986947175
HZ3        -4.7744506220       -1.3262834165        1.7278518480
C           0.8320559140        2.5963568788       -0.3071728014
O           0.5852679785        3.7851331234       -0.5389448339
N           2.0286897811        2.2008504483        0.1484622318
H           2.1588721641        1.2096418562        0.3075198920
CH3         3.1562111246        3.0854201440        0.4282314503
HH31        3.4535401427        3.6105401637       -0.4811667614
HH32        4.0021173179        2.5000012004        0.7919364369
HH33        2.8776916467        3.8162353022        1.1894889089
          45
Energy of minimum     10=     1.024583390     first found at step      202 after                67654 function calls
HH31        3.3005042411       -0.7598497840        3.4066274137
CH3         2.7075210749       -1.4980570103        2.8671883097
HH32        3.1680278666       -2.4798230005        2.9731981415
HH33        1.7004166185       -1.5271723605        3.2819831242
C           2.6382719253       -1.1305085507        1.3970082189
O           3.1947582901       -0.1182840469        0.9738512373
N           1.9344281409       -1.9400654908        0.6083370447
H           1.4751441888       -2.7428994140        1.0196342068
CA          1.7905240738       -1.7653475463       -0.8498722979
HA          2.7814612591       -1.6146346429       -1.2813734267
CB          1.2142006804       -3.0517987482       -1.4655779838
HB2         1.0706317656       -2.9044236793       -2.5378928667
HB3         1.9373137061       -3.8580286538       -1.3266894597
OG         -0.0230193312       -3.4255781812       -0.8600844924
HG         -0.3472607621       -4.2532453805       -1.2790699163
C           0.9471212234       -0.5393670434       -1.2617935452
O           0.9906887102       -0.1127137472       -2.4198537822
N           0.2241042965        0.0766328615       -0.3158230503
H           0.2125881342       -0.3421785496        0.6043972425
CA         -0.5264474166        1.3288869542       -0.5097060511
HA         -0.9382947655        1.3408610485       -1.5204681400
CB         -1.7043147130        1.3640511201        0.4855287517
HB2        -1.3185999350        1.2971517065        1.5048804805
HB3        -2.2237978284        2.3184878762        0.3808072732
CG         -2.7205911024        0.2340829352        0.2454900635
HG2        -3.0825197320        0.2970601585       -0.7812029700
HG3        -2.2375455914       -0.7330672220        0.3914541735
CD         -3.9046358008        0.3484160711        1.2185574587
HD2        -3.5169189717        0.3326108918        2.2390197828
HD3        -4.4168712708        1.3008631662        1.0679858455
CE         -4.9059981806       -0.8094203530        1.0713992556
HE2        -5.6110540182       -0.7596668916        1.9068338415
HE3        -4.3659022101       -1.7575757635        1.1538081632
NZ         -5.6622870145       -0.7610095431       -0.2106710038
HZ1        -6.1727585905        0.1070865366       -0.3014808548
HZ2        -6.3344403608       -1.5153268298       -0.2584659830
HZ3        -5.0477831341       -0.8512874487       -1.0079309949
C           0.3506810636        2.5997129483       -0.3928269879
O          -0.1236559267        3.7041314833       -0.6810009267
N           1.6193956656        2.4624023668        0.0164854442
H           1.9383307255        1.5256059649        0.2300842366
CH3         2.5740783898        3.5555074241        0.1764538404
HH31        3.5297295112        3.1615476340        0.5258459020
HH32        2.7269478399        4.0606261112       -0.7788679236
HH33        2.1992205058        4.2749665767        0.9065445841
          45
Energy of minimum     11=     1.127594901     first found at step      173 after                57896 function calls
HH31        3.5412291948       -1.7521386553        3.0360783740
CH3         2.8412086058       -0.9214254644        2.9521404695
HH32        3.2389617096       -0.0576165063        3.4842972253
HH33        1.8869857911       -1.2099780989        3.3918720151
C           2.6398954890       -0.5783112791        1.4881657140
O           2.9139978012        0.5426338337        1.0619008724
N           2.1425305793       -1.5384079837        0.7104082824
H           1.9807994269       -2.4496354198        1.1196070219
CA          1.9844168031       -1.4303599776       -0.7540500553
HA          2.9444810404       -1.1506651827       -1.1898491993
CB          1.5896984432       -2.7989765657       -1.3347889950
HB2         0.5911500292       -3.0607817610       -0.9782457415
HB3         1.5594130014       -2.7276215115       -2.4240072666
OG          2.5111049421       -3.8196589920       -0.9533626655
HG          2.2346006076       -4.6706132538       -1.3606092287
C           0.9611006631       -0.3682589693       -1.2106580367
O           0.9581679063        0.0322038290       -2.3780401091
N           0.1128217568        0.1275502272       -0.2986747250
H           0.1586105307       -0.2540058950        0.6371983395
CA         -0.8451243050        1.2187893819       -0.5473270268
HA         -1.2296091029        1.1268961412       -1.5648203521
CB         -2.0324060151        1.0719377123        0.4259270482
HB2        -1.6633185610        1.0989753110        1.4532361354
HB3        -2.7079277932        1.9179665878        0.2854988793
CG         -2.8310212151       -0.2234835941        0.2001668530
HG2        -2.1895546016       -1.0876022189        0.3785007798
HG3        -3.1783702631       -0.2484040623       -0.8331526455
CD         -4.0354808595       -0.2947009902        1.1521652069
HD2        -4.7003011254        0.5525238022        0.9719860556
HD3        -3.6700740281       -0.2229342954        2.1784586268
CE         -4.8213612279       -1.6097034695        1.0170542622
HE2        -4.1286549299       -2.4497462560        1.1265752385
HE3        -5.5378278658       -1.6656938665        1.8423452474
NZ         -5.5546003739       -1.7155278207       -0.2749838672
HZ1        -6.0867905092       -2.5747435947       -0.3152093932
HZ2        -6.2048945345       -0.9498129294       -0.3900347176
HZ3        -4.9216473342       -1.7136086968       -1.0628563753
C          -0.2140922704        2.6299405719       -0.4579784018
O          -0.8686214967        3.6196578475       -0.8041107575
N           1.0437724548        2.7386076910       -0.0093425302
H           1.5184419112        1.8829349916        0.2538895666
CH3         1.7809233996        3.9910921767        0.1305402633
HH31        1.2586570101        4.6569617637        0.8197511070
HH32        1.8732017184        4.4806175959       -0.8405348755
HH33        2.7792231662        3.7886904007        0.5216194802
          45
Energy of minimum     12=     1.310587210     first found at step      185 after                61905 function calls
HH31        2.8536519520       -0.4769694844        3.6430999853
CH3         2.4409661409       -1.2706832416        3.0207824418
HH32        3.0683182866       -2.1577790337        3.1023245548
HH33        1.4337936274       -1.5105561740        3.3602043407
C           2.3924374688       -0.8194455270        1.5732273973
O           2.7837466125        0.3013570987        1.2508163398
N           1.8951082730       -1.6853148372        0.6917418602
H           1.6332632118       -2.6056619778        1.0209453955
CA          1.8752006838       -1.4719903401       -0.7695379116
HA          2.8875897347       -1.2394581413       -1.1025252707
CB          1.4381619277       -2.7663762220       -1.4764659627
HB2         1.5112624817       -2.6236216543       -2.5566013347
HB3         0.3955529914       -2.9728701721       -1.2254793434
OG          2.2466472358       -3.8771230474       -1.0906760592
HG          1.9495531502       -4.6761909027       -1.5802070715
C           0.9748811035       -0.3070435365       -1.2344324913
O           1.1013939998        0.1627832775       -2.3686186356
N           0.0902113603        0.1979701426       -0.3627052829
H           0.0280662635       -0.2407537147        0.5468074340
CA         -0.7545864784        1.3786232894       -0.6137719976
HA         -1.0578911038        1.3798621293       -1.6623889521
CB         -2.0281496927        1.2759267805        0.2498087774
HB2        -1.7479233269        1.2024156856        1.3025895556
HB3        -2.6142227032        2.1874225611        0.1175828241
CG         -2.9123661587        0.0763409421       -0.1323769412
HG2        -2.3620444111       -0.8496826692        0.0348967165
HG3        -3.1725483322        0.1471835890       -1.1896861958
CD         -4.2022224842        0.0617125657        0.7035242663
HD2        -3.9547299629       -0.0317597682        1.7628868275
HD3        -4.7179771809        1.0134845810        0.5619131935
CE         -5.1651217363       -1.0646958755        0.2920976864
HE2        -5.3442159014       -1.0019265925       -0.7856487418
HE3        -6.1227875143       -0.8950751003        0.7937901786
NZ         -4.6595335157       -2.4192798847        0.6492785333
HZ1        -5.3336282119       -3.1302448570        0.3975573578
HZ2        -4.4933652716       -2.4970293743        1.6436997137
HZ3        -3.7981593052       -2.6338339089        0.1662632097
C          -0.0239813762        2.7241001114       -0.3823874623
O          -0.5652767852        3.7836363929       -0.7172672815
N           1.1945603857        2.7006567355        0.1742872914
H           1.5753858510        1.7945123029        0.4206162296
CH3         2.0134153636        3.8766324083        0.4539920849
HH31        2.9546402176        3.5689824411        0.9122026802
HH32        1.4872913711        4.5438622777        1.1389392626
HH33        2.2284901504        4.4110477554       -0.4729816751
          45
Energy of minimum     13=     1.346802151     first found at step      444 after               152736 function calls
HH31        1.3461744550       -1.3086857459        3.3988818501
CH3         2.3841758400       -1.1107788646        3.1333227720
HH32        2.9758419403       -2.0103922457        3.2998984651
HH33        2.7697332807       -0.3039068121        3.7561528897
C           2.4660838785       -0.7178305410        1.6705321845
O           2.9089797342        0.3807722772        1.3386518352
N           2.0162182230       -1.6049175881        0.7833141145
H           1.6453126006       -2.4796466845        1.1315699219
CA          2.0810936519       -1.4035757813       -0.6802938669
HA          3.0861202989       -1.0711919066       -0.9447573245
CB          1.8274219374       -2.7312933968       -1.4154019588
HB2         0.8546004054       -3.1304691395       -1.1207158721
HB3         1.8022557357       -2.5384293307       -2.4895148691
OG          2.8493689809       -3.6943065119       -1.1582337653
HG          2.8066995174       -3.9833822284       -0.2208448060
C           1.1146756542       -0.3190798366       -1.2042043139
O           1.2438959235        0.1327833089       -2.3453411166
N           0.1724392681        0.1453818016       -0.3711190143
H           0.1073406560       -0.2796501562        0.5446084079
CA         -0.7382310767        1.2638677955       -0.6722491030
HA         -0.9900597939        1.2396600379       -1.7341167139
CB         -2.0421461574        1.0763883305        0.1296593313
HB2        -1.8098566579        1.0362930504        1.1957884591
HB3        -2.6884886191        1.9385703829       -0.0452589173
CG         -2.8119060020       -0.1918534043       -0.2769030726
HG2        -2.2058493524       -1.0744904420       -0.0678228470
HG3        -3.0230660673       -0.1551377761       -1.3468464126
CD         -4.1340210388       -0.3027963060        0.4941537425
HD2        -4.7491649496        0.5741978854        0.2822564990
HD3        -3.9237476476       -0.3395468334        1.5650713855
CE         -4.8853393474       -1.5733008584        0.0717322580
HE2        -4.2502170540       -2.4417994940        0.2715019013
HE3        -5.0673892232       -1.5332396186       -1.0066266938
NZ         -6.1774514087       -1.7177786046        0.7947994859
HZ1        -6.6602392749       -2.5580842182        0.5061282696
HZ2        -6.0336179053       -1.7748830693        1.7937581169
HZ3        -6.7893912799       -0.9344834542        0.6107536756
C          -0.1118516550        2.6567724551       -0.4163427017
O          -0.7154388434        3.6772338143       -0.7656563380
N           1.0875422867        2.7160154928        0.1786429934
H           1.5231705621        1.8380640880        0.4318839431
CH3         1.8126627859        3.9452183500        0.4875226529
HH31        1.2197096816        4.5704258340        1.1573796799
HH32        2.0184305362        4.4982134365       -0.4306425036
HH33        2.7585104508        3.7024494611        0.9743481170
          45
Energy of minimum     14=     1.371644097     first found at step      203 after                67998 function calls
HH31        2.7136937157       -0.9293639241        3.7423663014
CH3         2.2522506554       -1.6469033424        3.0643005937
HH32        2.7310598932       -2.6182250451        3.1844299445
HH33        1.1921835890       -1.7376653271        3.2991535668
C           2.4140141022       -1.1799759046        1.6301505856
O           2.9893883496       -0.1235936999        1.3725428821
N           1.8873362260       -1.9546032115        0.6836545578
H           1.4069027071       -2.8020871971        0.9598741125
CA          1.9918289083       -1.6899863339       -0.7642364248
HA          3.0350549105       -1.4734563880       -1.0006631479
CB          1.6039140370       -2.9592736246       -1.5449086440
HB2         2.3464735199       -3.7299498278       -1.3301132031
HB3         1.6360036904       -2.7553154912       -2.6172034212
OG          0.3168091407       -3.4607498904       -1.1810927815
HG         -0.3788907312       -2.9481752481       -1.6476701748
C           1.1806952762       -0.4681000478       -1.2482071722
O           1.3798576350        0.0080781691       -2.3695726827
N           0.3042402482        0.0864372485       -0.3985321911
H           0.1720689552       -0.3673797155        0.4956688141
CA         -0.4340204554        1.3364274263       -0.6488894902
HA         -0.7083905426        1.3799469826       -1.7045041920
CB         -1.7332435186        1.3262184286        0.1819599288
HB2        -2.2444068537        2.2809166860        0.0440664993
HB3        -1.4857405922        1.2230968537        1.2404232943
CG         -2.6965116369        0.2008218963       -0.2321208327
HG2        -2.2277857554       -0.7686124744       -0.0577412471
HG3        -2.9236263608        0.2965989775       -1.2951208739
CD         -4.0023190724        0.2728265067        0.5707912690
HD2        -4.4812507193        1.2380625692        0.3936992468
HD3        -3.7758617336        0.1779242678        1.6348101507
CE         -4.9479737121       -0.8579189148        0.1416263920
HE2        -4.4480855952       -1.8174217689        0.3059944641
HE3        -5.1466005963       -0.7637275308       -0.9304031757
NZ         -6.2299762522       -0.8227334368        0.8956025282
HZ1        -6.8416385028       -1.5725686190        0.6021001350
HZ2        -6.7195648566        0.0487015793        0.7446095089
HZ3        -6.0734901989       -0.9260250372        1.8889365624
C           0.3991677370        2.6117528446       -0.3716509116
O          -0.0369855714        3.7175935260       -0.7101967858
N           1.5895904539        2.4767984304        0.2289983367
H           1.8807733721        1.5389312339        0.4753041954
CH3         2.4950988812        3.5745185428        0.5560397004
HH31        2.0024711502        4.2766082375        1.2309929141
HH32        2.7899493124        4.0992444806       -0.3543898666
HH33        3.3886410175        3.1818971877        1.0438705970
          45
Energy of minimum     15=     1.453109237     first found at step        1 after                  774 function calls
HH31       -4.6766409132       -1.0739497384       -2.1119468294
CH3        -3.9294150205       -0.2809700938       -2.1134527860
HH32       -4.4138789843        0.6726484423       -2.3219637864
HH33       -3.1883874764       -0.4873766875       -2.8851031404
C          -3.2478788242       -0.2288294369       -0.7591789009
O          -3.2836866701        0.7928210606       -0.0748779219
N          -2.6009402308       -1.3256137933       -0.3701602980
H          -2.5825387866       -2.1258854506       -0.9897774871
CA         -1.9166848731       -1.4734759738        0.9289006427
HA         -2.5994413770       -1.1582538239        1.7196661828
CB         -1.5905009388       -2.9573620205        1.1694114562
HB2        -1.0533942377       -3.0591981568        2.1145712548
HB3        -2.5280936955       -3.5111911584        1.2493091260
OG         -0.8105834468       -3.5101715145        0.1096677100
HG         -0.6393662919       -4.4590308862        0.2992916245
C          -0.6477966933       -0.6070813229        1.0795707108
O          -0.1501107974       -0.4171732186        2.1935332234
N          -0.1456879666       -0.0268668873       -0.0195405981
H          -0.5868473628       -0.2481295563       -0.9022930039
CA          0.9817572491        0.9196651863       -0.0350918137
HA          1.6738943557        0.6573582893        0.7659704499
CB          1.7233460194        0.7908312562       -1.3836935007
HB2         1.0538034333        1.1175665778       -2.1817550076
HB3         2.5772442935        1.4700688155       -1.3842942190
CG          2.2226758391       -0.6265458601       -1.7328922124
HG2         2.7516645805       -0.5745913313       -2.6856169155
HG3         1.3623025087       -1.2807715899       -1.8790981865
CD          3.1536210850       -1.2767374891       -0.6953154983
HD2         3.4227458179       -2.2698037067       -1.0604583621
HD3         2.6197840404       -1.4014648519        0.2482811841
CE          4.4357653580       -0.4587364353       -0.4722299504
HE2         4.9327104942       -0.3158486352       -1.4369272248
HE3         4.1686785393        0.5290024277       -0.0848842350
NZ          5.3646840746       -1.1343007903        0.4741377869
HZ1         6.2040732994       -0.5864189419        0.6092555849
HZ2         5.6455830986       -2.0411803638        0.1262978512
HZ3         4.9358566355       -1.2662845819        1.3801635280
C           0.5627574281        2.3845572964        0.2408599730
O           1.4280436981        3.2566930977        0.3744060301
N          -0.7439791840        2.6662280384        0.3344899919
H          -1.3928751451        1.8978652364        0.2183447457
CH3        -1.3021230919        3.9908961329        0.5911591986
HH31       -2.3915742483        3.9338304436        0.6115262311
HH32       -0.9983728401        4.6832135684       -0.1960087739
HH33       -0.9488709012        4.3650337973        1.5536611227
          45
Energy of minimum     16=     1.516711768     first found at step       16 after                 5555 function calls
HH31       -3.2853622835       -2.8709271303       -2.5546547198
CH3        -2.9847507855       -1.8246846281       -2.5080167338
HH32       -3.7957398173       -1.1980942330       -2.8784961521
HH33       -2.1007383045       -1.6771493381       -3.1276261316
C          -2.6626085085       -1.4569530747       -1.0719460803
O          -3.2769827951       -0.5583654624       -0.4988571047
N          -1.6789487640       -2.1356578597       -0.4848733745
H          -1.1910205132       -2.8448646299       -1.0174404752
CA         -1.2550632084       -1.9454190070        0.9157257245
HA         -2.1400382684       -1.9687985351        1.5537491257
CB         -0.3521093771       -3.1162007429        1.3399253609
HB2        -0.0152152792       -2.9573047026        2.3662757907
HB3        -0.9396170645       -4.0361312534        1.3130370231
OG          0.7772050752       -3.2577640077        0.4786518376
HG          1.3094940716       -4.0291572281        0.7736298801
C          -0.5567519884       -0.5961503708        1.1892975022
O          -0.4111089397       -0.1920129777        2.3469712270
N          -0.1697288639        0.1380114976        0.1367525161
H          -0.2978637915       -0.2662989871       -0.7813091405
CA          0.4179592176        1.4855954909        0.2157495911
HA          0.9739916657        1.5754047639        1.1497990329
CB          1.4063913100        1.6702847991       -0.9566183575
HB2         0.8413944915        1.6847629273       -1.8906438955
HB3         1.8922600750        2.6423132934       -0.8535190611
CG          2.5058243747        0.5970105954       -1.0810693761
HG2         3.1320089021        0.8642993918       -1.9324209615
HG3         2.0490009471       -0.3699195110       -1.2962571472
CD          3.3869765302        0.4690107926        0.1738946411
HD2         2.7620962656        0.1638927777        1.0143631058
HD3         3.8324682700        1.4364491999        0.4140019704
CE          4.4913767992       -0.5888208051        0.0119735729
HE2         4.9430172198       -0.7637994473        0.9932655003
HE3         4.0351991855       -1.5295544364       -0.3114609904
NZ          5.5532703041       -0.1770686749       -0.9478298994
HZ1         6.2787002565       -0.8798350220       -1.0021852921
HZ2         5.9898954762        0.6886849702       -0.6610080288
HZ3         5.1834052883       -0.0506628417       -1.8798199003
C          -0.6364204896        2.6187877966        0.2519589347
O          -0.2775010753        3.7895960878        0.4190446843
N          -1.9272509234        2.2906227260        0.1041349230
H          -2.1433635441        1.3099878960       -0.0230444564
CH3        -3.0413958159        3.2343862460        0.1143425564
HH31       -3.9800978246        2.6976721686       -0.0317470058
HH32       -2.9211403825        3.9629542925       -0.6893461078
HH33       -3.0780973210        3.7585770677        1.0709228491
          45
Energy of minimum     17=     1.569724467     first found at step      471 after               163114 function calls
HH31        1.1800096907       -1.6199192839        3.2665732171
CH3         2.1297823611       -1.0921292092        3.1859495703
HH32        2.9461776958       -1.7948932325        3.3495297252
HH33        2.1725241532       -0.3057139343        3.9391353209
C           2.2558479694       -0.4876005204        1.8004236464
O           2.3812698234        0.7272542670        1.6535110223
N           2.2057508309       -1.3319344603        0.7713923163
H           2.1371195523       -2.3226846055        0.9677040981
CA          2.4166573389       -0.9465782910       -0.6384391788
HA          3.3677367017       -0.4181316973       -0.7193360766
CB          2.4991458405       -2.2118668489       -1.5115530110
HB2         2.7620045590       -1.9295144329       -2.5331660176
HB3         1.5151895844       -2.6845236620       -1.5332875901
OG          3.4494576742       -3.1563851495       -1.0171631243
HG          4.3585363221       -2.8093803264       -1.1559764559
C           1.3363177321       -0.0035745531       -1.2110380688
O           1.5482977753        0.6270236574       -2.2505139720
N           0.1907587861        0.1356733429       -0.5287157331
H           0.0755693515       -0.4214880121        0.3077911959
CA         -0.8911110117        1.0704662815       -0.8842274231
HA         -0.9526415887        1.1425389081       -1.9717069997
CB         -2.2300755692        0.5040655566       -0.3692133130
HB2        -2.1713974675        0.3781342647        0.7131871258
HB3        -3.0214548909        1.2236051519       -0.5876686459
CG         -2.5989252847       -0.8349336445       -1.0354237817
HG2        -1.8706874182       -1.5989642077       -0.7598460135
HG3        -2.5657428372       -0.7076314318       -2.1184662755
CD         -4.0033186642       -1.3281487818       -0.6539200040
HD2        -4.2164083864       -2.2286721968       -1.2332752315
HD3        -4.7361934559       -0.5656945976       -0.9255920589
CE         -4.1206274729       -1.6527691638        0.8438920675
HE2        -3.3529296375       -2.3873437503        1.1062476380
HE3        -3.9278687571       -0.7443311169        1.4222831035
NZ         -5.4658634315       -2.1875371527        1.1881134942
HZ1        -5.5297360545       -2.3969691311        2.1754181041
HZ2        -5.6615334730       -3.0401760656        0.6813659563
HZ3        -6.1926962360       -1.5198930108        0.9688855147
C          -0.6546870931        2.5142756671       -0.3772604549
O          -1.4111578400        3.4238910179       -0.7350511087
N           0.3821985639        2.7407814160        0.4406265906
H           0.9605334662        1.9465475686        0.6882671391
CH3         0.7419939217        4.0399540984        1.0014430663
HH31       -0.0822749010        4.4289315226        1.6018076131
HH32        1.6236642408        3.9354973367        1.6356877935
HH33        0.9645983167        4.7447242528        0.1983898940
          45
Energy of minimum     18=     1.577906363     first found at step       20 after                 7095 function calls
HH31        0.2115489670       -4.2342885835       -2.3882417601
CH3        -0.4292920328       -3.3537090417       -2.4207142472
HH32       -1.3908712797       -3.6216844064       -2.8578994910
HH33        0.0453364751       -2.5865260472       -3.0316729780
C          -0.6308492783       -2.8257608576       -1.0129438135
O          -1.7576171917       -2.7420545017       -0.5267248411
N           0.4617881744       -2.4476989579       -0.3523929804
H           1.3613806070       -2.5315690174       -0.8093180744
CA          0.4668240721       -1.9608052703        1.0398366007
HA         -0.1960109093       -2.5942249656        1.6314914923
CB          1.8813986537       -2.1144432423        1.6241624645
HB2         1.8930830721       -1.7394507235        2.6492135793
HB3         2.1245636477       -3.1784005310        1.6523273738
OG          2.8734413097       -1.4334887149        0.8530655644
HG          3.7570997688       -1.7333472938        1.1643376866
C          -0.0527702631       -0.5172462551        1.2122527968
O          -0.2129441299       -0.0407943588        2.3399257737
N          -0.3536407259        0.1824545307        0.1086581164
H          -0.2003862065       -0.2692455235       -0.7833747285
CA         -0.8404810421        1.5737229466        0.0973726472
HA         -0.4717039587        2.0822082871        0.9894856813
CB         -0.2631671655        2.3014728334       -1.1373609562
HB2        -0.7699752965        1.9320455832       -2.0309126698
HB3        -0.4881882063        3.3659345545       -1.0490263578
CG          1.2545031175        2.1452793222       -1.3562056952
HG2         1.5432919799        2.7717847176       -2.2014007950
HG3         1.4644430380        1.1101641846       -1.6255710259
CD          2.1015034551        2.5424486807       -0.1341346226
HD2         1.8403193805        1.9214702577        0.7238111110
HD3         1.8814068597        3.5810314955        0.1198975124
CE          3.6110681335        2.4136005085       -0.3936027439
HE2         3.8810992497        3.0332708528       -1.2542202261
HE3         4.1399995878        2.8119843292        0.4776476008
NZ          4.0345836241        1.0039409859       -0.6237781889
HZ1         3.7069882622        0.3932820755        0.1167616358
HZ2         5.0429223856        0.9329904177       -0.6630417416
HZ3         3.6722416348        0.6479103734       -1.4975833652
C          -2.3817066548        1.6962957202        0.1599330399
O          -2.9100696636        2.8094433752        0.2558882832
N          -3.1064927390        0.5708573867        0.1115254751
H          -2.5962731877       -0.2982170262        0.0356412156
CH3        -4.5647815430        0.5054168173        0.1594533805
HH31       -4.8902573427       -0.5341803269        0.0970439603
HH32       -4.9911838613        1.0607258360       -0.6778381586
HH33       -4.9272041971        0.9343947393        1.0953222640
          45
Energy of minimum     19=     1.609040309     first found at step        0 after                  370 function calls
HH31       -4.7430278280       -0.1799671110       -2.1766118739
CH3        -3.8483763931        0.4413723990       -2.2029032672
HH32       -4.1333816838        1.4795016457       -2.3720821032
HH33       -3.2021132399        0.1063728849       -3.0136401024
C          -3.1098195620        0.3170417962       -0.8836299066
O          -2.9095057023        1.3058983012       -0.1798518165
N          -2.6842150507       -0.8993933124       -0.5472761807
H          -2.9219235992       -1.6737435475       -1.1537911031
CA         -2.0511167963       -1.2369516495        0.7436920021
HA         -2.7056449153       -0.9066498007        1.5513743840
CB         -1.8980337382       -2.7630864451        0.8615672963
HB2        -1.1787275061       -3.1060073818        0.1146850141
HB3        -1.5088367498       -3.0060330763        1.8524854049
OG         -3.1414522237       -3.4348649738        0.6644535594
HG         -3.0034873391       -4.4028543250        0.7663533978
C          -0.6800062460       -0.5673997575        0.9786809045
O          -0.1943087399       -0.5234772896        2.1122164684
N          -0.0594629280       -0.0098125339       -0.0705589498
H          -0.5054274263       -0.0947340028       -0.9749769180
CA          1.1981965195        0.7530069060        0.0023341327
HA          1.8184979524        0.3378801666        0.7976435389
CB          1.9519160844        0.6004835727       -1.3367809853
HB2         1.3542976786        1.0599291094       -2.1265333444
HB3         2.8893796534        1.1559554939       -1.2814703259
CG          2.2644147629       -0.8499592941       -1.7589259069
HG2         1.3274726113       -1.3760974001       -1.9456848695
HG3         2.8085223150       -0.8180484482       -2.7039841866
CD          3.0885396469       -1.6709752468       -0.7523369545
HD2         2.5313926142       -1.7738924083        0.1803523141
HD3         3.2297255585       -2.6702091128       -1.1691125382
CE          4.4643282996       -1.0422982567       -0.4782088811
HE2         4.9871120165       -0.9136026000       -1.4311944059
HE3         4.3246739784       -0.0506128735       -0.0376182005
NZ          5.2855631262       -1.8848040299        0.4332470819
HZ1         4.8328261130       -2.0082513508        1.3287858620
HZ2         5.4491501728       -2.8004891755        0.0368938447
HZ3         6.1879584055       -1.4603369062        0.6021261101
C           0.9984931898        2.2440357040        0.3687471696
O           1.9818966928        2.9583953231        0.5918301211
N          -0.2512777493        2.7211850316        0.4417442610
H          -1.0075055905        2.0750025777        0.2481279919
CH3        -0.6071889363        4.0971740438        0.7763047134
HH31       -0.1669253388        4.7838595996        0.0511739118
HH32       -1.6921842311        4.2112271238        0.7585493771
HH33       -0.2410354500        4.3457935739        1.7739414161
          45
Energy of minimum     20=     1.629872077     first found at step      374 after               127328 function calls
HH31       -2.0230278597        3.0301787686        2.9993184263
CH3        -1.0388873868        3.0345366259        2.5313155346
HH32       -0.6432390996        4.0497268584        2.5298018464
HH33       -0.3667426439        2.3880461971        3.0946997840
C          -1.1437782248        2.5332193208        1.1035321408
O          -2.2268749759        2.1843040443        0.6362232476
N          -0.0121135053        2.4718691868        0.4044437538
H           0.8527358871        2.7499506502        0.8513131598
CA          0.0729762888        2.0606853156       -1.0100064893
HA         -0.6878536715        2.6019617504       -1.5747080330
CB          1.4418104205        2.4723556483       -1.5780883707
HB2         1.5039776498        3.5623556529       -1.5704333157
HB3         1.5192600008        2.1357441824       -2.6137162437
OG          2.5262144308        1.9402648939       -0.8165527010
HG          3.3655184380        2.3173427552       -1.1611478606
C          -0.1953731857        0.5599016585       -1.2535717916
O          -0.3872193132        0.1365271887       -2.3973882561
N          -0.2653692459       -0.2484246858       -0.1863331264
H          -0.0836088713        0.1646902358        0.7186861580
CA         -0.6093890591       -1.6797386536       -0.2296913531
HA         -0.2527892072       -2.1076823590       -1.1682939134
CB          0.1074126535       -2.4058550066        0.9314856001
HB2        -0.0269002762       -1.8423475252        1.8568146007
HB3        -0.3688102633       -3.3769668184        1.0767986488
CG          1.6071410721       -2.6853150549        0.7117195250
HG2         1.7272704075       -3.2837573512       -0.1926504006
HG3         1.9571700880       -3.2823910272        1.5553034445
CD          2.4932776809       -1.4349053312        0.6048567250
HD2         2.2937684632       -0.7766923644        1.4527202817
HD3         2.2668290602       -0.9091188648       -0.3230907775
CE          3.9763161381       -1.8278343297        0.5976299370
HE2         4.2057533645       -2.3638047195        1.5237183281
HE3         4.1563863204       -2.5104407940       -0.2385259882
NZ          4.8561416338       -0.6349939601        0.4727063983
HZ1         5.8307760049       -0.9044093073        0.4598631445
HZ2         4.6639023589       -0.1288308501       -0.3811505704
HZ3         4.7222801301        0.0003954721        1.2475410964
C          -2.1373690703       -1.9349128519       -0.2060170201
O          -2.5754009477       -3.0752725399       -0.3946553042
N          -2.9534375301       -0.8937756310        0.0096188493
H          -2.5217087469        0.0113213103        0.1462130496
CH3        -4.4111540466       -0.9636845473        0.0581954505
HH31       -4.7262978879       -1.6406360682        0.8541896942
HH32       -4.8212650783        0.0283219782        0.2538826329
HH33       -4.7996221189       -1.3259448016       -0.8952331533
