         1    0.8670085140    
         2    0.8670085140    
         3    0.8670085140    
         4    0.8670085140    
         5    0.8670085140    
         6    0.8670085140    
         7    0.8670085140    
         8    -3.020009369    
         9    -3.020009387    
        10    -3.020009387    
        11    -3.020009390    
        12    -3.020009390    
        13    -8.481091856    
        14    -8.481091856    
        15    -8.481091856    
        16    -8.481091856    
        17    -8.481091856    
        18    -8.481091856    
        19    -10.92610952    
        20    -10.92610974    
        21    -10.92610974    
        22    -10.92610974    
        23    -10.92610974    
        24    -10.92610974    
        25    -10.92610974    
        26    -10.92610974    
        27    -10.92610974    
        28    -10.92610974    
        29    -10.92610974    
        30    -10.92610974    
        31    -10.92610974    
        32    -10.92610974    
        33    -10.92610974    
        34    -10.92610974    
        35    -10.92610974    
        36    -10.92610974    
        37    -10.92610974    
        38    -10.92610974    
        39    -10.92610974    
        40    -10.92610974    
        41    -10.92610974    
        42    -10.92610974    
        43    -10.92610974    
        44    -10.92610974    
        45    -10.92610974    
        46    -10.92610974    
        47    -10.92610974    
        48    -10.92610974    
        49    -10.92610974    
        50    -10.92610974    
        51    -10.92610974    
        52    -10.92610974    
        53    -10.92610974    
        54    -10.92610974    
        55    -10.92610974    
        56    -10.92610974    
        57    -10.92610974    
        58    -10.92610974    
        59    -10.92610974    
        60    -10.92610974    
        61    -10.92610974    
        62    -10.92610974    
        63    -10.92610974    
        64    -10.92610974    
        65    -10.92610974    
        66    -10.92610974    
        67    -10.92610974    
        68    -10.92610974    
        69    -10.92610974    
        70    -10.92610974    
        71    -10.92610974    
        72    -10.92610974    
        73    -10.92610974    
        74    -10.92610974    
        75    -10.92610974    
        76    -10.92610974    
        77    -10.92610974    
        78    -10.92610974    
        79    -10.92610974    
        80    -10.92610974    
        81    -10.92610974    
        82    -10.92610974    
        83    -10.92610974    
        84    -10.92610974    
        85    -10.92610974    
        86    -10.92610974    
        87    -10.92610974    
        88    -10.92610974    
        89    -10.92610974    
        90    -10.92610974    
        91    -10.92610974    
        92    -10.92610974    
        93    -10.92610974    
        94    -10.92610974    
        95    -10.92610974    
        96    -10.92610974    
        97    -10.92610974    
        98    -10.92610974    
        99    -10.92610974    
       100    -10.92610974    
       101    -10.92610974    
       102    -10.92610974    
       103    -10.92610974    
       104    -10.92610974    
       105    -10.92610974    
       106    -10.92610974    
       107    -10.92610974    
       108    -10.92610974    
       109    -10.92610974    
       110    -10.92610974    
       111    -10.92610974    
       112    -10.92610974    
       113    -10.92610974    
       114    -10.92610974    
       115    -10.92610974    
       116    -10.92610974    
       117    -10.92610974    
       118    -10.92610974    
       119    -10.92610974    
       120    -10.92610974    
       121    -10.92610974    
       122    -10.92610974    
       123    -10.92610974    
       124    -10.92610974    
       125    -10.92610974    
       126    -10.92610974    
       127    -10.92610974    
       128    -10.92610974    
       129    -10.92610974    
       130    -10.92610974    
       131    -10.92610974    
       132    -10.92610974    
       133    -10.92610974    
       134    -10.92610974    
       135    -10.92610974    
       136    -10.92610974    
       137    -10.92610974    
       138    -10.92610974    
       139    -10.92610974    
       140    -10.92610974    
       141    -10.92610974    
       142    -10.92610974    
       143    -10.92610974    
       144    -10.92610974    
       145    -10.92610974    
       146    -10.92610974    
       147    -10.92610974    
       148    -10.92610974    
       149    -10.92610974    
       150    -10.92610974    
       151    -10.92610974    
       152    -10.92610974    
       153    -10.92610974    
       154    -10.92610974    
       155    -10.92610974    
       156    -10.92610974    
       157    -10.92610974    
       158    -10.92610974    
       159    -10.92610974    
       160    -10.92610974    
       161    -10.92610974    
       162    -10.92610974    
       163    -10.92610974    
       164    -10.92610974    
       165    -10.92610974    
       166    -10.92610974    
       167    -10.92610974    
       168    -10.92610974    
       169    -10.92610974    
       170    -10.92610974    
       171    -10.92610974    
       172    -10.92610974    
       173    -10.92610974    
       174    -10.92610974    
       175    -10.92610974    
       176    -10.92610974    
       177    -10.92610974    
       178    -10.92610974    
       179    -10.92610974    
       180    -10.92610974    
       181    -10.92610974    
       182    -10.92610974    
       183    -10.92610974    
       184    -10.92610974    
       185    -10.92610974    
       186    -10.92610974    
       187    -10.92610974    
       188    -10.92610974    
       189    -11.37235037    
       190    -11.37235037    
       191    -11.37235037    
       192    -11.37235037    
       193    -11.37235037    
       194    -11.37235037    
       195    -11.37235037    
       196    -11.37235037    
       197    -11.37235038    
       198    -11.37235038    
       199    -11.37235038    
       200    -11.37235038    
       201    -11.37235038    
       202    -11.37235038    
       203    -11.37235038    
       204    -11.37235038    
       205    -11.37235038    
       206    -11.37235038    
       207    -11.37235038    
       208    -11.37235038    
       209    -11.37235038    
       210    -11.37235038    
       211    -11.37235038    
       212    -11.37235038    
       213    -11.37235038    
       214    -11.37235038    
       215    -11.37235038    
       216    -11.37235039    
       217    -11.37235039    
       218    -11.37235039    
       219    -11.37235039    
       220    -11.37235039    
       221    -11.37235039    
       222    -11.37235039    
       223    -11.37235039    
       224    -11.37235039    
       225    -11.37235039    
       226    -11.37235039    
       227    -11.37235039    
       228    -11.37235039    
       229    -11.37235039    
       230    -11.37235039    
       231    -11.37235039    
       232    -11.37235039    
       233    -11.37235039    
       234    -11.37235039    
       235    -11.37235039    
       236    -11.37235039    
       237    -11.37235039    
       238    -11.37235039    
       239    -11.37235039    
       240    -11.37235039    
       241    -11.37235039    
       242    -11.37235039    
       243    -11.37235039    
       244    -11.37235039    
       245    -11.37235039    
       246    -11.37235039    
       247    -11.37235039    
       248    -11.37235039    
       249    -11.37235039    
       250    -11.37235039    
       251    -11.37235039    
       252    -11.37235039    
       253    -11.37235039    
       254    -11.37235039    
       255    -11.37235039    
       256    -11.37235039    
       257    -11.37235039    
       258    -11.37235039    
       259    -11.37235039    
       260    -11.37235039    
       261    -11.37235039    
       262    -11.37235039    
       263    -11.37235039    
       264    -11.37235039    
       265    -11.37235039    
       266    -11.37235039    
       267    -11.37235039    
       268    -11.37235039    
       269    -11.37235039    
       270    -11.37235039    
       271    -11.37235039    
       272    -11.37235039    
       273    -11.37235039    
       274    -11.37235039    
       275    -11.37235039    
       276    -11.37235039    
       277    -11.37235039    
       278    -11.37235039    
       279    -11.37235039    
       280    -11.37235039    
       281    -11.37235039    
       282    -11.37235039    
       283    -11.37235039    
       284    -11.37235039    
       285    -11.37235039    
       286    -11.37235039    
       287    -11.37235039    
       288    -11.37235039    
       289    -11.37235039    
       290    -11.37235039    
       291    -11.37235039    
       292    -11.37235039    
       293    -11.37235039    
       294    -11.37235039    
       295    -11.37235039    
       296    -11.37235039    
       297    -11.37235039    
       298    -11.37235039    
       299    -11.37235039    
       300    -11.37235039    
       301    -11.37235039    
       302    -11.37235039    
       303    -11.37235039    
       304    -11.37235039    
       305    -11.37235039    
       306    -11.37235039    
       307    -11.37235039    
       308    -11.37235039    
       309    -11.37235039    
       310    -11.37235039    
       311    -11.37235039    
       312    -11.37235039    
       313    -11.37235039    
       314    -11.37235039    
       315    -11.37235039    
       316    -11.37235039    
       317    -11.37235039    
       318    -11.37235039    
       319    -11.37235039    
       320    -11.37235039    
       321    -11.37235039    
       322    -11.37235039    
       323    -11.37235039    
       324    -11.37235039    
       325    -11.37235039    
       326    -11.37235039    
       327    -11.37235039    
       328    -11.37235039    
       329    -11.37235039    
       330    -11.37235039    
       331    -11.37235039    
       332    -11.37235039    
       333    -11.37235039    
       334    -11.37235039    
       335    -11.37235039    
       336    -11.37235039    
       337    -11.37235039    
       338    -11.37235039    
       339    -11.37235039    
       340    -11.37235039    
       341    -11.37235039    
       342    -11.37235039    
       343    -11.37235039    
       344    -11.37235039    
       345    -11.37235039    
       346    -11.37235039    
       347    -11.37235039    
       348    -11.37235039    
       349    -11.37235039    
       350    -11.37235039    
       351    -11.37235039    
       352    -11.37235039    
       353    -11.37235039    
       354    -11.37235039    
       355    -11.37235039    
       356    -11.37235039    
       357    -11.37235039    
       358    -11.37235039    
       359    -11.37235039    
       360    -11.37235039    
       361    -11.37235039    
       362    -11.37235039    
       363    -11.37235039    
       364    -11.37235039    
       365    -11.37235039    
       366    -11.37235039    
       367    -11.37235039    
       368    -11.37235039    
       369    -11.37235039    
       370    -11.37235039    
       371    -11.37235039    
       372    -11.37235039    
       373    -11.37235039    
       374    -11.37235039    
       375    -11.37235039    
       376    -11.37235039    
       377    -11.37235039    
       378    -11.37235039    
       379    -11.37235039    
       380    -11.37235039    
       381    -11.37235039    
       382    -11.37235039    
       383    -11.37235039    
       384    -11.37235039    
       385    -11.37235039    
       386    -11.37235039    
       387    -11.37235039    
       388    -11.37235039    
       389    -11.37235039    
       390    -11.37235039    
       391    -11.37235039    
       392    -11.37235039    
       393    -11.37235039    
       394    -11.37235039    
       395    -11.37235039    
       396    -11.37235039    
       397    -11.37235039    
       398    -11.37235039    
       399    -11.37235039    
       400    -11.37235039    
       401    -11.37235039    
       402    -11.37235039    
       403    -11.37235039    
       404    -11.37235039    
       405    -11.37235039    
       406    -11.37235039    
       407    -11.37235039    
       408    -11.37235039    
       409    -11.37235039    
       410    -11.37235039    
       411    -11.37235039    
       412    -11.37235039    
       413    -11.37235039    
       414    -11.37235039    
       415    -11.37235039    
       416    -11.37235039    
       417    -11.37235039    
       418    -11.37235039    
       419    -11.37235039    
       420    -11.37235039    
       421    -11.37235039    
       422    -11.37235039    
       423    -11.37235039    
       424    -11.37235039    
       425    -11.37235039    
       426    -11.37235039    
       427    -11.37235039    
       428    -11.37235039    
       429    -11.37235039    
       430    -11.37235039    
       431    -11.37235039    
       432    -11.37235039    
       433    -11.37235039    
       434    -11.37235039    
       435    -11.37235039    
       436    -11.37235039    
       437    -11.37235039    
       438    -11.37235039    
       439    -11.37235039    
       440    -11.37235039    
       441    -11.37235039    
       442    -11.37235039    
       443    -11.37235039    
       444    -11.37235039    
       445    -11.37235039    
       446    -11.37235039    
       447    -11.37235039    
       448    -11.37235039    
       449    -11.37235039    
       450    -11.75755475    
       451    -11.75755475    
       452    -11.75755475    
       453    -11.75755475    
       454    -11.75755475    
       455    -11.75755475    
       456    -11.75755475    
       457    -11.75755475    
       458    -11.75755475    
       459    -12.12973698    
       460    -12.12973698    
       461    -12.12973698    
       462    -12.12973698    
       463    -12.12973699    
       464    -12.12973699    
       465    -12.12973699    
       466    -12.94781155    
       467    -12.94781155    
       468    -12.94781155    
       469    -12.94781155    
       470    -12.94781155    
       471    -12.94781155    
       472    -12.94781155    
       473    -12.94781155    
       474    -12.94781155    
       475    -12.94781155    
       476    -12.94781155    
       477    -12.94781155    
       478    -12.94781155    
       479    -12.94781155    
       480    -12.94781155    
       481    -12.94781155    
       482    -12.94781155    
       483    -12.94781155    
       484    -12.94781155    
       485    -12.94781155    
       486    -12.94781155    
       487    -12.94781155    
       488    -12.94781155    
       489    -12.94781155    
       490    -12.94781155    
       491    -12.94781155    
       492    -12.94781155    
       493    -12.94781155    
       494    -12.94781155    
       495    -12.94781155    
       496    -12.94781155    
       497    -12.94781155    
       498    -12.94781155    
       499    -12.94781156    
       500    -12.94781156    
       501    -12.94781156    
       502    -12.94781156    
       503    -12.94781156    
       504    -12.94781156    
       505    -12.94781156    
       506    -12.94781156    
       507    -12.94781156    
       508    -12.94781156    
       509    -12.94781156    
       510    -12.94781156    
       511    -12.94781156    
       512    -12.94781156    
       513    -12.94781156    
       514    -12.94781156    
       515    -12.94781156    
       516    -12.94781156    
       517    -12.94781156    
       518    -12.94781156    
       519    -12.94781156    
       520    -12.94781156    
       521    -12.94781156    
       522    -12.94781156    
       523    -12.94781156    
       524    -12.94781156    
       525    -12.94781156    
       526    -12.94781156    
       527    -12.94781156    
       528    -12.94781156    
       529    -12.94781156    
       530    -12.94781156    
       531    -12.94781156    
       532    -12.94781156    
       533    -12.94781156    
       534    -12.94781156    
       535    -12.94781156    
       536    -12.94781156    
       537    -12.94781156    
       538    -12.94781156    
       539    -12.94781156    
       540    -12.94781156    
       541    -12.94781156    
       542    -12.94781156    
       543    -12.94781156    
       544    -12.94781156    
       545    -12.94781156    
       546    -12.94781156    
       547    -12.94781156    
       548    -12.94781156    
       549    -12.94781156    
       550    -12.94781156    
       551    -12.94781156    
       552    -12.94781156    
       553    -12.94781156    
       554    -12.94781156    
       555    -12.94781156    
       556    -12.94781156    
       557    -12.94781156    
       558    -12.94781156    
       559    -12.94781156    
       560    -12.94781156    
       561    -12.94781156    
       562    -12.94781156    
       563    -12.94781156    
       564    -12.94781156    
       565    -12.94781156    
       566    -12.94781156    
       567    -12.94781156    
       568    -12.94781156    
       569    -12.94781156    
       570    -12.94781156    
       571    -12.94781156    
       572    -12.94781156    
       573    -12.94781156    
       574    -12.94781156    
       575    -12.94781156    
       576    -12.94781156    
       577    -12.94781156    
       578    -12.94781156    
       579    -12.94781156    
       580    -12.94781156    
       581    -12.94781156    
       582    -12.94781156    
       583    -12.94781156    
       584    -12.94781156    
       585    -12.94781156    
       586    -12.94781156    
       587    -12.94781156    
       588    -12.94781156    
       589    -13.87186443    
       590    -13.87186443    
       591    -13.87186443    
       592    -13.87186443    
       593    -13.87186443    
       594    -13.87186444    
       595    -13.87186444    
       596    -13.87186445    
       597    -13.87186445    
       598    -13.87186445    
       599    -13.87186445    
       600    -13.87186445    
       601    -13.87186445    
       602    -13.87186445    
       603    -13.87186445    
       604    -13.87186445    
       605    -13.87186445    
       606    -13.87186445    
       607    -13.87186445    
       608    -13.87186445    
       609    -13.87186445    
       610    -13.87186445    
       611    -13.87186445    
       612    -13.87186445    
       613    -13.87186445    
       614    -13.87186445    
       615    -13.87186445    
       616    -13.87186445    
       617    -13.87186445    
       618    -13.87186445    
       619    -13.87186445    
       620    -13.87186445    
       621    -13.87186445    
       622    -13.87186445    
       623    -15.33241089    
       624    -15.33241089    
       625    -15.33241089    
       626    -15.33241089    
       627    -15.33241089    
       628    -15.33241089    
       629    -15.33241089    
       630    -15.33241089    
       631    -15.33241089    
       632    -15.33241089    
       633    -15.33241089    
       634    -15.33241089    
       635    -15.33241089    
       636    -15.33241089    
       637    -15.33241089    
       638    -15.33241089    
       639    -15.33241089    
       640    -15.33241089    
       641    -15.33241089    
       642    -15.33241089    
       643    -15.33241089    
       644    -15.33241089    
       645    -15.33241089    
       646    -15.33241089    
       647    -15.33241089    
       648    -15.33241089    
       649    -15.33241089    
       650    -15.33241089    
       651    -15.33241089    
       652    -15.33241089    
       653    -15.33241089    
       654    -15.33241089    
       655    -15.33241089    
       656    -15.33241089    
       657    -15.33241089    
       658    -15.33241089    
       659    -15.33241089    
       660    -15.33241089    
       661    -15.33241089    
       662    -15.33241089    
       663    -15.33241089    
       664    -15.33241089    
       665    -15.33241089    
       666    -15.33241089    
       667    -15.33241089    
       668    -15.33241089    
       669    -15.33241089    
       670    -15.33241089    
       671    -15.33241089    
       672    -15.33241089    
       673    -15.33241089    
       674    -15.33241089    
       675    -15.33241089    
       676    -15.33241089    
       677    -15.33241089    
       678    -15.33241089    
       679    -15.33241089    
       680    -15.33241089    
       681    -15.33241089    
       682    -15.33241089    
       683    -15.33241089    
       684    -15.33241089    
       685    -15.33241089    
       686    -15.33241089    
       687    -15.33241089    
       688    -15.33241089    
       689    -15.33241089    
       690    -15.33241089    
       691    -15.33241089    
       692    -15.33241089    
       693    -15.33241089    
       694    -15.33241089    
       695    -15.33241089    
       696    -15.33241089    
       697    -15.33241089    
       698    -15.33241089    
       699    -15.33241089    
       700    -15.33241089    
       701    -15.33241089    
       702    -15.33241089    
       703    -15.33241089    
       704    -15.33241089    
       705    -15.33241089    
       706    -15.33241089    
       707    -15.33241089    
       708    -15.33241089    
       709    -15.33241089    
       710    -15.33241089    
       711    -15.33241089    
       712    -15.33241089    
       713    -15.33241089    
       714    -15.33241089    
       715    -15.33241089    
       716    -15.33241089    
       717    -15.33241089    
       718    -15.33241089    
       719    -15.33241089    
       720    -15.33241089    
       721    -15.33241089    
       722    -15.33241089    
       723    -15.33241089    
       724    -15.33241089    
       725    -15.33241089    
       726    -15.33241089    
       727    -15.33241089    
       728    -15.33241089    
       729    -15.33241089    
       730    -15.33241089    
       731    -15.33241089    
       732    -15.33241089    
       733    -15.33241089    
       734    -15.33241089    
       735    -15.33241089    
       736    -15.33241089    
       737    -15.33241089    
       738    -15.33241089    
       739    -15.33241089    
       740    -15.33241089    
       741    -15.33241089    
       742    -15.33241089    
       743    -15.33241089    
       744    -15.33241089    
       745    -15.33241089    
       746    -15.33241089    
       747    -15.33241089    
       748    -15.33241089    
       749    -15.33241089    
       750    -15.33241089    
       751    -15.33241089    
       752    -15.33241089    
       753    -15.33241089    
       754    -15.33241089    
       755    -15.33241089    
       756    -15.33241090    
       757    -15.33241090    
       758    -15.33241090    
       759    -15.33241090    
       760    -15.33241090    
       761    -15.33241090    
       762    -15.33241090    
       763    -15.33241090    
       764    -15.33241090    
       765    -15.33241090    
       766    -15.33241090    
       767    -15.33241090    
       768    -15.33241090    
       769    -15.33241090    
       770    -15.33241090    
       771    -15.33241090    
       772    -15.33241090    
       773    -15.33241090    
       774    -15.33241090    
       775    -15.33241090    
       776    -15.33241090    
       777    -15.33241090    
       778    -15.33241090    
       779    -15.33241090    
       780    -15.33241090    
       781    -15.33241090    
       782    -15.33241090    
       783    -15.33241090    
       784    -15.33241090    
       785    -15.33241090    
       786    -15.33241090    
       787    -15.33241090    
       788    -15.33241090    
       789    -15.33241090    
       790    -15.33241090    
       791    -15.33241090    
       792    -15.33241090    
       793    -15.33241090    
       794    -15.33241090    
       795    -15.33241090    
       796    -15.33241090    
       797    -15.33241090    
       798    -15.33241090    
       799    -15.33241090    
       800    -15.33241090    
       801    -15.33241090    
       802    -15.33241090    
       803    -15.33241090    
       804    -15.33241090    
       805    -15.33241090    
       806    -15.33241090    
       807    -15.33241090    
       808    -15.33241090    
       809    -15.33241090    
       810    -15.33241090    
       811    -15.33241090    
       812    -15.33241090    
       813    -15.33241090    
       814    -15.33241090    
       815    -15.33241090    
       816    -15.33241090    
       817    -15.33241090    
       818    -15.33241090    
       819    -15.33241090    
       820    -15.33241090    
       821    -15.33241090    
       822    -15.33241090    
       823    -15.33241090    
       824    -15.33241090    
       825    -15.33241090    
       826    -15.33241090    
       827    -15.33241090    
       828    -15.33241090    
       829    -15.33241090    
       830    -15.33241090    
       831    -15.33241090    
       832    -15.33241090    
       833    -15.33241090    
       834    -15.33241090    
       835    -15.33241090    
       836    -15.33241090    
       837    -15.33241090    
       838    -15.33241090    
       839    -15.33241090    
       840    -15.33241090    
       841    -15.33241090    
       842    -15.33241090    
       843    -15.33241090    
       844    -15.33241090    
       845    -15.33241090    
       846    -15.33241090    
       847    -15.33241090    
       848    -15.33241090    
       849    -15.33241090    
       850    -15.33241090    
       851    -15.33241090    
       852    -15.33241090    
       853    -15.33241090    
       854    -15.33241090    
       855    -15.33241090    
       856    -15.33241090    
       857    -15.33241090    
       858    -15.33241090    
       859    -15.33241090    
       860    -15.33241090    
       861    -15.33241090    
       862    -15.33241090    
       863    -15.33241090    
       864    -15.33241090    
       865    -15.33241090    
       866    -15.33241090    
       867    -15.33241090    
       868    -15.33241090    
       869    -15.33241090    
       870    -15.33241090    
       871    -15.33241090    
       872    -15.33241090    
       873    -15.33241090    
       874    -15.33241090    
       875    -15.33241090    
       876    -15.33241090    
       877    -15.33241090    
       878    -15.33241090    
       879    -15.33241090    
       880    -15.33241090    
       881    -15.33241090    
       882    -15.33241090    
       883    -15.33241090    
       884    -15.33241090    
       885    -15.33241090    
       886    -15.33241090    
       887    -15.33241090    
       888    -15.33241090    
       889    -15.33241090    
       890    -15.33241090    
       891    -15.33241090    
       892    -15.33241090    
       893    -15.33241090    
       894    -15.33241090    
       895    -15.33241090    
       896    -15.33241090    
       897    -15.33241090    
       898    -15.33241090    
       899    -15.33241090    
       900    -15.33241090    
       901    -15.33241090    
       902    -15.33241090    
       903    -15.33241090    
       904    -15.33241090    
       905    -15.33241090    
       906    -15.33241090    
       907    -15.33241090    
       908    -15.33241090    
       909    -15.33241090    
       910    -15.33241090    
       911    -15.33241090    
       912    -15.33241090    
       913    -15.33241090    
       914    -15.33241090    
       915    -15.33241090    
       916    -15.33241090    
       917    -15.33241090    
       918    -15.33241090    
       919    -15.33241090    
       920    -15.33241090    
       921    -15.33241090    
       922    -15.33241090    
       923    -15.33241090    
       924    -15.33241090    
       925    -15.33241090    
       926    -15.33241090    
       927    -15.33241090    
       928    -15.33241090    
       929    -15.33241090    
       930    -15.33241090    
       931    -15.33241090    
       932    -15.33241090    
       933    -15.33241090    
       934    -15.33241090    
       935    -15.33241090    
       936    -15.33241090    
       937    -15.33241090    
       938    -15.33241090    
       939    -15.33241090    
       940    -15.33241090    
       941    -15.33241090    
       942    -15.33241090    
       943    -15.33241090    
       944    -15.33241090    
       945    -15.33241090    
       946    -15.33241090    
       947    -15.33241090    
       948    -15.33241090    
       949    -15.33241090    
       950    -15.33241090    
       951    -15.33241090    
       952    -15.33241090    
       953    -15.33241090    
       954    -15.33241090    
       955    -15.33241090    
       956    -15.33241090    
       957    -15.33241090    
       958    -15.33241090    
       959    -15.33241090    
       960    -15.33241090    
       961    -15.33241090    
       962    -15.33241090    
       963    -15.33241090    
       964    -15.33241090    
       965    -15.33241090    
       966    -15.33241090    
       967    -15.33241090    
       968    -15.33241090    
       969    -15.33241090    
       970    -15.33241090    
       971    -15.33241090    
       972    -15.33241090    
       973    -15.33241090    
       974    -15.33241090    
       975    -15.33241090    
       976    -15.33241090    
       977    -15.33241090    
       978    -15.33241090    
       979    -15.33241090    
       980    -15.33241090    
       981    -15.33241090    
       982    -15.33241090    
       983    -15.33241090    
       984    -15.33241090    
       985    -15.33241090    
       986    -15.33241090    
       987    -15.33241090    
       988    -15.33241090    
       989    -15.33241090    
       990    -15.33241090    
       991    -15.33241090    
       992    -15.33241090    
       993    -15.33241090    
       994    -15.33241090    
       995    -15.33241090    
       996    -15.33241090    
       997    -15.33241090    
       998    -15.33241090    
       999    -15.33241090    
      1000    -15.33241090    
