         1        0.8670085466
         2        0.8670085695
         3        0.8670086040
         4        0.8670085369
         5        0.8670086924
         6        0.8670085333
         7        0.8670085483
         8       -3.0200093692
         9       -3.0200093874
        10       -2.4276576675
        11       -3.0200093897
        12       -3.0200093787
        13       -8.4810918557
        14       -8.4810918098
        15       -8.4810918451
        16       -8.4810918412
        17       -8.4810918513
        18       -8.4810918427
        19      -10.9261095151
        20      -10.9261097438
        21      -10.9261097278
        22       -8.6306610203
        23       -8.6306610522
        24       -5.8301727884
        25       -8.6306610573
        26       -8.6306610812
        27       -8.6306610447
        28       -8.6306610544
        29       -8.6306610589
        30       -8.6306610607
        31       -8.6306610478
        32       -8.6306610209
        33       -8.6306610227
        34       -8.6306610549
        35       -8.6306610489
        36       -8.6306610746
        37       -8.6306610622
        38       -8.6306610838
        39       -8.6306610345
        40       -8.6306610534
        41       -8.6306610656
        42       -8.6306610644
        43       -8.6306610361
        44       -8.6306610777
        45       -8.6306610706
        46       -8.6306610659
        47       -8.6306610643
        48       -8.6306610332
        49       -8.6306610659
        50       -8.6306610710
        51       -8.6306610300
        52       -8.6306609976
        53       -8.6306610213
        54       -5.8301728029
        55       -8.6306610364
        56       -8.6306610446
        57       -8.6306610632
        58       -8.6306610863
        59       -8.6306610408
        60  1000000.0000000000
        61       -8.6306610177
        62       -8.6306610624
        63       -8.6306610525
        64       -8.6306610565
        65      -10.9261097145
        66      -10.9261097382
        67      -10.9261096091
        68      -10.9261093977
        69      -10.9261094403
        70      -10.9261097261
        71      -10.9261096539
        72      -10.9261097248
        73      -10.9261097436
        74      -10.9261097377
        75      -10.9261096944
        76      -10.9261097382
        77       -9.4077337779
        78      -10.9261097213
        79      -10.9261097176
        80  1000000.0000000000
        81      -10.9261097342
        82      -10.9261097081
        83      -10.9261097225
        84      -10.9261097030
        85      -10.9261097092
        86      -10.9261097270
        87      -10.9261097018
        88      -10.9261097039
        89      -10.9261097410
        90      -10.9261097231
        91      -10.9261097265
        92      -10.9261097434
        93      -10.9261097299
        94      -10.9261097408
        95      -10.9261097315
        96      -10.9261097258
        97      -10.9261097126
        98       -7.9133365765
        99      -10.9261097242
       100      -10.9261097266
       101      -10.9261097219
       102      -10.9261097285
       103       -8.6306610752
       104      -10.9261086640
       105      -10.9261097212
       106      -10.9261097336
       107      -10.9261096445
       108      -10.9261096782
       109      -10.9261097100
       110      -10.9261097039
       111      -10.9261094712
       112      -10.9261097228
       113      -10.9261096391
       114      123.2326622935
       115      -10.9261097275
       116      121.0255991047
       117      -10.9261095153
       118       -7.9133365351
       119      -10.9261097196
       120      -10.9261097146
       121      -10.9261097412
       122      -10.9261097103
       123       -7.9686553790
       124      123.2326623244
       125      -10.9261097333
       126      -10.9261097034
       127      -10.9261097247
       128      -10.9261096910
       129      -10.9261097288
       130      -10.9261097371
       131      -10.9261097235
       132       -7.9686553784
       133      125.3846842592
       134  1000000.0000000000
       135       -7.9686553817
       136       -7.9686553760
       137       -6.2706900469
       138       -6.2706901668
       139       -6.2706901218
       140  1000000.0000000000
       141       -6.2706901674
       142       -6.2706901560
       143       -6.2706900862
       144       -6.2706901705
       145       -7.9686553863
       146       -7.9686553846
       147       -7.9686553623
       148       -7.9686553834
       149       -7.9686553787
       150       -7.9686553616
       151       -7.9686553731
       152       -7.9686553907
       153  1000000.0000000000
       154      124.0780055416
       155       -4.8869345883
       156       -7.9686553916
       157       -7.9686553905
       158       -7.9686553515
       159      -10.9261097084
       160      -10.9261097335
       161       -7.9133365587
       162       -8.6306610568
       163      -10.9261095784
       164      -10.9261097206
       165      -10.9261097274
       166      -10.9261089659
       167      121.0255991095
       168      -10.9261097088
       169      -10.9261097378
       170  1000000.0000000000
       171      -10.9261097277
       172      -10.9261096456
       173      -10.9261097138
       174      -10.9261097000
       175       -8.6306610720
       176       -8.6306610636
       177       -8.6306610525
       178       -8.6306610652
       179       -8.6306610099
       180       -8.6306610869
       181       -8.6306610310
       182       -8.6306610869
       183       -8.6306610706
       184       -8.6306610383
       185       -8.6306610219
       186       -5.8301728014
       187       -8.6306610458
       188       -8.6306610763
       189      -11.3723503719
       190      -11.3723503668
       191  1000000.0000000000
       192      -11.3723503743
       193      -11.3723503397
       194       -7.7331588460
       195  1000000.0000000000
       196      -11.3723503406
       197      -11.3723503814
       198      -11.3723503102
       199      -11.3723503722
       200      -11.3723503760
       201      -11.3723503394
       202      -11.3723502951
       203      -11.3723503789
       204      -11.3723503717
       205      -11.3723503831
       206  1000000.0000000000
       207      -11.3723503100
       208      -11.3723502812
       209      -11.3723503631
       210       -9.7195200538
       211      -11.3723503407
       212      -11.3723503630
       213      -11.3723503523
       214      -11.3723503527
       215      -11.3723503761
       216      -11.3723503894
       217      -11.3723503772
       218      -11.3723503071
       219      -11.3723503336
       220      -11.3723503496
       221       -8.4505200667
       222      -11.3723503596
       223       -7.7331588162
       224      -11.3723503864
       225       -8.6306610126
       226      -11.3723503743
       227      -11.3723503006
       228      -11.3723503801
       229  1000000.0000000000
       230        1.0025678266
       231      -11.3723503374
       232      -11.3723503432
       233      -11.3723503698
       234       -7.7331587984
       235      112.2126683184
       236       -9.7195200901
       237       -9.7195200587
       238       -6.5296382460
       239       -9.7195200689
       240       -9.7195200552
       241       -6.4047316380
       242       -9.7195200586
       243       -9.7195200765
       244       -9.7195200771
       245       -9.7195200906
       246       -9.7195200747
       247       -9.7195200795
       248       -9.7195200582
       249       -9.7195200811
       250       -9.7195200815
       251       -9.7195200276
       252       -9.7195200541
       253       -5.5289420771
       254       -9.7195200718
       255       -9.7195200537
       256       -9.7195200725
       257       -9.7195200702
       258       -9.7195200333
       259       -6.5296382159
       260       -9.7195200850
       261       -9.7195200487
       262       -9.7195200527
       263       -6.4047316361
       264       -6.7574703832
       265       -6.7574703873
       266       -6.7574703514
       267       -6.7574703700
       268       -5.2630421652
       269       -6.7574703376
       270       -8.1505854921
       271       -8.1505854873
       272       -8.1505854622
       273       -8.1505854858
       274       -8.1505854798
       275       -8.1505854935
       276       -8.1505854955
       277       -9.3757026226
       278       -9.3757026305
       279       -9.3757026442
       280  1000000.0000000000
       281       -9.3757026320
       282       -9.3757026440
       283       -9.3757026329
       284       -9.2433530343
       285       -9.2433530312
       286       -9.3757026468
       287       -9.3757026345
       288       -9.3757015884
       289      -10.9717677563
       290      -10.9717677438
       291      -10.9717677578
       292      -10.9717677428
       293      -10.9717677669
       294      -10.9717677525
       295  1000000.0000000000
       296      -10.9717676133
       297      -10.9717677404
       298      -10.9717677668
       299      -10.9717677661
       300      -10.9717677468
       301      -10.9717677472
       302       -9.8881115200
       303      -10.9717677567
       304      -10.9717677740
       305      -10.9717677633
       306       -8.2072346480
       307      -10.9717677080
       308      -10.9717677558
       309      -10.9717677577
       310       -8.0561581738
       311       -9.2433530330
       312      -10.9717677680
       313      -10.9717677610
       314      -10.9717677388
       315       -9.8881115350
       316      -10.9717677663
       317      -10.9717677700
       318      -10.9717677611
       319      -10.9717677593
       320       76.2359349416
       321      -10.9717677470
       322      -10.9717677705
       323      -10.9717677590
       324      -10.9717677566
       325      -10.9717677527
       326      -10.9717677374
       327      -10.9717677521
       328      -10.9717677578
       329       -9.8881115345
       330      -10.9717677719
       331  1000000.0000000000
       332  1000000.0000000000
       333      -10.9717677573
       334      -10.9717677528
       335       -9.2433530165
       336      -10.9717677696
       337  1000000.0000000000
       338      -10.9717677686
       339  1000000.0000000000
       340        3.0845836985
       341      -10.9717677096
       342      129.9219640203
       343      -10.9717677727
       344       -9.8881115327
       345      -10.9717677776
       346      -10.9717677713
       347       -8.1505854874
       348       -9.3757026339
       349      -10.9717677528
       350      -10.9717677635
       351      -10.9717677524
       352      -10.8009514877
       353      -10.8009514779
       354       -9.2433530296
       355        1.4851824593
       356      -10.8009514991
       357  1000000.0000000000
       358       -8.0561581646
       359      -10.8009514634
       360  1000000.0000000000
       361      -10.8009514864
       362       -7.2021829046
       363      -10.8009514845
       364      -10.8009514941
       365       -3.1826061638
       366      -10.8009514598
       367      -10.8009514757
       368      -10.8009514824
       369      -10.8009514444
       370       -9.8881114815
       371       -7.5419326915
       372       -9.8881115207
       373       -7.2021830046
       374       -9.8881114964
       375       -3.9243442671
       376  1000000.0000000000
       377      -10.9717677581
       378      -10.9717677692
       379      -10.8009514919
       380      -10.8009514776
       381      -10.8009514837
       382      -10.8009514819
       383  1000000.0000000000
       384      -10.8009514990
       385      -10.8009515002
       386      -10.8009514846
       387      -10.8009514968
       388      -10.8009515033
       389       -4.7057345498
       390      -10.8009514729
       391       -9.6397762443
       392      -10.8009514841
       393      123.9303121031
       394      -10.8009514661
       395      -10.8009514959
       396      -10.8009514733
       397      -10.8009514874
       398      -10.9717677484
       399      -10.9717677678
       400      -10.9717677712
       401      -10.9717677323
       402       -7.5419325769
       403  1000000.0000000000
       404       -8.3241441101
       405      -10.9717677628
       406       -6.5780213671
       407      -10.9717677565
       408      -10.9717677735
       409  1000000.0000000000
       410       -9.3757026407
       411       -9.3757026423
       412       -9.3757026449
       413       -9.3757026322
       414       -9.3757026330
       415       -9.3757026462
       416       -9.3757026280
       417       -9.3757026337
       418      -10.9717677757
       419      -10.8009514777
       420      -10.9717677624
       421       -9.3757026410
       422      -10.8009514895
       423      -10.8009515027
       424  1000000.0000000000
       425      -10.8009514835
       426      -10.8009514833
       427       -2.2705410560
       428      -10.8009514950
       429      129.6323731261
       430  1000000.0000000000
       431      -10.8009514966
       432      127.7002831249
       433      -10.8009514760
       434      124.5568848057
       435      -10.8009515003
       436       -9.6397762456
       437       -9.6596452750
       438       -9.6596452501
       439       -9.6596452734
       440        5.9996506076
       441       -9.6596452786
       442      -10.8009514940
       443       -9.3669251590
       444       -9.6397762606
       445        7.0395299266
       446      -10.8009514953
       447      -10.8009514764
       448      -10.8009514855
       449      -10.8009514822
       450      -11.7575547462
       451      -10.7964989844
       452      -10.7964989627
       453      -10.7964989773
       454      -10.7964989811
       455      -10.7964989911
       456      -10.7964989846
       457  1000000.0000000000
       458      -10.7964989816
       459      -12.1297369756
       460       -6.3290848772
       461       -3.6780293038
       462      -12.1297369713
       463      -12.1297369887
       464      -10.7964989719
       465      -12.1297369534
       466      -12.9478115462
       467      -12.9478115460
       468  1000000.0000000000
       469        4.3330872574
       470       -7.9489169224
       471       -9.1541504448
       472      -12.9478115417
       473      -12.9478115482
       474      -12.9478115322
       475       12.4122092640
       476      -12.9478115386
       477      -12.9478115458
       478       -7.8892794758
       479  1000000.0000000000
       480  1000000.0000000000
       481      -11.7575547361
       482      -12.9478115539
       483      -12.9478115425
       484      -12.1297369768
       485      -12.9478115502
       486      -12.9478115530
       487  1000000.0000000000
       488       -5.4314898547
       489      -12.9478115304
       490       -7.6362837413
       491      -12.9478114788
       492      -12.9478115318
       493       11.2257479777
       494      -11.7575547335
       495        3.1484473306
       496      -11.7575547480
       497      -11.7575547454
       498       -0.2329813836
       499      -12.9478115565
       500      -12.9478115528
       501  1000000.0000000000
       502      -12.9478115381
       503        8.8494750033
       504      -12.9478115472
       505      -12.9478115330
       506      -12.9478115428
       507      -12.9478115531
       508      -12.9478115598
       509  1000000.0000000000
       510       -1.0389766662
       511      -11.1852273467
       512      -12.8861655403
       513      -12.8861655083
       514      -12.8861655330
       515       -3.4218143645
       516  1000000.0000000000
       517      -12.8861653510
       518      -12.8861655339
       519      -11.8296570498
       520      -12.8861655428
       521      -12.8861655464
       522      -11.0685918792
       523      122.2886200737
       524        7.2150293916
       525      -12.8861655426
       526      -10.7442495273
       527      -11.1852273601
       528      -12.8861655171
       529      -10.0340996232
       530      -12.8861655392
       531      -12.8861655195
       532      -11.1852273439
       533      -11.8296570381
       534  1000000.0000000000
       535      -12.8861655322
       536       -7.6362837446
       537      -11.0685918122
       538       -4.3284172514
       539      -12.8861655088
       540      -12.8861655442
       541      -12.8861655404
       542  1000000.0000000000
       543      -11.1852272673
       544      -11.1852273367
       545       -4.8781756606
       546  1000000.0000000000
       547       -1.5580708075
       548      -11.1852269747
       549       -9.4477721970
       550  1000000.0000000000
       551       -9.9268894133
       552        5.3991248103
       553       -9.9268893660
       554      131.9733535166
       555       -3.4218143786
       556       -8.0878944652
       557        0.8881846415
       558       -9.9524434941
       559       -9.9524434656
       560       -1.2643201816
       561       -9.9524434823
       562       -9.9524435015
       563       -9.9524434883
       564  1000000.0000000000
       565      -12.0998927549
       566      -12.1042139580
       567      -12.7574151092
       568       -7.1775102781
       569       -5.4965357945
       570       -3.0418765322
       571      -12.7574151116
       572      -12.7574151157
       573       -5.6021833427
       574       -9.9524434619
       575  1000000.0000000000
       576       -4.2686710739
       577       -6.5439287397
       578      -12.1042139573
       579      -12.1042139640
       580      -12.7574150970
       581      -12.7574150914
       582      -12.7574151076
       583      -12.7574151005
       584      -12.7574151027
       585        2.0499535887
       586      -12.7574151146
       587       -0.6340760795
       588      -12.7574151010
       589      -13.8718644345
       590       -8.4179121758
       591      -12.1042139614
       592      -12.7574151037
       593      137.5138302725
       594      -13.8718644415
       595  1000000.0000000000
       596      -13.8718644458
       597       -1.0389766621
       598  1000000.0000000000
       599      -13.3109000820
       600      -12.9478115421
       601      -13.8718644223
       602       -8.4179121090
       603  1000000.0000000000
       604      -13.8718644111
       605      -10.3062462050
       606      -12.7574151016
       607       -2.5854167949
       608      -13.8718644324
       609      -13.8718644227
       610      138.8137741505
       611      -12.7574151132
       612      -10.0340996235
       613      -13.3109000909
       614      -11.0685918351
       615      -12.7574151111
       616      -11.8296570716
       617      -11.8296570209
       618        3.6978150313
       619        1.8790967206
       620      -11.7575547427
       621      -11.7575547401
       622  1000000.0000000000
       623      -15.3324108883
       624       -4.4554903315
       625       17.0549366867
       626      -15.3324107339
       627      -11.3065586282
       628      -15.3324108741
       629      -11.4596145058
       630      -14.3064143964
       631      -14.1503045732
       632        2.9798012171
       633      -13.8538074091
       634  1000000.0000000000
       635      -13.8538075060
       636       -4.8093444215
       637      -13.8538075159
       638      -13.8538075047
       639      -13.8538074886
       640       -9.6661015251
       641       -9.2916941611
       642  1000000.0000000000
       643  1000000.0000000000
       644        5.5772328628
       645  1000000.0000000000
       646      -12.6176351101
       647        1.4217614487
       648       -3.6753733836
       649       -5.4965249733
       650      -15.3324108855
       651  1000000.0000000000
       652      -14.1503045761
       653  1000000.0000000000
       654      -14.1503045716
       655      -13.0267428356
       656        0.2113740357
       657  1000000.0000000000
       658        2.6475530302
       659       -2.7382228106
       660        4.3545330326
       661      -14.1503045744
       662      -13.0268119634
       663       -9.6489833743
       664        6.0956962697
       665      -14.1503045758
       666       24.3377255778
       667       -9.6489833092
       668      -14.1503045717
       669        1.9418679550
       670        6.0956962701
       671      -15.3324108814
       672      112.8112183723
       673      -11.0794619914
       674      -11.4933736388
       675      -12.3559370339
       676      -12.7574151062
       677      -12.7574151054
       678  1000000.0000000000
       679      -13.8718644426
       680      -12.9478115428
       681      -12.9478115486
       682      -12.9478115022
       683        2.3310013791
       684      -12.9478115350
       685      -13.3109000850
       686      -10.7964989629
       687       -9.9524435175
       688      -13.3109000821
       689       -1.6208661334
       690        0.8592335530
       691      -13.3109000790
       692      -12.1297369948
       693       -8.9467690632
       694        0.1967400467
       695      -12.1042139641
       696      -13.3109000855
       697      -13.3109000825
       698        3.5687071699
       699      -13.3109000858
       700  1000000.0000000000
       701      109.9979144009
       702      -13.8718644360
       703  1000000.0000000000
       704  1000000.0000000000
       705      -12.8861655020
       706  1000000.0000000000
       707      -13.8718644105
       708      -12.8861655409
       709      -12.8861655402
       710       -7.6362837306
       711       -4.9092960227
       712      128.2325255373
       713      -12.7574151014
       714        0.4669780561
       715      127.1440806937
       716      -12.7574151151
       717       -5.6021833480
       718      -12.9478115523
       719      -11.7575547535
       720       -7.5063664760
       721      -12.1297369853
       722      -12.8861655300
       723      -12.8861655128
       724      -12.8861655459
       725       -8.9332181401
       726  1000000.0000000000
       727      -12.8861655445
       728       -8.0878946296
       729      -12.8861655405
       730       12.0971022094
       731      -12.8861655475
       732      -12.8861655033
       733        0.3775420450
       734      -12.8861655442
       735      -11.0685918303
       736      -12.8861655441
       737       -8.4179121760
       738       -8.4425799807
       739  1000000.0000000000
       740  1000000.0000000000
       741       -9.6489833684
       742        0.3775420333
       743        1.3337201125
       744  1000000.0000000000
       745      -11.8296570659
       746       -9.9268894158
       747      -12.8861654825
       748  1000000.0000000000
       749      -12.8861655107
       750      -14.1503045848
       751      -15.3324108797
       752  1000000.0000000000
       753  1000000.0000000000
       754       -6.4920718596
       755       -9.2916941619
       756      -15.3324108986
       757        6.6787573519
       758      -15.3324108988
       759  1000000.0000000000
       760       -4.6744997589
       761        1.6868835701
       762  1000000.0000000000
       763  1000000.0000000000
       764      -15.3324108780
       765      -11.4596145165
       766      -13.8538075235
       767      -15.3324108752
       768       -7.3407483298
       769       -9.6489833636
       770       11.2124259191
       771      -11.3065586399
       772      -15.3324108968
       773       -4.9856487819
       774      112.5270044926
       775      -15.3324108923
       776        7.5252259656
       777        0.4399102909
       778  1000000.0000000000
       779        5.1060526877
       780      -11.3065586588
       781      -11.3065586430
       782       -6.7831586057
       783  1000000.0000000000
       784       -5.6157465123
       785  1000000.0000000000
       786      -15.3324108878
       787      -15.3324108605
       788      -14.1503045477
       789        6.6581680082
       790      -15.3324108797
       791      -15.3324108939
       792       -4.8976998004
       793  1000000.0000000000
       794       -0.6468812394
       795       14.6515000631
       796  1000000.0000000000
       797      141.3486662513
       798       -5.6534360096
       799       -9.2916941855
       800  1000000.0000000000
       801  1000000.0000000000
       802       -5.6277028456
       803      -15.3324108909
       804  1000000.0000000000
       805       -2.9327647883
       806  1000000.0000000000
       807      -15.3324108890
       808      -15.3324108806
       809       -2.8734722343
       810      -15.3324108654
       811        3.6659705713
       812        3.1956781220
       813       -8.9199481784
       814        1.7707836820
       815      -15.3324108987
       816  1000000.0000000000
       817       -8.2907964606
       818      -15.3324108939
       819        6.0956962870
       820        3.9573997322
       821      -15.3324108918
       822        0.5163022575
       823        0.9205645034
       824  1000000.0000000000
       825      -15.3324108865
       826      249.4347908888
       827      -13.8538075060
       828      -15.3324108992
       829      -15.3324108793
       830  1000000.0000000000
       831        0.4399102782
       832      -15.3324108757
       833      -15.3324108901
       834  1000000.0000000000
       835      -15.3324108772
       836      -15.3324108954
       837       -0.8827337827
       838        6.0763002773
       839      -15.3324108303
       840      -15.3324108925
       841       -9.2916941646
       842      -11.0794619915
       843        5.6931294256
       844       26.1434684108
       845        3.1491488192
       846  1000000.0000000000
       847      -15.3324108979
       848  1000000.0000000000
       849       -5.6277028609
       850        9.7354144737
       851      -15.3324108951
       852        2.7429691569
       853       -5.6534360064
       854      -11.8296570659
       855       -9.3583876352
       856      -12.6696839381
       857        5.8724635086
       858       -2.4944645992
       859      -11.0794620032
       860  1000000.0000000000
       861      -15.3324108609
       862      -14.1503045789
       863      -13.8538075186
       864       -4.7769139713
       865       -1.3486193126
       866        4.8534940281
       867  1000000.0000000000
       868        0.7009847556
       869       -3.8996073903
       870      -13.8538075115
       871       -9.2916941782
       872      -13.8538074938
       873      -15.3324108764
       874      -15.3324108925
       875       -2.9095035767
       876      -15.3324108935
       877  1000000.0000000000
       878      -15.3324108717
       879      -15.3324108816
       880      144.4453142079
       881        2.6475530323
       882      120.4124657337
       883      -11.0794619802
       884      -15.3324108959
       885        2.9798012574
       886  1000000.0000000000
       887      -15.3324108500
       888       -1.6035072870
       889      -15.3324108874
       890      -13.8538075086
       891      -10.9332252253
       892       15.7061337635
       893  1000000.0000000000
       894      -15.3324108811
       895      -15.3324108889
       896  1000000.0000000000
       897      -15.3324108622
       898  1000000.0000000000
       899      -13.8538075187
       900      -11.4596145104
       901      -11.4596139226
       902      123.9110883103
       903      -13.8538075041
       904      -13.8538075000
       905        0.1977399989
       906  1000000.0000000000
       907       -2.4041936038
       908       -9.6661015172
       909      -14.1503045770
       910        5.0201991905
       911      -14.1503045776
       912  1000000.0000000000
       913      -12.7574151004
       914       -0.6340760408
       915        2.6296189967
       916       -0.5968632591
       917      -12.7574150950
       918        5.0682485030
       919      -12.7574150889
       920       10.4178092973
       921       -9.6895420603
       922  1000000.0000000000
       923      -12.7574151138
       924       -5.9292838652
       925        4.5814223009
       926       -5.6534359871
       927  1000000.0000000000
       928        6.4990063509
       929      -12.0998927812
       930        1.3554620433
       931      -12.1042139436
       932      -15.3324108901
       933        4.8534940225
       934      -15.3324108871
       935       -6.7995240873
       936      -15.3324108851
       937      -15.3324108919
       938  1000000.0000000000
       939  1000000.0000000000
       940       -9.7959188062
       941      -15.3324108900
       942      -14.3064142466
       943      -15.3324108822
       944      -15.3324108776
       945       -8.3278159497
       946        2.0319229665
       947  1000000.0000000000
       948      -13.8538075161
       949        2.0319228622
       950       -1.7404801271
       951      -12.6176351231
       952      -15.3324108622
       953        9.4446861366
       954      -14.1503045690
       955      133.6822540174
       956  1000000.0000000000
       957      -14.1503045751
       958      -15.3324108837
       959      -15.3324108962
       960        6.1850038676
       961      -15.3324108908
       962        6.1692485521
       963      -14.3064144026
       964      -11.0794620006
       965       -9.6661015149
       966      140.7004714326
       967      -14.1503045643
       968      -12.6176351132
       969      -14.1503045765
       970       -6.7162919230
       971       -8.2166165546
       972      -14.1503045576
       973  1000000.0000000000
       974  1000000.0000000000
       975      -10.3704134737
       976       -4.7769139687
       977  1000000.0000000000
       978      -14.1503045762
       979        0.4757013513
       980       -1.7358633193
       981       -8.3882748272
       982      -14.1503045797
       983        6.2889356656
       984       -5.6277028647
       985        8.9116876894
       986       -9.6489833724
       987  1000000.0000000000
       988      -14.1503045714
       989  1000000.0000000000
       990       18.1999268784
       991      -14.1503045807
       992      118.6342991326
       993       -9.6489833718
       994        1.0852676103
       995       -8.0002082052
       996  1000000.0000000000
       997        1.4063229384
       998      -15.3324108628
       999        6.1145404378
      1000       -9.6489833712
