         1    0.8670085140    
         2    0.8670085299    
         3    0.8670085299    
         4    0.8670085619    
         5    0.8670085600    
         6    0.8670086017    
         7    0.8670085421    
         8    0.8670085614    
         9    0.8670085420    
        10    0.8670085354    
        11    -3.020009345    
        12    -3.020009381    
        13    -3.020009382    
        14    -3.020009387    
        15    -3.020009387    
        16    -3.020009387    
        17    -3.020009381    
        18    -3.020009349    
        19    -3.020009368    
        20    -3.020009387    
        21    -3.020009376    
        22    -3.020009386    
        23    -3.020009388    
        24    -3.020009367    
        25    -3.020009375    
        26    -3.020009362    
        27    -3.020009387    
        28    -3.020009385    
        29    -3.020009390    
        30    -3.020009390    
        31    -3.020009388    
        32    -3.020009379    
        33    -3.020009375    
        34    -3.020009344    
        35    -3.020009387    
        36    -3.020009373    
        37    -3.020009378    
        38    -3.020009375    
        39    -3.020009322    
        40    -3.020009322    
        41    -3.020009348    
        42    -3.020009384    
        43    -3.020009360    
        44    -3.020009360    
        45    -3.020009275    
        46    -3.347456894    
        47    -3.347456862    
        48    -7.212424686    
        49    -7.212424706    
        50    -7.212424708    
        51    -7.212424672    
        52    -12.66968400    
        53    -12.66968400    
        54    -12.66968396    
        55    -12.66968398    
        56    -12.66968398    
        57    -12.66968399    
        58    -12.66968399    
        59    -12.66968399    
        60    -12.66968398    
        61    -12.66968399    
        62    -12.66968400    
        63    -12.66968399    
        64    -12.66968390    
        65    -12.66968400    
        66    -12.66968397    
        67    -12.66968399    
        68    -12.66968399    
        69    -12.66968400    
        70    -12.66968399    
        71    -12.66968399    
        72    -12.66968400    
        73    -12.66968399    
        74    -12.66968400    
        75    -12.66968397    
        76    -12.66968399    
        77    -12.66968399    
        78    -12.66968364    
        79    -12.66968395    
        80    -12.66968399    
        81    -12.66968399    
        82    -12.66968400    
        83    -12.66968400    
        84    -12.66968400    
        85    -12.66968400    
        86    -12.66968400    
        87    -14.51727914    
        88    -14.51727917    
        89    -14.51727916    
        90    -14.51727915    
        91    -14.51727915    
        92    -14.51727915    
        93    -14.51727915    
        94    -14.51727915    
        95    -14.51727915    
        96    -14.51727913    
        97    -14.51727916    
        98    -14.51727910    
        99    -14.51727917    
       100    -14.51727917    
       101    -14.51727909    
       102    -14.51727917    
       103    -14.51727915    
       104    -14.51727894    
       105    -14.51727917    
       106    -14.51727909    
       107    -14.51727916    
       108    -14.51727917    
       109    -14.51727917    
       110    -14.51727915    
       111    -14.51727917    
       112    -14.51727917    
       113    -14.51727910    
       114    -14.51727910    
       115    -14.51727916    
       116    -14.51727917    
       117    -14.51727917    
       118    -14.51727917    
       119    -14.51727917    
       120    -14.51727917    
       121    -14.51727915    
       122    -14.51727917    
       123    -14.51727917    
       124    -14.51727917    
       125    -14.51727917    
       126    -14.51727916    
       127    -14.51727916    
       128    -14.51727914    
       129    -14.51727916    
       130    -14.51727916    
       131    -14.51727917    
       132    -14.51727916    
       133    -14.51727916    
       134    -14.51727916    
       135    -14.51727916    
       136    -14.51727916    
       137    -14.51727917    
       138    -14.51727917    
       139    -12.94649036    
       140    -12.94649032    
       141    -12.94649033    
       142    -12.94649037    
       143    -12.94649035    
       144    -12.94649036    
       145    -12.94649036    
       146    -12.94649028    
       147    -12.94649033    
       148    -14.51727912    
       149    -14.51727912    
       150    -14.51727916    
       151    -14.51727914    
       152    -14.51727917    
       153    -14.51727917    
       154    -14.51727917    
       155    -14.51727914    
       156    -14.51727917    
       157    -14.51727912    
       158    -14.51727915    
       159    -12.94649038    
       160    -12.94649034    
       161    -12.94649036    
       162    -12.94649036    
       163    -12.94649039    
       164    -12.94649039    
       165    -12.94649035    
       166    -12.94649037    
       167    -12.94649036    
       168    -12.94649036    
       169    -11.72038200    
       170    -11.72038207    
       171    -11.72038203    
       172    -11.72038207    
       173    -11.72038204    
       174    -11.72038206    
       175    -11.72038202    
       176    -11.72038206    
       177    -11.72038206    
       178    -11.72038207    
       179    -11.72038205    
       180    -11.72038205    
       181    -11.72038205    
       182    -11.72038205    
       183    -11.72038199    
       184    -11.72038205    
       185    -11.72038206    
       186    -11.72038207    
       187    -11.72038198    
       188    -11.72038205    
       189    -11.72038195    
       190    -11.72038207    
       191    -11.72038207    
       192    -11.72038203    
       193    -11.72038206    
       194    -11.72038203    
       195    -11.72038203    
       196    -11.72038203    
       197    -11.72038205    
       198    -11.72038205    
       199    -11.72038203    
       200    -13.23755126    
       201    -13.23755126    
       202    -13.23755126    
       203    -13.23755126    
       204    -13.23755113    
       205    -13.23755125    
       206    -14.51727917    
       207    -14.51727916    
       208    -14.51727916    
       209    -14.51727917    
       210    -14.51727917    
       211    -14.51727917    
       212    -14.51727917    
       213    -14.51727915    
       214    -14.51727916    
       215    -14.51727917    
       216    -14.51727916    
       217    -12.66968396    
       218    -12.94649038    
       219    -12.94649038    
       220    -12.94649036    
       221    -12.94649037    
       222    -12.94649036    
       223    -12.94649026    
       224    -12.94649039    
       225    -12.94649038    
       226    -12.94649038    
       227    -12.94649034    
       228    -12.94649038    
       229    -12.94649038    
       230    -12.94649038    
       231    -12.94649038    
       232    -12.94649038    
       233    -12.94649036    
       234    -12.94649034    
       235    -12.94649037    
       236    -12.94649037    
       237    -12.94649037    
       238    -12.94649038    
       239    -12.94649037    
       240    -12.94649033    
       241    -12.94649021    
       242    -12.94649038    
       243    -12.94649038    
       244    -12.94649037    
       245    -12.94649037    
       246    -12.94649037    
       247    -12.94649038    
       248    -12.94649034    
       249    -12.94649017    
       250    -12.94649037    
       251    -12.94649037    
       252    -12.94649038    
       253    -12.94649037    
       254    -12.94649035    
       255    -12.94649032    
       256    -12.94649036    
       257    -14.51727917    
       258    -13.23755127    
       259    -13.23755129    
       260    -13.23755129    
       261    -13.23755130    
       262    -13.23755125    
       263    -14.51727915    
       264    -14.51727915    
       265    -14.51727916    
       266    -14.51727916    
       267    -14.51727914    
       268    -14.51727901    
       269    -14.51727917    
       270    -14.51727917    
       271    -14.51727917    
       272    -14.51727917    
       273    -14.51727916    
       274    -13.23755129    
       275    -13.23755127    
       276    -13.23755130    
       277    -13.23755121    
       278    -13.23755124    
       279    -13.23755127    
       280    -13.23755128    
       281    -13.23755080    
       282    -13.23755129    
       283    -14.51727917    
       284    -14.51727917    
       285    -14.51727916    
       286    -13.23755129    
       287    -13.23755128    
       288    -13.23755128    
       289    -13.23755129    
       290    -13.23755129    
       291    -13.23755127    
       292    -13.23755129    
       293    -13.23755129    
       294    -13.23755130    
       295    -13.23755130    
       296    -13.23755130    
       297    -13.23755129    
       298    -13.23755130    
       299    -13.23755127    
       300    -13.23755127    
       301    -13.23755100    
       302    -13.23755128    
       303    -13.23755125    
       304    -13.23755088    
       305    -13.23755124    
       306    -13.23755124    
       307    -13.23755120    
       308    -13.23755130    
       309    -13.23755130    
       310    -13.23755129    
       311    -11.72038204    
       312    -13.23755129    
       313    -13.23755128    
       314    -13.23755128    
       315    -13.23755128    
       316    -13.23755128    
       317    -13.23755129    
       318    -13.23755129    
       319    -14.51727917    
       320    -14.51727917    
       321    -14.51727915    
       322    -14.51727917    
       323    -14.51727916    
       324    -14.51727905    
       325    -14.51727915    
       326    -14.51727907    
       327    -14.51727915    
       328    -14.51727914    
       329    -14.51727917    
       330    -14.51727916    
       331    -14.51727917    
       332    -14.51727916    
       333    -14.51727917    
       334    -14.51727915    
       335    -14.51727915    
       336    -14.51727915    
       337    -14.51727915    
       338    -14.51727916    
       339    -14.51727916    
       340    -14.51727917    
       341    -14.51727917    
       342    -14.51727916    
       343    -14.51727916    
       344    -14.51727916    
       345    -14.51727917    
       346    -14.51727917    
       347    -14.51727915    
       348    -14.51727916    
       349    -14.51727917    
       350    -14.51727917    
       351    -14.51727917    
       352    -14.51727913    
       353    -14.51727914    
       354    -14.51727914    
       355    -14.51727916    
       356    -14.51727916    
       357    -14.51727916    
       358    -14.51727916    
       359    -14.51727914    
       360    -14.51727912    
       361    -14.51727912    
       362    -14.51727917    
       363    -14.51727917    
       364    -14.51727917    
       365    -14.51727902    
       366    -14.51727906    
       367    -12.66968398    
       368    -12.66968401    
       369    -12.66968399    
       370    -12.66968399    
       371    -12.66968399    
       372    -12.66968399    
       373    -12.66968399    
       374    -12.66968400    
       375    -12.66968399    
       376    -12.66968391    
       377    -12.66968398    
       378    -12.66968400    
       379    -12.66968396    
       380    -12.66968396    
       381    -12.66968396    
       382    -12.66968398    
       383    -12.66968394    
       384    -12.66968400    
       385    -14.51727917    
       386    -14.51727917    
       387    -14.51727917    
       388    -14.51727916    
       389    -14.51727916    
       390    -14.51727914    
       391    -14.51727914    
       392    -14.51727917    
       393    -14.51727917    
       394    -14.51727917    
       395    -14.51727917    
       396    -14.51727916    
       397    -14.51727916    
       398    -14.51727916    
       399    -14.51727916    
       400    -14.51727916    
       401    -14.51727916    
       402    -14.51727916    
       403    -14.51727913    
       404    -14.51727913    
       405    -14.51727913    
       406    -14.51727913    
       407    -14.51727915    
       408    -14.51727916    
       409    -14.51727917    
       410    -14.51727911    
       411    -14.51727911    
       412    -14.51727911    
       413    -14.51727911    
       414    -14.51727911    
       415    -14.51727917    
       416    -14.51727917    
       417    -14.51727917    
       418    -14.51727916    
       419    -14.51727916    
       420    -14.51727916    
       421    -14.51727916    
       422    -14.51727914    
       423    -14.51727914    
       424    -14.51727915    
       425    -14.51727916    
       426    -14.51727916    
       427    -14.51727917    
       428    -14.51727912    
       429    -14.51727913    
       430    -14.51727913    
       431    -14.51727913    
       432    -14.51727916    
       433    -14.51727916    
       434    -14.51727916    
       435    -14.51727916    
       436    -14.51727916    
       437    -14.51727917    
       438    -14.51727917    
       439    -14.51727916    
       440    -12.61054705    
       441    -12.61054706    
       442    -12.61054706    
       443    -11.08212853    
       444    -11.08212853    
       445    -11.08212853    
       446    -11.09574928    
       447    -12.61054706    
       448    -12.61054706    
       449    -12.61054703    
       450    -12.61054705    
       451    -12.61054705    
       452    -12.61054705    
       453    -12.61054705    
       454    -10.93867418    
       455    -10.93867418    
       456    -10.93867418    
       457    -10.93867418    
       458    -10.93867417    
       459    -12.88616551    
       460    -12.88616551    
       461    -12.88616555    
       462    -12.88616555    
       463    -12.88616555    
       464    -12.88616551    
       465    -14.15030458    
       466    -14.15030458    
       467    -14.15030458    
       468    -14.15030455    
       469    -13.02674283    
       470    -13.02674283    
       471    -13.02674283    
       472    -13.02674283    
       473    -13.02674283    
       474    -13.02674283    
       475    -13.02674283    
       476    -13.02674283    
       477    -13.02674283    
       478    -13.02674283    
       479    -13.02674279    
       480    -13.02674279    
       481    -13.02674279    
       482    -13.02674279    
       483    -13.02674279    
       484    -13.02674284    
       485    -13.02681195    
       486    -13.02681195    
       487    -13.02681195    
       488    -13.02674283    
       489    -14.15030457    
       490    -14.15030457    
       491    -14.15030458    
       492    -14.15030454    
       493    -14.15030456    
       494    -14.15030457    
       495    -14.15030458    
       496    -14.15030452    
       497    -14.15030452    
       498    -14.15030455    
       499    -14.15030455    
       500    -14.15030458    
       501    -14.15030459    
       502    -14.15030455    
       503    -14.15030455    
       504    -14.15030455    
       505    -14.15030457    
       506    -14.15030457    
       507    -14.15030458    
       508    -14.15030454    
       509    -14.15030459    
       510    -14.15030459    
       511    -14.15030459    
       512    -14.15030456    
       513    -14.15030458    
       514    -14.15030458    
       515    -14.15030458    
       516    -14.15030458    
       517    -14.15030458    
       518    -14.15030458    
       519    -14.15030457    
       520    -14.15030458    
       521    -14.15030459    
       522    -14.15030458    
       523    -14.15030458    
       524    -14.15030459    
       525    -14.15030459    
       526    -14.15030459    
       527    -14.15030459    
       528    -14.15030459    
       529    -14.15030454    
       530    -14.15030454    
       531    -14.15030458    
       532    -14.15030458    
       533    -14.15030458    
       534    -14.15030456    
       535    -14.15030456    
       536    -14.15030456    
       537    -14.15030456    
       538    -14.15030456    
       539    -14.15030456    
       540    -14.15030456    
       541    -14.15030458    
       542    -14.15030458    
       543    -14.15030456    
       544    -14.15030457    
       545    -14.15030457    
       546    -14.15030457    
       547    -14.15030458    
       548    -15.33241090    
       549    -15.33241090    
       550    -15.33241090    
       551    -15.33241090    
       552    -15.33241090    
       553    -15.33241088    
       554    -15.33241088    
       555    -15.33241088    
       556    -15.33241088    
       557    -15.33241088    
       558    -15.33241089    
       559    -13.85380751    
       560    -13.85380751    
       561    -13.85380752    
       562    -13.85380752    
       563    -13.85380752    
       564    -13.85380752    
       565    -13.85380752    
       566    -13.85380752    
       567    -13.85380752    
       568    -13.85380749    
       569    -12.75741510    
       570    -12.75741511    
       571    -12.75741511    
       572    -12.75741510    
       573    -11.82965702    
       574    -11.82965702    
       575    -11.82965702    
       576    -11.82965702    
       577    -11.82965707    
       578    -11.82965707    
       579    -11.82965707    
       580    -12.75741511    
       581    -12.75741511    
       582    -12.75741511    
       583    -12.75741511    
       584    -12.75741511    
       585    -12.75741511    
       586    -12.75741511    
       587    -12.75741510    
       588    -12.75741510    
       589    -12.75741511    
       590    -12.75741511    
       591    -12.75741511    
       592    -13.87186444    
       593    -13.87186443    
       594    -13.87186443    
       595    -13.87186444    
       596    -13.87186444    
       597    -13.87186442    
       598    -13.87186443    
       599    -13.87186444    
       600    -15.33241085    
       601    -15.33241085    
       602    -15.33241085    
       603    -15.33241085    
       604    -15.33241085    
       605    -15.33241085    
       606    -15.33241085    
       607    -15.33241089    
       608    -15.33241089    
       609    -15.33241089    
       610    -15.33241089    
       611    -15.33241089    
       612    -15.33241089    
       613    -15.33241089    
       614    -15.33241087    
       615    -15.33241087    
       616    -15.33241088    
       617    -15.33241088    
       618    -15.33241088    
       619    -15.33241088    
       620    -15.33241088    
       621    -15.33241088    
       622    -15.33241088    
       623    -15.33241086    
       624    -15.33241089    
       625    -15.33241089    
       626    -15.33241089    
       627    -15.33241089    
       628    -15.33241089    
       629    -15.33241089    
       630    -15.33241089    
       631    -15.33241089    
       632    -15.33241089    
       633    -15.33241089    
       634    -15.33241089    
       635    -15.33241089    
       636    -15.33241089    
       637    -15.33241089    
       638    -15.33241089    
       639    -13.85380752    
       640    -13.85380752    
       641    -13.85380752    
       642    -13.85380751    
       643    -13.85380751    
       644    -15.33241088    
       645    -15.33241088    
       646    -15.33241090    
       647    -15.33241090    
       648    -15.33241090    
       649    -15.33241090    
       650    -15.33241087    
       651    -15.33241087    
       652    -15.33241087    
       653    -15.33241088    
       654    -15.33241090    
       655    -15.33241090    
       656    -15.33241090    
       657    -15.33241090    
       658    -15.33241090    
       659    -15.33241089    
       660    -15.33241089    
       661    -14.30641440    
       662    -14.30641440    
       663    -14.30641440    
       664    -14.30641440    
       665    -14.30641440    
       666    -14.30641440    
       667    -14.30641440    
       668    -14.30641440    
       669    -14.30641440    
       670    -14.30641440    
       671    -14.30641440    
       672    -14.30641440    
       673    -14.30641440    
       674    -14.30641436    
       675    -14.30641436    
       676    -14.30641436    
       677    -14.30641436    
       678    -14.30641440    
       679    -15.33241087    
       680    -15.33241089    
       681    -15.33241087    
       682    -15.33241087    
       683    -15.33241087    
       684    -15.33241087    
       685    -15.33241087    
       686    -15.33241087    
       687    -15.33241087    
       688    -15.33241089    
       689    -15.33241089    
       690    -13.85380751    
       691    -13.85380751    
       692    -13.85380751    
       693    -15.33241088    
       694    -15.33241088    
       695    -15.33241089    
       696    -15.33241089    
       697    -15.33241089    
       698    -15.33241089    
       699    -15.33241089    
       700    -15.33241089    
       701    -15.33241089    
       702    -15.33241089    
       703    -15.33241089    
       704    -15.33241089    
       705    -15.33241089    
       706    -15.33241089    
       707    -15.33241089    
       708    -15.33241090    
       709    -15.33241090    
       710    -15.33241090    
       711    -15.33241090    
       712    -15.33241090    
       713    -15.33241090    
       714    -15.33241090    
       715    -15.33241090    
       716    -15.33241090    
       717    -15.33241090    
       718    -15.33241090    
       719    -15.33241090    
       720    -15.33241088    
       721    -15.33241088    
       722    -15.33241090    
       723    -15.33241090    
       724    -15.33241090    
       725    -15.33241088    
       726    -15.33241088    
       727    -15.33241088    
       728    -15.33241088    
       729    -15.33241088    
       730    -15.33241087    
       731    -15.33241087    
       732    -15.33241087    
       733    -15.33241087    
       734    -15.33241087    
       735    -15.33241087    
       736    -15.33241089    
       737    -15.33241089    
       738    -15.33241089    
       739    -15.33241089    
       740    -14.30641440    
       741    -14.30641440    
       742    -14.30641438    
       743    -14.30641438    
       744    -14.30641438    
       745    -14.30641438    
       746    -14.30641438    
       747    -14.30641440    
       748    -15.33241089    
       749    -15.33241084    
       750    -15.33241085    
       751    -15.33241085    
       752    -15.33241085    
       753    -15.33241090    
       754    -15.33241090    
       755    -15.33241090    
       756    -15.33241090    
       757    -15.33241090    
       758    -15.33241090    
       759    -15.33241089    
       760    -15.33241090    
       761    -15.33241090    
       762    -14.30641438    
       763    -14.30641440    
       764    -14.30641440    
       765    -14.30641440    
       766    -12.94781154    
       767    -12.94781154    
       768    -12.94781155    
       769    -12.94781155    
       770    -12.94781155    
       771    -12.94781155    
       772    -12.94781155    
       773    -12.94781155    
       774    -12.94781155    
       775    -13.87186444    
       776    -13.87186444    
       777    -13.87186442    
       778    -13.87186443    
       779    -13.87186444    
       780    -13.87186444    
       781    -13.87186444    
       782    -13.87186444    
       783    -13.87186444    
       784    -13.87186444    
       785    -13.87186444    
       786    -13.87186444    
       787    -13.87186444    
       788    -13.87186444    
       789    -13.87186444    
       790    -12.94781155    
       791    -12.94781155    
       792    -12.94781155    
       793    -12.94781155    
       794    -12.94781155    
       795    -12.94781150    
       796    -12.94781150    
       797    -12.94781150    
       798    -12.75741510    
       799    -12.75741510    
       800    -12.75741510    
       801    -12.75741510    
       802    -12.75741510    
       803    -11.82965705    
       804    -11.82965703    
       805    -9.952443503    
       806    -9.952443503    
       807    -9.952443503    
       808    -9.952443503    
       809    -9.952443456    
       810    -9.952443456    
       811    -11.06859183    
       812    -12.88616553    
       813    -12.88616553    
       814    -12.88616554    
       815    -12.88616554    
       816    -12.88616555    
       817    -12.88616555    
       818    -12.88616555    
       819    -12.88616555    
       820    -12.88616555    
       821    -12.88616555    
       822    -12.88616555    
       823    -12.88616552    
       824    -12.88616552    
       825    -12.88616554    
       826    -12.88616554    
       827    -12.88616554    
       828    -12.88616554    
       829    -12.88616555    
       830    -12.88616554    
       831    -12.88616554    
       832    -11.82965705    
       833    -11.82965705    
       834    -11.82965705    
       835    -11.82965705    
       836    -11.82965705    
       837    -11.82965705    
       838    -11.82965705    
       839    -11.82965705    
       840    -11.82965705    
       841    -11.82965706    
       842    -11.82965704    
       843    -11.82965707    
       844    -11.82965707    
       845    -11.82965707    
       846    -11.82965707    
       847    -11.82965706    
       848    -11.82965701    
       849    -14.15030456    
       850    -14.15030456    
       851    -14.15030456    
       852    -14.15030457    
       853    -14.15030457    
       854    -15.33241090    
       855    -15.33241090    
       856    -15.33241090    
       857    -15.33241090    
       858    -15.33241090    
       859    -15.33241090    
       860    -15.33241089    
       861    -15.33241089    
       862    -15.33241084    
       863    -15.33241087    
       864    -15.33241088    
       865    -15.33241088    
       866    -15.33241088    
       867    -15.33241088    
       868    -15.33241088    
       869    -15.33241088    
       870    -15.33241088    
       871    -15.33241088    
       872    -15.33241088    
       873    -15.33241088    
       874    -15.33241087    
       875    -15.33241089    
       876    -15.33241089    
       877    -15.33241089    
       878    -15.33241089    
       879    -15.33241089    
       880    -15.33241089    
       881    -15.33241089    
       882    -15.33241089    
       883    -15.33241089    
       884    -15.33241089    
       885    -15.33241089    
       886    -15.33241089    
       887    -15.33241089    
       888    -15.33241089    
       889    -15.33241089    
       890    -15.33241089    
       891    -15.33241089    
       892    -15.33241089    
       893    -15.33241089    
       894    -15.33241089    
       895    -15.33241089    
       896    -15.33241089    
       897    -15.33241089    
       898    -15.33241089    
       899    -15.33241089    
       900    -15.33241089    
       901    -15.33241089    
       902    -15.33241089    
       903    -15.33241088    
       904    -15.33241090    
       905    -14.30641439    
       906    -14.30641441    
       907    -14.30641441    
       908    -14.30641441    
       909    -14.30641441    
       910    -12.76787613    
       911    -12.76787613    
       912    -12.76787613    
       913    -12.76787613    
       914    -12.76787613    
       915    -10.92610973    
       916    -10.92610973    
       917    -10.92610972    
       918    -10.92610974    
       919    -10.92610974    
       920    -10.92610974    
       921    -10.92610973    
       922    -8.630661072    
       923    -8.630661072    
       924    -8.630661072    
       925    -8.630661072    
       926    -8.630661072    
       927    -8.630661070    
       928    -8.630661070    
       929    -8.630661070    
       930    -7.913336554    
       931    -7.913336554    
       932    -10.92610943    
       933    -10.92610943    
       934    -10.92610943    
       935    -10.92610943    
       936    -10.92610943    
       937    -10.92610943    
       938    -10.92610943    
       939    -10.92610943    
       940    -10.92610943    
       941    -10.92610943    
       942    -10.92610943    
       943    -10.92610943    
       944    -10.92610943    
       945    -10.92610943    
       946    -10.92610943    
       947    -10.92610974    
       948    -10.92610974    
       949    -10.92610974    
       950    -10.92610974    
       951    -10.92610974    
       952    -10.92610974    
       953    -10.92610968    
       954    -10.92610972    
       955    -10.92610972    
       956    -10.92610972    
       957    -10.92610974    
       958    -10.92610974    
       959    -10.92610974    
       960    -10.92610974    
       961    -10.92610974    
       962    -10.92610974    
       963    -10.92610974    
       964    -10.92610974    
       965    -10.92610974    
       966    -10.92610973    
       967    -10.92610973    
       968    -8.613713252    
       969    -8.613713252    
       970    -8.613713224    
       971    -8.613713224    
       972    -8.613713244    
       973    -8.613713216    
       974    -8.613713249    
       975    -8.613713249    
       976    -8.613713249    
       977    -8.613713249    
       978    -8.613713222    
       979    -8.613713222    
       980    -8.613713243    
       981    -8.613713243    
       982    -8.613713247    
       983    -9.798357802    
       984    -9.798357802    
       985    -8.467238365    
       986    -10.25813660    
       987    -10.25813657    
       988    -10.25813657    
       989    -10.25813657    
       990    -10.25813663    
       991    -12.88616549    
       992    -12.88616548    
       993    -12.88616548    
       994    -12.88616555    
       995    -12.88616555    
       996    -12.88616555    
       997    -12.88616555    
       998    -12.88616555    
       999    -11.18522735    
      1000    -11.75755474    
