         2
        13
        17
        70
        76
        97
       106
       114
       140
       145
       181
       199
       206
       212
       219
       223
       229
       238
       254
       261
       286
       290
       292
       312
       356
       361
       393
       415
       465
       468
       475
       485
       551
       565
       567
       596
       598
       604
       622
       626
       648
       653
       659
       714
       753
       763
       780
       815
       825
       836
       840
       897
       915
       918
       931
       994
