         3
        24
        29
        37
        60
        66
        93
        96
       108
       118
       130
       139
       152
       153
       175
       200
       209
       259
       265
       266
       273
       297
       340
       353
       366
       369
       375
       398
       484
       519
       520
       573
       575
       587
       617
       654
       656
       660
       685
       724
       733
       750
       765
       768
       793
       837
       909
       910
       913
       922
       935
       971
       982
       989
