        18
        20
        52
        59
        68
       113
       116
       156
       213
       243
       246
       250
       280
       281
       311
       333
       336
       395
       440
       462
       467
       491
       494
       533
       548
       553
       558
       564
       606
       625
       650
       657
       662
       675
       682
       701
       712
       726
       729
       731
       741
       744
       745
       788
       797
       804
       828
       832
       838
       848
       849
       871
       872
       879
       883
       891
       908
       914
       952
       985
