        51
        78
        82
        98
       159
       165
       169
       174
       191
       196
       203
       228
       239
       245
       249
       251
       263
       276
       285
       294
       299
       331
       338
       343
       346
       349
       363
       367
       379
       387
       392
       424
       453
       461
       502
       505
       510
       523
       525
       526
       538
       570
       577
       580
       585
       591
       610
       614
       635
       636
       658
       669
       673
       679
       688
       704
       725
       766
       773
       787
       806
       850
       862
       864
       882
       905
       907
       937
       991
       992
