        36
        42
        44
        54
        58
        61
        65
        74
       131
       133
       144
       162
       166
       177
       207
       211
       232
       236
       244
       247
       267
       268
       274
       300
       301
       310
       354
       359
       362
       370
       391
       416
       457
       458
       488
       500
       536
       541
       552
       554
       555
       578
       619
       630
       634
       689
       730
       764
       782
       786
       839
       860
       880
       938
       940
       950
       974
