        87
        88
       102
       110
       128
       136
       142
       184
       224
       230
       248
       260
       271
       284
       298
       324
       327
       332
       334
       360
       372
       394
       403
       413
       441
       449
       460
       482
       504
       534
       566
       637
       663
       677
       692
       722
       736
       743
       746
       747
       752
       757
       762
       809
       824
       827
       861
       873
       876
       898
       920
       961
       968
       979
       990
