         1     210.2547002    
         2     210.2547002    
         3     210.2547002    
         4     210.2547002    
         5     210.2547002    
         6     210.2547002    
         7     210.2547002    
         8     210.2547002    
         9     210.2547002    
        10     210.2547002    
        11     210.2547002    
        12     210.2547002    
        13     210.2547002    
        14     210.2547002    
        15     210.2547002    
        16     210.2547002    
        17     209.4997847    
        18     209.4997847    
        19     209.4997847    
        20     209.4997847    
        21     209.4997847    
        22     209.4997847    
        23     209.4997847    
        24     209.4997847    
        25     209.4997837    
        26     209.4997837    
        27     209.4997837    
        28     208.3435608    
        29     208.3435608    
        30     208.3435608    
        31     208.3435608    
        32     208.3435301    
        33     208.3435301    
        34     208.3435301    
        35     208.3435301    
        36     208.3435301    
        37     208.3435301    
        38     208.3435301    
        39     208.3435301    
        40     208.3435301    
        41     208.3435301    
        42     208.3435301    
        43     208.3435301    
        44     208.3435301    
        45     208.3435301    
        46     208.3435301    
        47     208.3435301    
        48     208.3435301    
        49     208.3435301    
        50     208.3435301    
        51     208.3435301    
        52     208.3435301    
        53     208.3435301    
        54     208.3435301    
        55     208.3435301    
        56     208.3435301    
        57     208.3435301    
        58     208.3435301    
        59     208.3435301    
        60     208.3435301    
        61     208.3435301    
        62     208.3435301    
        63     208.3435301    
        64     208.3435301    
        65     208.3435301    
        66     208.3435301    
        67     208.3435301    
        68     208.3435301    
        69     208.3435301    
        70     208.3435301    
        71     208.3435301    
        72     208.3435301    
        73     208.3435301    
        74     208.3435301    
        75     208.3435301    
        76     208.3435301    
        77     208.3435301    
        78     208.3435301    
        79     208.3435301    
        80     208.3435301    
        81     208.3435301    
        82     208.3435301    
        83     208.3435301    
        84     208.3435301    
        85     208.0860629    
        86     208.0860629    
        87     208.0860629    
        88     208.0860629    
        89     208.0860629    
        90     208.0860629    
        91     208.0860629    
        92     208.0860629    
        93     208.0860629    
        94     208.0860629    
        95     208.0860629    
        96     208.0860629    
        97     208.0860629    
        98     208.0860629    
        99     208.0860629    
       100     208.0860629    
       101     208.0860629    
       102     208.0860629    
       103     208.0860629    
       104     208.0860629    
       105     208.0860629    
       106     208.0860629    
       107     208.0860629    
       108     208.0860629    
       109     208.0860629    
       110     208.0860629    
       111     208.0860629    
       112     208.0860629    
       113     208.0860629    
       114     208.0860629    
       115     208.0860629    
       116     208.0860629    
       117     208.0860629    
       118     208.0860629    
       119     208.0860629    
       120     208.0860629    
       121     208.0860629    
       122     208.0860629    
       123     208.0860629    
       124     208.0860629    
       125     208.0860629    
       126     208.0860629    
       127     208.0860629    
       128     208.0860629    
       129     208.0860629    
       130     208.0860629    
       131     208.0860629    
       132     208.0860629    
       133     208.0860629    
       134     208.0860629    
       135     208.0860629    
       136     208.0860629    
       137     208.0860629    
       138     208.0860629    
       139     208.0860629    
       140     208.0860629    
       141     208.0860629    
       142     208.0860629    
       143     208.0860629    
       144     208.0860629    
       145     208.0860629    
       146     208.0860629    
       147     208.0860629    
       148     208.0860629    
       149     208.0860629    
       150     208.0860629    
       151     208.0860629    
       152     208.0860629    
       153     208.0860629    
       154     208.0860629    
       155     208.0860629    
       156     208.0860629    
       157     208.0860629    
       158     208.0860629    
       159     208.0860629    
       160     208.0860629    
       161     208.0860629    
       162     208.0860629    
       163     208.0860629    
       164     208.0860629    
       165     208.0860629    
       166     208.0860629    
       167     208.0860629    
       168     208.0860629    
       169     208.0860629    
       170     208.0860629    
       171     208.0860629    
       172     208.0860629    
       173     208.0860629    
       174     208.0860629    
       175     208.0860629    
       176     208.0860629    
       177     208.0860629    
       178     208.0860629    
       179     208.0860629    
       180     208.0860629    
       181     208.0860629    
       182     208.0860629    
       183     208.0860629    
       184     208.0860629    
       185     208.0860629    
       186     208.0860629    
       187     208.0860629    
       188     208.0860629    
       189     208.0860629    
       190     208.0860629    
       191     208.0860629    
       192     208.0860629    
       193     208.0860629    
       194     208.0860629    
       195     208.0860629    
       196     208.0860629    
       197     208.0860629    
       198     208.0860629    
       199     208.0860629    
       200     208.0860629    
       201     208.0860629    
       202     208.0860629    
       203     208.0860629    
       204     208.0860629    
       205     208.0860629    
       206     208.0860629    
       207     208.0860629    
       208     208.0860629    
       209     208.0860629    
       210     208.0860629    
       211     208.0860629    
       212     208.0860629    
       213     208.0860629    
       214     208.0860629    
       215     208.0860629    
       216     208.0860629    
       217     208.0860629    
       218     208.0860629    
       219     208.0860629    
       220     208.0860629    
       221     208.0860629    
       222     208.0860629    
       223     208.0860629    
       224     208.0860629    
       225     208.0860629    
       226     208.0860629    
       227     208.0860629    
       228     208.0860629    
       229     208.0860629    
       230     208.0860629    
       231     208.0860629    
       232     208.0860629    
       233     208.0860629    
       234     208.0860629    
       235     208.0860629    
       236     208.0860629    
       237     208.0860629    
       238     208.0860629    
       239     208.0860629    
       240     208.0860629    
       241     208.0860629    
       242     208.0860629    
       243     208.0860629    
       244     208.0860629    
       245     208.0860629    
       246     208.0860629    
       247     208.0860629    
       248     208.0860629    
       249     208.0860629    
       250     208.0860629    
       251     208.0860629    
       252     208.0860629    
       253     208.0860629    
       254     208.0860629    
       255     208.0860629    
       256     208.0860629    
       257     208.0860629    
       258     208.0860629    
       259     208.0860629    
       260     208.0860629    
       261     208.0860629    
       262     208.0860629    
       263     208.0860629    
       264     208.0860629    
       265     208.0860629    
       266     208.0860629    
       267     208.0860629    
       268     208.0860629    
       269     208.0860629    
       270     208.0860629    
       271     208.0860629    
       272     208.0860629    
       273     208.0860629    
       274     208.0860629    
       275     208.0860629    
       276     208.0860629    
       277     208.0860629    
       278     208.0860629    
       279     208.0860629    
       280     208.0860629    
       281     208.0860629    
       282     208.0860629    
       283     208.0860629    
       284     208.0860629    
       285     208.0860629    
       286     208.0860629    
       287     208.0860629    
       288     208.0860629    
       289     208.0860629    
       290     208.0860629    
       291     208.0860629    
       292     208.0860629    
       293     208.0860629    
       294     208.0860629    
       295     208.0860629    
       296     208.0122127    
       297     208.0122127    
       298     208.0122127    
       299     208.0122127    
       300     208.0122127    
       301     208.0122127    
       302     208.0122127    
       303     208.0122127    
       304     208.0122127    
       305     208.0122127    
       306     208.0122127    
       307     208.0122127    
       308     208.0122127    
       309     208.0122127    
       310     208.0122127    
       311     208.0122127    
       312     208.0122127    
       313     208.0122127    
       314     208.0122127    
       315     208.0122127    
       316     208.0122127    
       317     208.0122127    
       318     208.0122127    
       319     208.0122127    
       320     208.0122127    
       321     208.0122127    
       322     208.0122127    
       323     208.0122127    
       324     208.0122127    
       325     208.0122127    
       326     208.0122127    
       327     208.0122127    
       328     208.0122127    
       329     208.0122127    
       330     208.0122127    
       331     208.0122127    
       332     208.0122127    
       333     208.0122127    
       334     208.0122127    
       335     208.0122127    
       336     208.0122127    
       337     208.0122127    
       338     208.0122127    
       339     208.0122127    
       340     208.0122127    
       341     208.0122127    
       342     208.0122127    
       343     208.0122127    
       344     208.0122127    
       345     208.0122127    
       346     208.0122127    
       347     208.0122127    
       348     208.0122127    
       349     208.0122127    
       350     208.0122127    
       351     208.0122127    
       352     208.0122127    
       353     208.0122127    
       354     208.0122127    
       355     208.0122127    
       356     208.0122127    
       357     208.0122127    
       358     208.0122127    
       359     208.0122127    
       360     208.0122127    
       361     208.0122127    
       362     208.0122127    
       363     208.0122127    
       364     208.0122127    
       365     208.0122127    
       366     208.0122127    
       367     208.0122127    
       368     208.0122127    
       369     208.0122127    
       370     208.0122127    
       371     208.0122127    
       372     208.0122127    
       373     208.0122127    
       374     208.0122127    
       375     208.0122127    
       376     208.0122127    
       377     208.0122127    
       378     208.0122127    
       379     208.0122127    
       380     208.0122127    
       381     208.0122127    
       382     208.0122127    
       383     208.0122127    
       384     208.0122127    
       385     208.0122127    
       386     208.0122127    
       387     208.0122127    
       388     208.0122127    
       389     208.0122127    
       390     208.0122127    
       391     208.0122127    
       392     208.0122127    
       393     208.0122127    
       394     208.0122127    
       395     208.0122127    
       396     208.0122127    
       397     208.0122127    
       398     208.0122127    
       399     208.0122127    
       400     208.0122127    
       401     208.0122127    
       402     208.0122127    
       403     208.0122127    
       404     208.0122127    
       405     208.0122127    
       406     208.0122127    
       407     208.0122127    
       408     208.0122127    
       409     208.0122127    
       410     208.0122127    
       411     208.0122127    
       412     208.0122127    
       413     208.0122127    
       414     208.0122127    
       415     208.0122127    
       416     208.0122127    
       417     208.0122127    
       418     208.0122127    
       419     208.0122127    
       420     208.0122127    
       421     208.0122127    
       422     208.0122127    
       423     208.0122127    
       424     208.0122127    
       425     208.0122127    
       426     208.0122127    
       427     208.0122127    
       428     208.0122127    
       429     208.0122127    
       430     208.0122127    
       431     208.0122127    
       432     208.0122127    
       433     208.0122127    
       434     208.0122127    
       435     208.0122127    
       436     208.0122127    
       437     208.0122127    
       438     208.0122127    
       439     208.0122127    
       440     208.0122127    
       441     208.0122127    
       442     208.0122127    
       443     208.0122127    
       444     208.0122127    
       445     208.0122127    
       446     208.0122127    
       447     208.0122127    
       448     208.0122127    
       449     208.0122127    
       450     208.0122127    
       451     208.0122127    
       452     208.0122127    
       453     208.0122127    
       454     208.0122127    
       455     208.0122127    
       456     208.0122127    
       457     208.0122127    
       458     208.0122127    
       459     208.0122127    
       460     208.0122127    
       461     208.0122127    
       462     208.0122127    
       463     208.0122127    
       464     208.0122127    
       465     208.0122127    
       466     208.0122127    
       467     208.0122127    
       468     208.0122127    
       469     208.0122127    
       470     208.0122127    
       471     208.0122127    
       472     208.0122127    
       473     208.0122127    
       474     208.0122127    
       475     208.0122127    
       476     208.0122127    
       477     208.0122127    
       478     208.0122127    
       479     208.0122127    
       480     208.0122127    
       481     208.0122127    
       482     208.0122127    
       483     208.0122127    
       484     208.0122127    
       485     208.0122127    
       486     208.0122127    
       487     208.0122127    
       488     208.0122127    
       489     208.0122127    
       490     208.0122127    
       491     208.0122127    
       492     208.0122127    
       493     208.0122127    
       494     208.0122127    
       495     208.0122127    
       496     208.0122127    
       497     208.0122127    
       498     208.0122127    
       499     208.0122127    
       500     208.0122127    
