     -2.64318122196857352435      2.20361200776557497605      3.39744416346595157208
     -2.01626313431432624412      1.33427695931248102568      3.20145850664748721215
     -2.22776304008440284576      0.56147807599861576655      3.94012736401615670800
     -0.96831912855327695322      1.62445327197900946103      3.27039630685185178649
     -2.30490613511571362793      0.80936113318717928244      1.80773844296635277651
     -2.70599500327089081964     -0.34119399166363267861      1.63849591463442467720
     -2.08208100497404080542      1.64338889265605958556      0.79408063422178831736
     -1.72505774447320248122      2.56922675855531368327      0.99413438800408482354
     -2.34532503681257109562      1.32317332620825811595     -0.62216521106846189859
     -3.35523605344580522214      0.91810799054320257895     -0.70502968027066414969
     -2.30064271952611942851      2.61478802057457127006     -1.45641717080957522334
     -3.11857834077625239999      3.26367107397019573511     -1.13685933301354546998
     -2.45306001435267928557      2.36847460551699029452     -2.50917614750182416117
     -1.06446134986746154816      3.31027485135171728459     -1.29769916133301754790
     -1.08381770884166517277      4.12658045583581500892     -1.84454699585739212431
     -1.40047621988517856373      0.25733527935211220061     -1.21817185005358030736
     -1.68936112601318888515     -0.31049411135847937437     -2.27609056402893461524
     -0.30169215796819937037     -0.07212974628092505558     -0.52436117134190352029
     -0.11237931293191279203      0.45187818909891280805      0.31929166849771645209
      0.62925701046160387175     -1.15517173968877684409     -0.88469657082229391509
      0.70099719148512507072     -1.21110845608886896763     -1.97242407579078093960
      2.02900733003057887061     -0.81569821560592536969     -0.33251192332153944875
      1.96825742945829973429     -0.70769190061601228159      0.75171505659571835611
      2.70390259476663752380     -1.64391478229949439260     -0.55674793677968792416
      2.61415361622401309916      0.46538171444058812343     -0.95663604349721609310
      2.00703764789686456282      1.32639277385364651174     -0.67358689177806740922
      2.58473268231006469975      0.37014640600107606705     -2.04308682564879706689
      4.06938382576063428786      0.72626392163597630613     -0.53793232023431014621
      4.68140028009001696319     -0.13420830781981421542     -0.81587069498067721351
      4.43130169471347112875      1.59573161200374435964     -1.09020660884070563768
      4.20291049864094024002      0.99519939596554263250      0.96948760450203363970
      3.85980584145590066569      0.11484581274516522664      1.52101099418912277805
      3.55213909373177427753      1.83363957359915530354      1.23647468016478989661
      5.60672013921936329695      1.30760999108495123977      1.35133546986970420889
      6.22647838895900385126      0.54062892676184315377      1.12832035429188026754
      5.94246941003306439200      2.13081845508909228926      0.87001531603515258606
      5.68067059404508789555      1.48254196352868072850      2.34463258698444532158
      0.15991098769574443872     -2.55519007448221158185     -0.41812330170610417790
      0.77669534396002115617     -3.56364499996729877651     -0.77908881291792320134
     -0.92123715432852992802     -2.63448662540134925791      0.36980225329292704117
     -1.37697418602488208528     -1.76574040018831501797      0.61986638263397431103
     -1.49179143533075797556     -3.87290443670782913443      0.89203950492477956935
     -1.79853706980755068123     -4.51939607203645810074      0.06795526931028238182
     -2.36361504594623195175     -3.64578495437980265592      1.50758078989873300912
     -0.75362207921899204699     -4.39596892354954249527      1.50251440807925185084
