     -2.98397530044106717995      1.36271743818476309684      3.41348092914978806789
     -2.25902802349617415345      1.95229363812077649776      2.85273626828254034393
     -2.49811112054593520426      3.01058250849567876628      2.95290325182812196658
     -1.26033679474793736119      1.77073617710562669636      3.24870612328330565788
     -2.30012329671446247303      1.56341200095289645233      1.38700683921191769699
     -3.06760312067434037786      0.68836301213628803275      0.98890303592311423753
     -1.45704663894589603323      2.19688883948456403772      0.57411935729537022510
     -0.82981869309215761099      2.88822902270082026988      0.96563607817201591033
     -1.38494038939459929161      1.98255340079438746592     -0.88417504027755233764
     -2.39305478256130133019      2.04935153497243849330     -1.29653546042634104651
     -0.55123767162387660168      3.10537188393143592791     -1.52467153243224418091
     -0.46750823665733615142      2.92362407461847961798     -2.59803280506319378418
     -1.07407697366950016793      4.05286005550693761990     -1.37960766049624061758
      0.75148176871378868924      3.19806277640484770686     -0.94825044591655172077
      1.23935719650113962409      3.93454508222183729771     -1.37860707581515562481
     -0.83675900416663007153      0.59932371580922649823     -1.29587678335108469341
     -1.00555296634193980232      0.17754234630134455020     -2.44417819694456994739
     -0.23076815979422543590     -0.14241723170278303146     -0.35826454991282136175
     -0.10631254068310792837      0.27705717059015766424      0.55334770196140070642
      0.25401965127555647950     -1.51979283893157179897     -0.55077704018056927726
      0.56825861220746498592     -1.64292336076497669239     -1.58876598306608052269
      1.48811553139948116176     -1.74189176335526330064      0.34766418581280761346
      1.21367721699980490868     -1.56844145231589648937      1.39018068415343920563
      1.81277330888278553900     -2.77945935260460519345      0.24913149034695661332
      2.66730640543710695312     -0.82933709948071954177     -0.03242856285813958822
      2.37419619743773457898      0.21344871590687825025      0.08932680184180608052
      2.93031238877297672829     -1.00236703911217484020     -1.07719745157421309401
      3.89230313612040390581     -1.11709990508372936091      0.84951836041601025418
      4.15500144323158959736     -2.17171804069829699202      0.74638020374393865275
      3.64479907087953902689     -0.93246147286816949418      1.89682029595243450970
      5.11785780185476735227     -0.27874294777759756059      0.44896014781885568157
      5.98578848041752209497     -0.65875041084857255402      0.99652524111969642551
      5.31332292376374226706     -0.42478069865689027651     -0.61778757226631708654
      4.94898439449966431880      1.17138495804047026994      0.74399375779619980609
      4.18204475429925892627      1.57008934756977724945      0.21992596238716893842
      4.77445062679159715202      1.32628338490249153558      1.72785187791922534295
      5.78452589076147294378      1.68601395493312899987      0.49869474991432216626
     -0.83205591927240329930     -2.59635687315175500700     -0.30717280928857998434
     -0.58526798742813435084     -3.78513311713106315182     -0.53894484921595786631
     -2.02868978379514475208     -2.20085044217879222117      0.14846222958508054068
     -2.15887216418721950006     -1.20964185052743644633      0.30751989634818238661
     -3.15621112746685783534     -3.08542013666414938200      0.42823144997345663487
     -3.45354015104595735153     -3.61054015203875522388     -0.48116676241985273377
     -4.00211731746775356555     -2.50000119248239238701      0.79193644314321609556
     -2.87769164725463122423     -3.81623529830911811800      1.18948890440791599232
