     -3.56861023765119167450     -1.72773957407520484253      2.34090815139256269717
     -4.32140014537273753348     -1.64032756031804871633      1.55804174017298291410
     -4.64555337848766924935     -2.63561518726724886008      1.25491843725420637590
     -5.17541325245464545191     -1.08296171433331123168      1.94171417147448943652
     -3.73118350922791419677     -0.90396274494783435127      0.36944596518498834525
     -3.67144424918195477758     -1.44063564988675296696     -0.73578940464565334434
     -3.28436055675825500089      0.33044972032246339166      0.59248084506065135102
     -3.41065930865683331064      0.72511023916177186344      1.51553095525798031673
     -2.74640401935367695074      1.22441399931647398880     -0.45315040018597230187
     -3.37325959814347076104      1.14618996967714625868     -1.34271452034899141381
     -2.80034449995499112873      2.68390488408219463068      0.03721570538402455691
     -2.08136124021052593136      2.80510258382932908816      0.84984233165049005709
     -2.50531041292063294534      3.34921719231860892663     -0.77686382394012754027
     -4.09436516727143828831      3.05892229485785627219      0.51133090753340981749
     -4.72054433283693253287      3.10003420465499068825     -0.24508062195882901468
     -1.30505073889520972763      0.88725531979128358095     -0.89926098197104975540
     -0.79723316900764684689      1.47972571983738454549     -1.85655426999171635494
     -0.64014164822551622436     -0.06449069690428366197     -0.22879103728389871275
     -1.12906312026406463467     -0.51507696795105828436      0.53395862889450895761
      0.74904776195191835608     -0.48627244747558323601     -0.47573664910942792261
      0.92744412185462166143     -0.47330513313112276830     -1.55290187920638156349
      1.69689416428325245967      0.53631787410193287879      0.19006444910930489489
      1.43347045207314516269      1.53798596265101683578     -0.15426288560134598926
      1.55827540164480216056      0.50370182978511224281      1.27269309776650763055
      3.17908923754460159827      0.29153921271461658016     -0.13719206394178681818
      3.31275004172778908540      0.29036730890457790322     -1.22020118553831147246
      3.48769669593049025380     -0.67641195332854986422      0.25968501393551834955
      4.06444293951539226128      1.38386039390302206797      0.47818692026078901680
      3.76685482546180860908      2.35592029887908127606      0.07930855140419744431
      3.92950157313201087206      1.38808395305413445620      1.56186140804812256810
      5.53943065157811265209      1.11960540613988657199      0.14319475620736479837
      5.81865734620865460158      0.13478192399756935838      0.53030842285531210045
      5.65569628177913408251      1.09652076678736776216     -0.94476476674010001489
      6.43264955171169017234      2.15904930570162756354      0.72215702714634888437
      6.20574682061437421510      3.07709903467390777365      0.36491382423186802253
      7.39966029333616059915      1.97177662595872238427      0.49326907209470605142
      6.35646236745191828277      2.18748342543291363071      1.72978186789465149253
      0.99817587698735898982     -1.92672228648089483016      0.02674655161203180753
      0.52657471829968671706     -2.30598558549195598033      1.10513815468082965410
      1.74237663986017277118     -2.72658029118279721104     -0.74709377591258296913
      2.09184481771522046145     -2.35015217083432981227     -1.61722513459615302445
      2.08693292685524722785     -4.10969318282964657385     -0.42347747719282413659
      2.64678775082454231793     -4.14585833719859486735      0.51281411720945146993
      1.17897604031450398132     -4.70668261142455612855     -0.32047132548876083868
      2.70104208041307147781     -4.53516580237587252356     -1.21882699672304650740
