     -4.87252136361933541053     -0.30265301703697300439      2.47908186897524629444
     -4.21591565430919246182     -1.03799639442664215494      2.01502266798402551728
     -4.74436658243066489149     -1.98634540722624652886      1.92054280512043518137
     -3.33353496422489747886     -1.17596626139347870676      2.63918421012592796515
     -3.79281775509336904761     -0.54265791923224626636      0.64424291020497548299
     -4.05121503846395292214     -1.19356139136009642421     -0.36702427625092831631
     -3.13188818669084900748      0.61189969638293362220      0.60367048294714775736
     -2.95577472247860839616      1.10274753563630656394      1.47122301764027962889
     -2.65675018654445826982      1.26499460982119238395     -0.63110745622876052163
     -3.37274809051708412966      1.07458142721778071582     -1.43222705988169107805
     -2.61458424834234914869      2.78713573753756849172     -0.40913170910892843191
     -3.63347473797416453678      3.14181068068067936849     -0.24084998243997887690
     -2.23015681043297231412      3.27310731071256144631     -1.30806711474283621222
     -1.80664306828497278623      3.13986209503738455950      0.71396954705982818012
     -1.81731116899925915220      4.11665781256520002529      0.82161285090207147874
     -1.29074459652445794333      0.74845032980162262692     -1.13761231458547573681
     -0.84821926282001169906      1.12542894070588772593     -2.22816776916591763325
     -0.62870201107942691454     -0.13669930980807309950     -0.37825443504964989527
     -1.06351014243877362020     -0.40632746611808712167      0.49423795366253586714
      0.69732193360593908160     -0.70630472902614427344     -0.67095689086671495005
      0.76467868400963812103     -0.88776913359425024819     -1.74553447960790353299
      1.77350040515536000463      0.33171489612575161265     -0.28068190311945079296
      1.73503288194241278575      0.49257214110254476935      0.79803736146355430670
      1.54542497725955674248      1.27833094075246056498     -0.77377667755856249787
      3.19572581290590118641     -0.09217389230608433182     -0.68987626913150768004
      3.49261771321841463234     -0.97805033700929311369     -0.12702552437540964858
      3.19541123423647466240     -0.34356662265240051068     -1.75154125335755117554
      4.23946015294273870211      1.01222431977600901831     -0.45985073530264092279
      5.19717442383896877089      0.66195693600849625504     -0.85001749831800110790
      3.94743940629191270020      1.90259081002450769482     -1.02052140544791458687
      4.39932894583078226702      1.36387086830069659271      1.02802383632527338797
      3.44446247581637043922      1.73576033309526467363      1.41142821019206143873
      4.65127783667421024205      0.45326678620302679468      1.58041833305614587424
      5.45627750050360393885      2.38920131718128114784      1.24180210006812319357
      6.35515335903144240604      2.06233944311184203002      0.91426439118848490395
      5.55097462179686118589      2.61111330609270675396      2.22390476088901323237
      5.23874043399463662496      3.24726016394501604267      0.75343130948089021004
      0.90265185609320341964     -2.05828809214855867893      0.04979524851637997379
      0.51428539704008702227     -2.21513534959509206246      1.21329143807819006540
      1.51750839584059482590     -3.03123418210990047683     -0.63411181904114188868
      1.80521598162079133232     -2.83291072343920591337     -1.58220526929529858862
      1.80422562624064397596     -4.36396983777667912818     -0.10681108181762133391
      0.87478868026717682138     -4.86272389239584246212      0.17387141763925426097
      2.44834705354334980498     -4.28768797121361355806      0.77106814450111982318
      2.31094284436761210344     -4.96237103633442444561     -0.86568808929010454545
