     -3.17781119882182094827      2.89251323169870877550      2.46739823831114035713
     -2.63557740252192473918      1.97868164832967652345      2.70846782299520594250
     -1.57896755274526157109      2.21139779365787836340      2.83708773663645441587
     -3.02877132659038306173      1.55821739251554358674      3.63377374563067911950
     -2.79942494679196718366      0.98127174544382989030      1.57622519621361023567
     -3.31194593364543488079     -0.11873941237583354735      1.77688757427003674039
     -2.35966623585450996359      1.36025441563447713200      0.37844383941706738472
     -1.96378681648831188156      2.28610502654234792885      0.27577552548538919464
     -2.45170618982750143644      0.54399128869413804210     -0.84693041446055061794
     -3.34959120728059023264     -0.07414612855248292611     -0.79896380583853365831
     -2.60454630182685775708      1.47862428072838270054     -2.05953599238209061895
     -3.55131548870076052538      2.01476081603267331843     -1.96796721430437249190
     -2.63869905551807715227      0.88227578550294694093     -2.97344919562569343086
     -1.53810294896446397850      2.42483672737836730704     -2.13939144370070177814
     -1.67979032304004305409      3.00059753695640107907     -2.92311059313435217533
     -1.26602092454101944341     -0.42508278301952734379     -1.05373265549125472162
     -1.29029537787022241524     -1.25719599674206072848     -1.96707857500819671692
     -0.22960849011978431977     -0.35252815482870991648     -0.20741340823605614041
     -0.28153230835915404873      0.32958563037426341635      0.53548516026538395263
      0.96383326205190911207     -1.21151174789359972195     -0.26989359572065596549
      1.27844563522303067415     -1.28907392153389643852     -1.31270020390611374950
      2.10847970432203357660     -0.55527189186883396665      0.52815049323169049877
      1.78152634330886860958     -0.38025365305783914716      1.55535281234902367231
      2.95476420040266818390     -1.24482185975084247431      0.55454739409376208048
      2.58166918315552118557      0.77014539102003576332     -0.09375378250126030488
      1.75717791036004622462      1.48329931204678122647     -0.10090059889478952826
      2.90096453721594649267      0.58855306057435474720     -1.12125956476612254065
      3.75746650142235694148      1.35927387893601769875      0.70170302183602950574
      3.44130382812899959788      1.57141811696995459258      1.72507858530297952804
      4.55561170740107090893      0.61554635009954117297      0.74392758368917433209
      4.33002277266416069068      2.63374914615316857436      0.05868412464976870829
      4.58111479322227843625      2.42181001525822203746     -0.98514735638215633617
      5.26113631955860316936      2.88769355901002366949      0.57457701676284900216
      3.39676671266679264249      3.79195033448775298268      0.13522761128414864662
      3.82048525081522383218      4.61936196849804936448     -0.26363959421961669083
      2.54166807995913446305      3.61427413294282384726     -0.37349652580923647927
      3.15709823319583771095      4.00577809522100736217      1.09405809904192219406
      0.68726748319748753868     -2.64821739191661364998      0.22959078964014123514
     -0.09543433583231562822     -2.85877305159519945477      1.16450419194869936312
      1.35436936503691951472     -3.63864002183350443431     -0.37580827254376042434
      1.98624075715142245357     -3.39092864777935476539     -1.12410235931647317642
      1.23533801730820691489     -5.05398954603287631215     -0.03178190719668010089
      0.20320504227092139882     -5.38430151260461098417     -0.16184614857952234201
      1.53340545185862242583     -5.21221344034180766869      1.00621595989363687984
      1.88113513224843220684     -5.64897596572760640754     -0.67957007122092161211
