     -2.79193007190887954039      3.56200217176346090042      1.94442746533796850805
     -2.07762420709463624391      2.81297632011715847966      2.28496991496580337255
     -1.07569633726699653842      3.10322954209562684724      1.97027374073441952085
     -2.11122673101664526385      2.74911354137735486347      3.37234411633299835387
     -2.42897479646867520131      1.46763209653645465558      1.67649111895895663871
     -2.69696487628582515228      0.50443425038071743050      2.39293340967758938476
     -2.42391977995449980909      1.39416455545925788151      0.34754847046326486915
     -2.21042581790982994860      2.22813606295988853034     -0.18492071695997541747
     -2.76159616701198906696      0.18657917131164189484     -0.42988828029845443934
     -3.49697321041994735324     -0.40058355426535374733      0.12241970309665702044
     -3.41946581687702089170      0.61279038062762836159     -1.75408317962038684534
     -4.36160745977399688655      1.11610528558668864463     -1.52763849147943386875
     -3.64332549724032928040     -0.27492508023567552300     -2.34895921596703960432
     -2.58555540997040678164      1.49820067643684162739     -2.50200414193738351898
     -3.04635735930812989736      1.74504166747629763101     -3.33425151558496457582
     -1.56330817262609422791     -0.75368180965459730114     -0.69225717759472960022
     -1.73240118328791004032     -1.84279116458552527646     -1.25138781024288969768
     -0.34823672518047188440     -0.36578061039564885304     -0.28096616572719301796
     -0.27866639304445250946      0.52417059309290969793      0.19104195778502755521
      0.88456912542137677846     -1.15078982294354825733     -0.45467434668462425318
      0.92713004936161413916     -1.49674450121657964807     -1.48951939591241933059
      2.10755922365379610994     -0.24668838987318050804     -0.19926841967386815790
      2.04230868186074365767      0.16473092751829113145      0.80957886250396704497
      3.01043041473566130861     -0.85773567202001976817     -0.26091897086438059494
      2.22338845442595678392      0.89633491200146520050     -1.22544619479256700068
      2.20480311256504002415      0.46912986603877260272     -2.22918356717705190562
      1.37161510507948580795      1.57066847941584541992     -1.12628013996575737643
      3.51913193070179364241      1.70865506719862669804     -1.07484228695305339407
      4.37516136290447388291      1.03741773691582150896     -1.16943976610630273605
      3.56226097222065840597      2.43395214268282122916     -1.88978622224831838139
      3.58816370964254272025      2.45438202426817797530      0.26755470144166132451
      2.70360124800221557351      3.09185647245670924832      0.36232001730676888229
      3.56554673195107074690      1.72514961814716305533      1.08286024848410011856
      4.81873122162626899012      3.28420439432323041373      0.37433932246972340119
      4.85182293059557423476      3.76920580101332003409      1.26115395195271196016
      4.85489199415931160786      3.98136261793152756994     -0.35694502307823555709
      5.65160228298625799681      2.71528793198206708226      0.30514038349561134478
      0.92342866576778137588     -2.40589583230327175301      0.44763558548767673484
      0.45601547463509056746     -2.38227427529318314114      1.59308369212220179989
      1.51123834811288326740     -3.49732274072281867916     -0.05804502199168283527
      1.88108558254016489109     -3.43992322486959567485     -0.99638385856189104484
      1.65628846004186436325     -4.76772663847423139316      0.64956499078688378912
      2.24220608125368681129     -4.62366784162246968748      1.55910274249658953316
      0.67356929064410053787     -5.16111301941024525064      0.91570735966407545980
      2.16592538268810530511     -5.49172693866440919663      0.01176674195513837881
