     -2.84816304769670614050      0.38027850780017613541      3.70805694260300855447
     -2.48774047393660424632      1.19297926964134259897      3.07784206984791852690
     -3.14316197181851730846      2.05610381142384346376      3.18994710223560140605
     -1.47797001027508589921      1.46689000559551763203      3.38194879621610766662
     -2.47655289403125866698      0.75443439409037549304      1.62573388164396193112
     -2.83806871866136090077     -0.37764336157811995154      1.30801523709187716982
     -2.04368939470412813719      1.64448674079599999054      0.73423559440600683068
     -1.79548307310421417782      2.56936255364751575669      1.06255391605881510664
     -2.05878201187028953001      1.43970065523452550593     -0.72811784517667499372
     -3.06922395409650139442      1.16376791478186203399     -1.03345401248916934911
     -1.68989962187912068359      2.75578483754144576423     -1.43661831717963561772
     -1.80684495567638370161      2.63069704637797752156     -2.51512989462500513582
     -0.64053852542481792831      2.97832570670174145988     -1.23325086719801113588
     -2.48496228111651928927      3.85656619170588577106     -0.99415100121470179051
     -3.40430013191877112178      3.75039953743086273974     -1.32528884912294220300
     -1.12385997856933217420      0.31562813270627937401     -1.22489659873817635649
     -1.26448511583537004377     -0.15624871276518448315     -2.35656544264662626276
     -0.19196822840241906105     -0.15188828408768531575     -0.38222468580089435930
     -0.12019956926565607269      0.28929159751374033949      0.52535964630381448703
      0.70318516338402470289     -1.28749482124510161718     -0.66420759852508937104
      0.96394392416968766035     -1.27763416838207510828     -1.72414341087254419094
      2.00317177882652686094     -1.11190140343364096687      0.14671136808681128905
      2.63786201783377594055     -1.98527701057059080547     -0.01483796757923188346
      1.76258043530660923892     -1.05849704769885288869      1.21042128745422328251
      2.79526405687570234093      0.14100282394664534480     -0.26462307438557597372
      2.20065042541645761176      1.03445831752023709171     -0.06900516331205636122
      3.01525054106548129340      0.09124119464711800964     -1.33225955885909796983
      4.11200505161864171555      0.23963913535054257031      0.51720715809679884689
      3.89283993305565889642      0.28895862110806330714      1.58583572488190238658
      4.71619681020553915829     -0.64799328951085954920      0.31851210106207683559
      4.88530690605965567386      1.49541063992587774933      0.09043205428835499049
      5.07656614184532539724      1.44302140427156477820     -0.98580135309278271727
      4.26091744283056694798      2.37465155299020969082      0.27660279892308825556
      6.17270366370659306909      1.62797356373313539812      0.82410802842781027966
      6.02057778939064025536      1.69617333928159252920      1.82114172740587099142
      6.77498880370562783781      0.83438832363103032641      0.65273898906570937406
      6.67011103781499326004      2.45866172788957815243      0.53243839987918228918
      0.05472071913118783243     -2.66843369552131504108     -0.39969341217362641672
      0.64197126251849623291     -3.70020156646481090945     -0.74376137248381646305
     -1.14500950904323461899     -2.70570850154688535838      0.19587026431808446381
     -1.56657015858842951772     -1.81920411797766989892      0.44682751011335741786
     -1.88930269595618760547     -3.92158507424955615761      0.51115645709569579314
     -2.83081562536715614087     -3.66103451932691559279      0.99714146713594520310
     -2.10436897860143945493     -4.47576527831086856679     -0.40414218977071669769
     -1.30605692126963868205     -4.55272316224958828457      1.18394715631965397051
