         1  1000000.0000000000
         2      210.8720729668
         3      211.5546378506
         4      213.9505030848
         5      210.8720738870
         6      213.6846157991
         7      213.6846147232
         8      211.3680129949
         9      210.8720718713
        10      211.5546390474
        11      213.6846130434
        12      211.8990518630
        13      210.7421231050
        14      210.8720736487
        15      210.7421248627
        16      214.0032481095
        17      209.4997846850
        18      214.3218890526
        19      214.1559452511
        20      209.4997849895
        21      339.5774501363
        22      209.4997855052
        23      218.3198394432
        24      213.3510211013
        25      209.4997837218
        26      210.3773891506
        27      214.0641817000
        28      208.3435607641
        29      211.5667703181
        30      209.3025141668
        31      350.6055009966
        32      208.3435301090
        33      208.3435306987
        34      213.6846136550
        35      213.9505032424
        36      210.3762020355
        37      214.6312283546
        38      208.3435303145
        39      211.5667703168
        40      209.9993172711
        41      209.9993173766
        42      209.9993170288
        43      208.3435303967
        44      208.3435303251
        45      213.8337521962
        46      208.3435303323
        47      211.5546387846
        48      212.2324683045
        49      210.8720721506
        50      208.3435343523
        51      210.1437639177
        52      208.3435339952
        53      208.3435339379
        54      210.1437649002
        55      208.5032952289
        56      208.5032951004
        57      208.5032950605
        58      208.5032910909
        59      208.5032911046
        60      208.5032910079
        61      215.9466652977
        62      211.4819543031
        63      209.7909551986
        64      211.4819542076
        65      208.5032911452
        66      208.5032910353
        67      213.0135933847
        68      208.5032912058
        69      209.6054356181
        70      211.4819542693
        71      208.5032911644
        72      213.1830487324
        73      209.7909551940
        74      208.5032911171
        75      208.5032911087
        76      333.2227969179
        77      208.8624290876
        78      208.5032909212
        79      208.5032911451
        80      208.5032940387
        81      210.9785780755
        82      208.5032941878
        83      209.1873378916
        84      208.5032941810
        85      208.0860629164
        86      208.5032941488
        87      211.4819577581
        88      208.5032943689
        89      208.0860628615
        90      346.8117553155
        91      208.8624320326
        92      342.6431378324
        93      208.8845251978
        94      211.4370265121
        95      333.2228094322
        96      208.5032942010
        97      208.5032942592
        98      208.5032943647
        99      208.5032942498
       100      211.5599779133
       101      208.5032942115
       102      212.5715206122
       103      211.4819576765
       104      215.9300356730
       105      208.5032943048
       106      209.3673849392
       107      209.3673849050
       108      212.2206656195
       109      210.5260855048
       110      210.5260855437
       111      210.0617689312
       112      209.3673849617
       113      209.3673850305
       114      208.3435333784
       115      209.9993202621
       116      209.3025143585
       117      209.3025142416
       118  1000000.0000000000
       119      212.2324683137
       120      209.3025139350
       121      209.3025144451
       122      209.3025140003
       123      211.8151518941
       124      209.3025143461
       125      279.8345156436
       126      209.3025142504
       127      216.5507605295
       128      211.0176906872
       129      213.1547815515
       130      209.3025142407
       131      210.8720721576
       132      210.1437609558
       133      208.3435303238
       134      212.2324685083
       135      208.3435302694
       136      208.3435300797
       137      208.3435302498
       138      208.3435303585
       139      208.3435303293
       140      208.3435306138
       141      208.3435302435
       142      208.3435303315
       143      208.3435304601
       144      209.3025142356
       145      209.9993172739
       146      210.3780100344
       147      212.3439452834
       148      344.7098184233
       149      212.2324684353
       150      211.0176906626
       151      209.9993172285
       152      338.0603377306
       153      209.3025179741
       154      211.5667737830
       155      208.3435341189
       156      209.4997885688
       157      213.5990777679
       158      209.4997887868
       159      209.7295932192
       160      209.5302851953
       161      208.3435340191
       162      210.8420196584
       163      208.3435341078
       164      208.3435338592
       165      208.3435333382
       166      208.3435332565
       167      208.3435334223
       168      213.5990768466
       169      208.3435334045
       170      215.1538522204
       171      210.7421273304
       172      208.3435333993
       173  1000000.0000000000
       174      208.3435331207
       175      208.3435334171
       176      208.3435332312
       177      214.9195735539
       178      208.3435332332
       179      213.9337517925
       180      213.2619027852
       181      208.3435333283
       182      210.3762020421
       183      210.3762019031
       184  1000000.0000000000
       185      211.8168763872
       186      208.3435301214
       187      208.3435302092
       188      209.4997849155
       189      215.7963894915
       190      350.0573308668
       191      210.3773895111
       192      210.3773894098
       193      210.3773895732
       194      208.3435302934
       195      208.3435302560
       196      208.3435302356
       197      209.5302813260
       198      208.3435302500
       199      208.3435300006
       200      208.3435301933
       201      208.3435303085
       202      209.3025141276
       203      208.3435303542
       204      212.4248577767
       205  1000000.0000000000
       206      208.3435301525
       207      208.3435303017
       208      208.3435341578
       209      211.0696465847
       210      208.3435303060
       211      209.3025142085
       212      215.9307286838
       213      208.3435302916
       214      208.3435303530
       215      211.2165689046
       216      211.5667702421
       217      208.3435302568
       218      208.3435303732
       219      210.1652441194
       220      210.8720720342
       221      208.3435332581
       222      209.9993203072
       223      208.3435334349
       224      208.3435334768
       225      208.3435333924
       226      208.3435334566
       227      208.3435332506
       228      208.3435334257
       229      209.4997881355
       230      350.6055027783
       231      210.1437609261
       232      211.5667703097
       233      211.5667734254
       234      215.3111483591
       235      211.0176936986
       236      208.3435333765
       237      208.3435335535
       238      208.3435333925
       239      208.3435332773
       240      209.3025180703
       241      209.3025181550
       242      211.9457907257
       243      209.3025182173
       244      209.9993211509
       245      209.3025181122
       246      209.3025180959
       247      212.0403611995
       248      210.8720760756
       249      207.9384509233
       250      212.4326141995
       251      211.0696466389
       252      211.6430395933
       253      215.3111448986
       254      209.3025180219
       255      209.3025181077
       256      209.3025182426
       257      209.2558706140
       258      209.7909593597
       259      211.2203908640
       260      209.7909592761
       261      212.7590616131
       262      209.7909592122
       263      209.7909590937
       264      213.2041591436
       265      208.5032949102
       266      208.5032951211
       267      216.6176972948
       268      208.5032950335
       269      209.7909591597
       270      209.1873388338
       271      217.4793837341
       272      209.3673848456
       273      208.5032951682
       274      209.3673856315
       275  1000000.0000000000
       276      220.4428204090
       277      225.9695080932
       278      208.5032950226
       279      208.5032949071
       280      211.4819586887
       281      212.3296030703
       282      208.5032950750
       283      210.1498384385
       284      210.9785749467
       285      212.7590608446
       286      208.5032950840
       287      208.5032953563
       288      208.5032950316
       289      209.3673858405
       290      333.2228100191
       291      211.5599781795
       292      208.2892603350
       293      208.2892602022
       294      211.4360560860
       295      209.8267510670
       296      208.0122127135
       297      209.0941964951
       298      208.0122126804
       299      211.5626963082
       300      214.6928421620
       301      214.9384273898
       302      208.7920906417
       303      208.0122127346
       304      209.0941965571
       305      209.5854291824
       306      213.3170674847
       307      208.8281519236
       308      210.4235914625
       309      209.2961716058
       310  1000000.0000000000
       311  1000000.0000000000
       312      209.2961714677
       313      209.2961713024
       314      209.2961714971
       315  1000000.0000000000
       316      208.5813514823
       317      209.6674590158
       318      213.6950155241
       319      210.8703802027
       320      209.6674589974
       321      216.0834119013
       322      209.9024066776
       323      209.9024067868
       324      216.2856983948
       325      210.0388250686
       326      209.2961714244
       327      214.5956245754
       328      209.2961714296
       329      211.3588520277
       330      209.2961713614
       331      212.4928069804
       332      209.2961681166
       333      222.8968092529
       334      208.5813513938
       335      208.5813512499
       336      210.5486949915
       337      208.7722839149
       338      208.7722839979
       339      210.0388213952
       340      212.9573748423
       341      209.6674552795
       342      209.9024031977
       343      209.9024030433
       344      210.5978908598
       345      215.8304305564
       346      209.9024029733
       347      211.1087265025
       348      209.9024029989
       349      209.9024030214
       350      212.5224633598
       351      209.9024027963
       352      209.7042941219
       353      210.4668309766
       354  1000000.0000000000
       355      209.5687790693
       356      210.0523095923
       357      214.0573252088
       358      210.1143683931
       359      209.3741594278
       360      208.4760805237
       361      209.3741629509
       362      211.0379130936
       363      278.8412979356
       364      209.3253702910
       365      212.6973812402
       366      213.0227110980
       367      209.3253704330
       368      213.0692664573
       369      209.3253701774
       370      210.6136458742
       371      217.7488720711
       372      211.9501962073
       373      209.1069885173
       374      209.1069884168
       375      210.0523128109
       376      211.5750377159
       377      211.3588487288
       378      209.1069882267
       379      209.1069884385
       380      210.2323949911
       381      209.1069884849
       382      209.1069884650
       383      209.5078338586
       384      211.3588486183
       385      211.8806613436
       386      213.5413351831
       387      209.0305673040
       388      209.0305672669
       389      209.0305673329
       390      218.3487787935
       391      209.0305672960
       392      209.0305672774
       393      222.2990247435
       394      209.0305636640
       395      212.1907013713
       396      209.0305633747
       397      209.0305635967
       398      212.2732131218
       399      210.0523092942
       400      212.7076053380
       401      209.2539593919
       402      208.2844044101
       403      211.0429111232
       404      209.1069921013
       405      211.1700212833
       406      210.2511654376
       407      216.5152236033
       408  1000000.0000000000
       409      209.7839768506
       410      209.6940439276
       411      334.5005508930
       412      210.5351034921
       413      215.4133352884
       414      216.5114413118
       415      208.4760805249
       416      209.3741629532
       417      208.2844044038
       418      208.2844009290
       419      209.5078302922
       420      208.2844043955
       421      209.5078336738
       422      211.0429110970
       423      211.0429109411
       424      209.3741628228
       425      209.2630904080
       426      210.0088593233
       427      210.0088595635
       428      213.4001322851
       429      210.8352864756
       430      210.4514482974
       431      211.3360235776
       432      210.4514483673
       433      211.3452645319
       434      211.3588487371
       435      213.7073857117
       436      280.2537983874
       437      223.0676960655
       438      211.3588487666
       439      215.1175227009
       440      215.9596398819
       441      211.3588522866
       442      211.3588523737
       443      211.3588523871
       444      211.3588522936
       445      217.5792334555
       446      211.3588523720
       447      212.6973813350
       448      209.1069922221
       449      210.2323948406
       450      339.6757307206
       451      345.6293557716
       452      215.5555909926
       453      208.2844043439
       454      209.2630903795
       455      208.2844008175
       456      221.6464008680
       457      209.3741629432
       458      213.7073813736
       459      214.6264962610
       460      209.2069652591
       461********************
       462      208.2844009030
       463      209.3741629737
       464      208.2844008311
       465  1000000.0000000000
       466      210.7332148643
       467      208.2844009481
       468      211.0429073777
       469      209.3780783775
       470      208.2844010268
       471      210.2323913571
       472      209.4427716340
       473      214.0299247779
       474      208.2844044394
       475      208.4760805862
       476      208.4760809490
       477      346.6382843781
       478      211.9501962235
       479      208.4760809475
       480      208.4760810118
       481  1000000.0000000000
       482      214.6401651213
       483  1000000.0000000000
       484      210.7332108952
       485  1000000.0000000000
       486      218.6194789356
       487      210.6755602163
       488      208.4760805790
       489      210.5064494494
       490      225.3799906674
       491      209.5078336308
       492      212.6820126349
       493      213.0585696254
       494      211.9050268610
       495      209.2069683859
       496      208.4760804391
       497  1000000.0000000000
       498      208.4760806669
       499      208.7722873672
       500      210.7128403607
