          45
Energy of minimum      1=     0.000000000     first found at step      296 after               103507 function calls
HH31       -2.3920402509        3.7332659807        2.2844654208
CH3        -1.9686305886        2.7769119083        2.5899712662
HH32       -0.8813879838        2.8370197217        2.5516083155
HH33       -2.2829083168        2.5510388947        3.6086888127
C          -2.4484081122        1.6885965190        1.6470823887
O          -3.0913685821        0.7290582352        2.0699270621
N          -2.1324654545        1.8304730802        0.3619516697
H          -1.6146538554        2.6519329916        0.0762434689
CA         -2.5254305655        0.8955069131       -0.7095500073
HA         -3.4853114330        0.4430874827       -0.4555178875
CB         -2.7247980209        1.6863671099       -2.0144310496
HB2        -3.5585892896        2.3779402135       -1.8774867087
HB3        -2.9849401979        0.9962660697       -2.8194863437
OG         -1.5577367560        2.4275290636       -2.3713699721
HG         -1.7326475476        2.9175114126       -3.2051566166
C          -1.5373047285       -0.2734636807       -0.9240408733
O          -1.7990241403       -1.1757168569       -1.7270567214
N          -0.4067146687       -0.2907278974       -0.2047777124
H          -0.2612084787        0.4622394695        0.4522180765
CA          0.6265015423       -1.3351257958       -0.2927061277
HA          0.8460076379       -1.5123105058       -1.3475830794
CB          1.9165748097       -0.8370711131        0.3895345598
HB2         1.7000706736       -0.5760253444        1.4276181466
HB3         2.6467114084       -1.6489947483        0.3892717936
CG          2.5387553903        0.3751182032       -0.3246794196
HG2         1.8423339037        1.2145261551       -0.3009803286
HG3         2.7405121017        0.1140253037       -1.3648236848
CD          3.8496336312        0.7979472093        0.3519955458
HD2         3.6489597752        1.0589613361        1.3931910675
HD3         4.5547881163       -0.0353728277        0.3237514112
CE          4.4522853219        2.0077805699       -0.3762640474
HE2         4.6262682057        1.7388295963       -1.4226911175
HE3         3.7276789151        2.8276658955       -0.3579486057
NZ          5.7282182983        2.4498903586        0.2481418940
HZ1         6.1125777330        3.2464561934       -0.2420666694
HZ2         6.4206993047        1.7137436015        0.2264708579
HZ3         5.5895321643        2.7211269189        1.2120371781
C           0.1642587738       -2.6820108894        0.3099393508
O          -0.5564832573       -2.7169711009        1.3151903361
N           0.6055175250       -3.7959545357       -0.2874944259
H           1.2004541408       -3.6908949156       -1.0971488949
CH3         0.2883493361       -5.1546937324        0.1470908022
HH31       -0.7911827207       -5.3132132918        0.1188497779
HH32        0.6467342419       -5.3140514431        1.1656561325
HH33        0.7691598764       -5.8775495926       -0.5139598204
          45
Energy of minimum      2=    0.7385026522E-01 first found at step       85 after                28847 function calls
HH31       -2.8767215548        0.8909614032        3.6642364010
CH3        -2.3553734023        1.6074586556        3.0298851337
HH32       -2.7958757974        2.5952604676        3.1617026104
HH33       -1.3034994865        1.6428609160        3.3117831976
C          -2.4752980288        1.1926783082        1.5756111163
O          -3.0840753626        0.1713367361        1.2600162496
N          -1.8756218466        1.9717779416        0.6777439358
H          -1.3653377626        2.7841195657        1.0007699229
CA         -1.9194015044        1.7495873243       -0.7804442375
HA         -2.9577173598        1.5920989119       -1.0770365759
CB         -1.4227027015        3.0116274935       -1.5062475549
HB2        -1.4164377384        2.8285420767       -2.5826478299
HB3        -2.1205519083        3.8266035992       -1.3037427294
OG         -0.1179257952        3.3969648684       -1.0748201113
HG          0.1535279331        4.2070896237       -1.5603602486
C          -1.1390089769        0.5051920067       -1.2564223689
O          -1.3319274417        0.0418202195       -2.3847698403
N          -0.3024535424       -0.0851609794       -0.3911314473
H          -0.1715021173        0.3630088728        0.5056591640
CA          0.4140199708       -1.3478835237       -0.6389336011
HA          0.6921760001       -1.3948259223       -1.6933598343
CB          1.7107046373       -1.3588870563        0.1962099492
HB2         1.4615125644       -1.2548603064        1.2541874399
HB3         2.2092054845       -2.3200571418        0.0571638326
CG          2.6900723007       -0.2452131376       -0.2127286843
HG2         2.2337024815        0.7302392418       -0.0385381942
HG3         2.9193423076       -0.3420522273       -1.2751790328
CD          3.9922832202       -0.3349261473        0.5940254094
HD2         4.4600740361       -1.3054945057        0.4163662892
HD3         3.7637203689       -0.2392421647        1.6575117686
CE          4.9522676626        0.7854337893        0.1696085638
HE2         5.1531984518        0.6905282849       -0.9019177673
HE3         4.4627382512        1.7503128092        0.3337035607
NZ          6.2312897387        0.7345030345        0.9276847842
HZ1         6.0727172895        0.8381940256        1.9206424380
HZ2         6.7113261596       -0.1422848091        0.7770290912
HZ3         6.8524405965        1.4776915102        0.6372373490
C          -0.4435336491       -2.6086866428       -0.3688601099
O          -0.0123466120       -3.7249039882       -0.6786410594
N          -1.6491207203       -2.4501634751        0.1946020588
H          -1.9361710329       -1.5049288939        0.4160556730
CH3        -2.5777363808       -3.5314691401        0.5113304647
HH31       -2.8526762173       -4.0663608388       -0.3994117079
HH32       -3.4799789625       -3.1203789415        0.9668619491
HH33       -2.1139828870       -4.2291867870        1.2108241482
          45
Energy of minimum      3=    0.2721881444     first found at step      402 after               143832 function calls
HH31       -3.6942607791       -1.5046466168        2.2845089784
CH3        -4.5117315325       -1.3084504913        1.5913557314
HH32       -4.9958872875       -2.2483495457        1.3272829880
HH33       -5.2366763061       -0.6496321399        2.0684577131
C          -3.9663231155       -0.6388615071        0.3433152192
O          -4.0974654294       -1.1647539510       -0.7609298766
N          -3.3433464299        0.5249849067        0.5131091191
H          -3.2737966274        0.9081261772        1.4474356678
CA         -2.7652371459        1.3352389555       -0.5760529168
HA         -3.3879780480        1.2307907178       -1.4659917993
CB         -2.7968267684        2.8188495530       -0.1687127834
HB2        -3.8388690901        3.1293426477       -0.0687358991
HB3        -2.3376685291        3.4198155206       -0.9561485930
OG         -2.1217513228        3.0464353577        1.0686367863
HG         -2.1746411139        4.0022851958        1.2909803761
C          -1.3378162529        0.9131300010       -0.9928599671
O          -0.7979049550        1.4308861749       -1.9765922211
N          -0.7285525199       -0.0454470360       -0.2798780842
H          -1.2415499002       -0.4292504613        0.5027373343
CA          0.6390102546       -0.5470297413       -0.4960996194
HA          0.8239017521       -0.5914683178       -1.5712559637
CB          1.6336634682        0.4557657335        0.1306418157
HB2         1.4222324600        1.4530295078       -0.2592427628
HB3         1.4882300776        0.4783784887        1.2125901686
CG          3.1033848755        0.1234980188       -0.1748446436
HG2         3.2421349896        0.0673500507       -1.2557593520
HG3         3.3614132495       -0.8398723678        0.2667695550
CD          4.0390886417        1.1969558957        0.3977486736
HD2         3.7922410527        2.1637934051       -0.0459207922
HD3         3.8992739599        1.2562241179        1.4791848176
CE          5.5006688525        0.8452014478        0.0852071206
HE2         5.7285690991       -0.1340030684        0.5175498721
HE3         5.6208899025        0.7678556738       -0.9998131524
NZ          6.4417938118        1.8638644392        0.6238040426
HZ1         6.2626679257        2.7751795737        0.2246284572
HZ2         7.3993583021        1.6188372808        0.4102550023
HZ3         6.3622529528        1.9409686883        1.6286169800
C           0.8128924089       -1.9739316495        0.0723386220
O           0.3149341430       -2.2812557027        1.1617838144
N           1.5222538101       -2.8432250820       -0.6581727663
H           1.8963910334       -2.5236845633       -1.5407071322
CH3         1.7954602343       -4.2257290353       -0.2703153762
HH31        2.3457845614       -4.2474354490        0.6720488123
HH32        0.8582958227       -4.7721507999       -0.1497743389
HH33        2.3936912786       -4.7159932069       -1.0400508637
          45
Energy of minimum      4=    0.2770475796     first found at step      292 after               102065 function calls
HH31       -2.7884977903        3.3321186762        2.3668429905
CH3        -2.0899626796        2.5296721423        2.6021617082
HH32       -1.0717331921        2.8790270813        2.4337018448
HH33       -2.2061467736        2.2441044543        3.6474108226
C          -2.3706342826        1.3374080054        1.7055871400
O          -2.6802923521        0.2487597170        2.1871179885
N          -2.2572086870        1.5363923325        0.3939950666
H          -2.0523255402        2.4720029508        0.0694521627
CA         -2.5655726826        0.5185239084       -0.6316075855
HA         -3.4410903393       -0.0499343326       -0.3151072651
CB         -2.9199788956        1.2109027502       -1.9601947885
HB2        -3.2143483788        0.4529204935       -2.6889513038
HB3        -2.0349097706        1.7266284526       -2.3388201601
OG         -3.9848060951        2.1480757053       -1.8039949874
HG         -4.1854975807        2.5542277823       -2.6764201528
C          -1.4334338454       -0.5073524426       -0.8673131849
O          -1.5973863528       -1.4510208700       -1.6471379486
N          -0.2775399675       -0.3444225369       -0.2096691093
H          -0.2128184867        0.4305356880        0.4352626706
CA          0.8908761353       -1.2307834132       -0.3366848431
HA          1.0869468796       -1.3904477335       -1.3990304706
CB          2.1241505809       -0.5419843611        0.2814558096
HB2         1.9177575023       -0.2987735307        1.3259103914
HB3         2.9629757208       -1.2405877939        0.2554220179
CG          2.5335860441        0.7357791495       -0.4709544287
HG2         1.7251195158        1.4667152924       -0.4234427398
HG3         2.7256480874        0.4903791393       -1.5167306555
CD          3.7979506236        1.3525936801        0.1422846100
HD2         3.6069249529        1.5981283742        1.1890535843
HD3         4.6137322166        0.6285454197        0.0900222340
CE          4.1886383222        2.6249556724       -0.6230831965
HE2         4.3540353803        2.3677554653       -1.6738606526
HE3         3.3554101457        3.3330865700       -0.5794438154
NZ          5.4137576584        3.2543560516       -0.0606546639
HZ1         5.6582997374        4.0901382009       -0.5746830446
HZ2         6.2031041641        2.6245119617       -0.1069459905
HZ3         5.2794432514        3.5176069817        0.9060715492
C           0.6561425319       -2.6211146497        0.2983396879
O           0.0017277623       -2.7436650014        1.3412429936
N           1.2186888638       -3.6697868082       -0.3151681582
H           1.7492914517       -3.4930757074       -1.1564535322
CH3         1.1203938463       -5.0536331307        0.1441842224
HH31        0.0742151909       -5.3632618118        0.1751795456
HH32        1.5507753392       -5.1469415164        1.1428731627
HH33        1.6633069040       -5.7103928536       -0.5374334545
          45
Energy of minimum      5=    0.3313174650     first found at step       28 after                 9744 function calls
HH31       -3.3639715828        3.0767785467        2.2710901665
CH3        -3.1344912510        2.0117790594        2.2543929008
HH32       -4.0263153467        1.4450115883        2.5208453132
HH33       -2.3440496463        1.8034757757        2.9747939485
C          -2.6686908693        1.6188465120        0.8651747442
O          -3.2714694751        0.7646363018        0.2168325613
N          -1.5761451760        2.2248775165        0.4047610570
H          -1.1070373222        2.8990176490        0.9965058010
CA         -1.0012425170        2.0015108547       -0.9358187238
HA         -1.7994009524        2.0845712897       -1.6753123671
CB          0.0251212037        3.1054610760       -1.2421138368
HB2        -0.4957349567        4.0644016824       -1.2782917646
HB3         0.4691882921        2.9220650744       -2.2225696779
OG          1.0516686528        3.1682896449       -0.2524809894
HG          1.6652694097        3.9028565002       -0.4744637255
C          -0.3706971043        0.6059810112       -1.1307945361
O          -0.1128981883        0.1900453654       -2.2644775508
N          -0.1676324414       -0.1512674624       -0.0436376115
H          -0.3782422159        0.2630689715        0.8545291413
CA          0.3274979154       -1.5376804668       -0.0589847940
HA          0.9939938061       -1.6662775991       -0.9128015155
CB          1.1369218533       -1.7941618114        1.2310242970
HB2         1.5574292297       -2.8004292332        1.1855028187
HB3         0.4561092415       -1.7622870082        2.0837959759
CG          2.2884969492       -0.8064681868        1.5019248672
HG2         1.8823498171        0.1927157926        1.6654628139
HG3         2.7867074886       -1.1159033322        2.4220075284
CD          3.3297108894       -0.7492125018        0.3738055649
HD2         3.7145125817       -1.7539812402        0.1877179275
HD3         2.8636980803       -0.3674806548       -0.5361739022
CE          4.4828823238        0.1803830849        0.7773142617
HE2         4.0773796315        1.1768081369        0.9785187729
HE3         4.9288612900       -0.1926052312        1.7044520815
NZ          5.5234037876        0.2648941005       -0.2826663302
HZ1         5.9257244121       -0.6426246666       -0.4739873902
HZ2         6.2753552768        0.8796670553       -0.0010817580
HZ3         5.1393908100        0.6260436984       -1.1452401641
C          -0.7912795635       -2.5918146096       -0.2440357471
O          -0.4976531383       -3.7843836582       -0.3822362491
N          -2.0640208828       -2.1725079173       -0.2546555255
H          -2.2246774822       -1.1796910589       -0.1405603757
CH3        -3.2317756203       -3.0335997663       -0.4188509102
HH31       -3.2657706329       -3.7736901348        0.3825851865
HH32       -3.1842272641       -3.5481037661       -1.3801995843
HH33       -4.1411558031       -2.4316330901       -0.3838038798
          45
Energy of minimum      6=    0.4638677492     first found at step      360 after               127265 function calls
HH31       -4.6528562036       -2.6476730733        1.2363099399
CH3        -4.3322122795       -1.6528970563        1.5448117410
HH32       -5.1901673576       -1.0972500681        1.9221706640
HH33       -3.5864684235       -1.7418112174        2.3342380433
C          -3.7319266813       -0.9130889137        0.3632269585
O          -3.6624780368       -1.4471578039       -0.7427881525
N          -3.2875015588        0.3208443570        0.5930894124
H          -3.4250231715        0.7141855706        1.5146346070
CA         -2.7480477615        1.2188052616       -0.4487998642
HA         -3.3756240420        1.1449978407       -1.3379610273
CB         -2.8077271012        2.6768970466        0.0407985389
HB2        -2.1242346557        2.7960797138        0.8842175426
HB3        -2.4781891920        3.3362982080       -0.7647360378
OG         -4.1256754941        3.0490757119        0.4421357711
HG         -4.1194484839        3.9879430869        0.7335143509
C          -1.3061492644        0.8843332736       -0.8944857631
O          -0.7991888416        1.4768745293       -1.8522453371
N          -0.6398434745       -0.0662528360       -0.2237661015
H          -1.1281420187       -0.5173864655        0.5390349124
CA          0.7493489179       -0.4872495406       -0.4718550534
HA          0.9264153585       -0.4750930115       -1.5492436432
CB          1.6973650704        0.5365322289        0.1918487129
HB2         1.5602617843        0.5047007416        1.2746910605
HB3         1.4328280259        1.5377400286       -0.1529576402
CG          3.1792364354        0.2923379207       -0.1373138660
HG2         3.4889477957       -0.6751238869        0.2598987689
HG3         3.3113397390        0.2903430118       -1.2205135270
CD          4.0649130577        1.3856277198        0.4758655069
HD2         3.9315831005        1.3906595241        1.5597351674
HD3         3.7662265825        2.3572030228        0.0766294687
CE          5.5395304104        1.1218345572        0.1388729484
HE2         5.8198316126        0.1374706679        0.5263794852
HE3         5.6541667557        1.0979004771       -0.9492415296
NZ          6.4331124632        2.1621975364        0.7156172452
HZ1         6.2052231505        3.0798367218        0.3579489105
HZ2         6.3584394977        2.1914317509        1.7233319915
HZ3         7.3998668543        1.9752038679        0.4854200609
C           1.0000428993       -1.9271031513        0.0315346788
O           0.5306981569       -2.3055368608        1.1112025898
N           1.7431210497       -2.7273676101       -0.7429631777
H           2.0907154016       -2.3516263422       -1.6141410202
CH3         2.0888776364       -4.1100284002       -0.4187071248
HH31        1.1813685013       -4.7073005374       -0.3134191537
HH32        2.6505229770       -4.1450789983        0.5165533371
HH33        2.7016537727       -4.5359870112       -1.2148240493
          45
Energy of minimum      7=    0.4910783385     first found at step       55 after                18827 function calls
HH31       -3.1566662501        2.0432886557        3.1974936161
CH3        -2.4916464114        1.1871832766        3.0879828776
HH32       -2.8445860889        0.3715728059        3.7186790754
HH33       -1.4855607385        1.4724332305        3.3939057191
C          -2.4726732121        0.7465114450        1.6364500599
O          -2.8221038911       -0.3897679089        1.3199973450
N          -2.0474917130        1.6396047914        0.7444396016
H          -1.8166133969        2.5691370285        1.0709187314
CA         -2.0657200992        1.4348302083       -0.7181042392
HA         -3.0771700509        1.1600860426       -1.0203572074
CB         -1.7074032599        2.7505675965       -1.4298561150
HB2        -1.8075112793        2.6101151391       -2.5081206446
HB3        -0.6674124523        3.0009670082       -1.2096373589
OG         -2.5510275540        3.8231161600       -1.0124677756
HG         -2.3027954584        4.6372002027       -1.5044871624
C          -1.1303379492        0.3133420338       -1.2190868844
O          -1.2762716021       -0.1606044179       -2.3492678152
N          -0.1918736922       -0.1502805479       -0.3815870743
H          -0.1164910629        0.2914697576        0.5253928357
CA          0.7046178871       -1.2836576238       -0.6681217477
HA          0.9645230652       -1.2695060281       -1.7282150205
CB          2.0048933671       -1.1094807347        0.1426070510
HB2         2.6402220291       -1.9817977269       -0.0221324020
HB3         1.7648550427       -1.0597779476        1.2066233865
CG          2.7957470969        0.1453818074       -0.2650574348
HG2         2.2005788412        1.0377203553       -0.0660690180
HG3         3.0151050526        0.0993395437       -1.3329903777
CD          4.1129107110        0.2422651191        0.5162984715
HD2         3.8943606993        0.2879752407        1.5852140918
HD3         4.7174817873       -0.6443801059        0.3143698959
CE          4.8853222271        1.4998166065        0.0931827342
HE2         5.0758938354        1.4510883392       -0.9833444554
HE3         4.2606442593        2.3781349934        0.2826957438
NZ          6.1731493816        1.6305324069        0.8264401462
HZ1         6.0216613184        1.6953264614        1.8237984866
HZ2         6.7756865988        0.8378014508        0.6520246859
HZ3         6.6699850364        2.4624160274        0.5372153953
C           0.0583810742       -2.6664891701       -0.4081237049
O           0.6455632968       -3.6959636642       -0.7591268168
N          -1.1393320716       -2.7078873073        0.1911421574
H          -1.5608078274       -1.8229588881        0.4480631120
CH3        -1.8815515812       -3.9259596682        0.5026968259
HH31       -2.0990957921       -4.4757045144       -0.4146860660
HH32       -2.8217079846       -3.6686256498        0.9929974491
HH33       -1.2956097210       -4.5599554165        1.1704347999
          45
Energy of minimum      8=    0.5691386106     first found at step      316 after               110302 function calls
HH31       -4.4202773924        1.9633056934        2.2394894280
CH3        -4.2049600100        0.9619809402        1.8677639136
HH32       -3.5403635044        0.4547482859        2.5664858524
HH33       -5.1349213623        0.4006607187        1.7804684363
C          -3.5312685721        1.0612583451        0.5113772075
O          -4.0386458924        0.5431363303       -0.4822945854
N          -2.3782262665        1.7244513431        0.4638942316
H          -2.0171097143        2.1355524719        1.3154296433
CA         -1.5840799641        1.9404149143       -0.7604722339
HA         -2.2611235493        2.0542336155       -1.6086074993
CB         -0.7989784868        3.2566843367       -0.6235622023
HB2        -0.1812088489        3.4034987485       -1.5116922489
HB3        -1.5122095738        4.0814159324       -0.5658282174
OG          0.0228529905        3.2686717753        0.5437492421
HG          0.4781034492        4.1371474932        0.6054870873
C          -0.6355888427        0.7728804922       -1.1149920120
O          -0.0193537853        0.7760309333       -2.1860277305
N          -0.5338665860       -0.2436735163       -0.2461474822
H          -1.0943030572       -0.1843810346        0.5933014812
CA          0.3366454868       -1.4252027014       -0.3848300269
HA          0.5814421285       -1.5697002197       -1.4389219027
CB          1.6502119269       -1.2030106651        0.3979626534
HB2         2.2355258656       -2.1239457743        0.3600978137
HB3         1.4139300031       -0.9977657549        1.4441549148
CG          2.5190249837       -0.0609896827       -0.1552575351
HG2         2.7235474117       -0.2435731887       -1.2113939450
HG3         1.9881031114        0.8859289000       -0.0538824888
CD          3.8479936251        0.0377869837        0.6054676373
HD2         4.3947883818       -0.9015427154        0.5004180294
HD3         3.6440684702        0.2150244513        1.6634790567
CE          4.6906125708        1.1909418886        0.0424644823
HE2         4.1214830632        2.1210148866        0.1352551800
HE3         4.8668694824        1.0116973459       -1.0225906415
NZ          5.9911926901        1.3236936037        0.7524564684
HZ1         6.5433776764        0.4814112026        0.6654636398
HZ2         5.8537431716        1.5078262043        1.7368849964
HZ3         6.5341314459        2.0866792565        0.3708544146
C          -0.3651483540       -2.7147470205        0.0974074247
O          -1.2214718798       -2.6749962253        0.9895431574
N           0.0102593851       -3.8629848408       -0.4793297514
H           0.7239023497       -3.8189239539       -1.1932910066
CH3        -0.5335377925       -5.1783088182       -0.1466707835
HH31       -0.3444006311       -5.4058593170        0.9039600530
HH32       -1.6097777269       -5.1944361611       -0.3278675493
HH33       -0.0597946132       -5.9428515955       -0.7645429079
          45
Energy of minimum      9=    0.7600712572     first found at step      337 after               118460 function calls
HH31       -3.5625221902       -0.1391300626        2.6294581469
CH3        -4.2627882767        0.1662430272        1.8525544413
HH32       -5.0171020781       -0.6090693014        1.7204725079
HH33       -4.7475179521        1.0953652441        2.1508464095
C          -3.5112554778        0.3839428878        0.5518898511
O          -3.7891573849       -0.2713655210       -0.4515302033
N          -2.5491585032        1.3044723470        0.5637122763
H          -2.4128571997        1.8431611885        1.4087095772
CA         -1.7655430205        1.7013453367       -0.6240102056
HA         -2.4378028042        1.7882833291       -1.4786699602
CB         -1.1310617459        3.0839866779       -0.3903195083
HB2        -0.3942788742        3.0052553509        0.4119991853
HB3        -0.6159595251        3.3971407921       -1.3007650207
OG         -2.1080182907        4.0643716475       -0.0429462467
HG         -1.6627794272        4.9317855195        0.0822997007
C          -0.6647261739        0.6935253780       -1.0246050541
O          -0.0544690385        0.8329805178       -2.0890105690
N          -0.4095481764       -0.3276388860       -0.1940831233
H          -0.9748285917       -0.3897693005        0.6425213198
CA          0.6183372774       -1.3674909293       -0.3817930947
HA          0.8702044441       -1.4372995558       -1.4418749374
CB          1.8950007052       -0.9905996962        0.4025721716
HB2         2.6020664183       -1.8194695125        0.3299461998
HB3         1.6422402560       -0.8561606419        1.4564060844
CG          2.5921326337        0.2790062147       -0.1143198962
HG2         2.8059917375        0.1641818091       -1.1781150496
HG3         1.9378528750        1.1399394818        0.0267531859
CD          3.9053526472        0.5305140142        0.6389133348
HD2         4.5714386579       -0.3231349053        0.4973247049
HD3         3.6929151440        0.6432582208        1.7041080560
CE          4.5805992398        1.8037900048        0.1097180311
HE2         3.8953517871        2.6470139814        0.2400292835
HE3         4.7650611014        1.6855553627       -0.9624962808
NZ          5.8617341985        2.0832983080        0.8125737214
HZ1         6.5190150008        1.3249234155        0.6909773863
HZ2         5.7145414032        2.2141355800        1.8041094957
HZ3         6.2942286102        2.9238760189        0.4534631350
C           0.1104692230       -2.7599689734        0.0553103253
O          -0.7250243881       -2.8743698897        0.9605554400
N           0.6291799962       -3.8213942398       -0.5742013370
H           1.3157521473       -3.6507911416       -1.2956463259
CH3         0.2784852204       -5.2114906885       -0.2893468559
HH31        0.5180495940       -5.4521347113        0.7479970888
HH32       -0.7886626057       -5.3693074750       -0.4557231201
HH33        0.8406351110       -5.8779935481       -0.9454644998
          45
Energy of minimum     10=    0.7798778583     first found at step      302 after               105862 function calls
HH31       -2.7919300719        3.5620021718        1.9444274653
CH3        -2.0776242071        2.8129763201        2.2849699150
HH32       -1.0756963373        3.1032295421        1.9702737407
HH33       -2.1112267310        2.7491135414        3.3723441163
C          -2.4289747965        1.4676320965        1.6764911190
O          -2.6969648763        0.5044342504        2.3929334097
N          -2.4239197800        1.3941645555        0.3475484705
H          -2.2104258179        2.2281360630       -0.1849207170
CA         -2.7615961670        0.1865791713       -0.4298882803
HA         -3.4969732104       -0.4005835543        0.1224197031
CB         -3.4194658169        0.6127903806       -1.7540831796
HB2        -4.3616074598        1.1161052856       -1.5276384915
HB3        -3.6433254972       -0.2749250802       -2.3489592160
OG         -2.5855554100        1.4982006764       -2.5020041419
HG         -3.0463573593        1.7450416675       -3.3342515156
C          -1.5633081726       -0.7536818097       -0.6922571776
O          -1.7324011833       -1.8427911646       -1.2513878102
N          -0.3482367252       -0.3657806104       -0.2809661657
H          -0.2786663930        0.5241705931        0.1910419578
CA          0.8845691254       -1.1507898229       -0.4546743467
HA          0.9271300494       -1.4967445012       -1.4895193959
CB          2.1075592237       -0.2466883899       -0.1992684197
HB2         2.0423086819        0.1647309275        0.8095788625
HB3         3.0104304147       -0.8577356720       -0.2609189709
CG          2.2233884544        0.8963349120       -1.2254461948
HG2         2.2048031126        0.4691298660       -2.2291835672
HG3         1.3716151051        1.5706684794       -1.1262801400
CD          3.5191319307        1.7086550672       -1.0748422870
HD2         4.3751613629        1.0374177369       -1.1694397661
HD3         3.5622609722        2.4339521427       -1.8897862222
CE          3.5881637096        2.4543820243        0.2675547014
HE2         2.7036012480        3.0918564725        0.3623200173
HE3         3.5655467320        1.7251496181        1.0828602485
NZ          4.8187312216        3.2842043943        0.3743393225
HZ1         4.8518229306        3.7692058010        1.2611539520
HZ2         4.8548919942        3.9813626179       -0.3569450231
HZ3         5.6516022830        2.7152879320        0.3051403835
C           0.9234286658       -2.4058958323        0.4476355855
O           0.4560154746       -2.3822742753        1.5930836921
N           1.5112383481       -3.4973227407       -0.0580450220
H           1.8810855825       -3.4399232249       -0.9963838586
CH3         1.6562884600       -4.7677266385        0.6495649908
HH31        2.2422060813       -4.6236678416        1.5591027425
HH32        0.6735692906       -5.1611130194        0.9157073597
HH33        2.1659253827       -5.4917269387        0.0117667420
          45
Energy of minimum     11=    0.8159392645     first found at step      307 after               107803 function calls
HH31       -3.1778111988        2.8925132317        2.4673982383
CH3        -2.6355774025        1.9786816483        2.7084678230
HH32       -1.5789675527        2.2113977937        2.8370877366
HH33       -3.0287713266        1.5582173925        3.6337737456
C          -2.7994249468        0.9812717454        1.5762251962
O          -3.3119459336       -0.1187394124        1.7768875743
N          -2.3596662359        1.3602544156        0.3784438394
H          -1.9637868165        2.2861050265        0.2757755255
CA         -2.4517061898        0.5439912887       -0.8469304145
HA         -3.3495912073       -0.0741461286       -0.7989638058
CB         -2.6045463018        1.4786242807       -2.0595359924
HB2        -3.5513154887        2.0147608160       -1.9679672143
HB3        -2.6386990555        0.8822757855       -2.9734491956
OG         -1.5381029490        2.4248367274       -2.1393914437
HG         -1.6797903230        3.0005975370       -2.9231105931
C          -1.2660209245       -0.4250827830       -1.0537326555
O          -1.2902953779       -1.2571959967       -1.9670785750
N          -0.2296084901       -0.3525281548       -0.2074134082
H          -0.2815323084        0.3295856304        0.5354851603
CA          0.9638332621       -1.2115117479       -0.2698935957
HA          1.2784456352       -1.2890739215       -1.3127002039
CB          2.1084797043       -0.5552718919        0.5281504932
HB2         1.7815263433       -0.3802536531        1.5553528123
HB3         2.9547642004       -1.2448218598        0.5545473941
CG          2.5816691832        0.7701453910       -0.0937537825
HG2         1.7571779104        1.4832993120       -0.1009005989
HG3         2.9009645372        0.5885530606       -1.1212595648
CD          3.7574665014        1.3592738789        0.7017030218
HD2         3.4413038281        1.5714181170        1.7250785853
HD3         4.5556117074        0.6155463501        0.7439275837
CE          4.3300227727        2.6337491462        0.0586841246
HE2         4.5811147932        2.4218100153       -0.9851473564
HE3         5.2611363196        2.8876935590        0.5745770168
NZ          3.3967667127        3.7919503345        0.1352276113
HZ1         3.8204852508        4.6193619685       -0.2636395942
HZ2         2.5416680800        3.6142741329       -0.3734965258
HZ3         3.1570982332        4.0057780952        1.0940580990
C           0.6872674832       -2.6482173919        0.2295907896
O          -0.0954343358       -2.8587730516        1.1645041919
N           1.3543693650       -3.6386400218       -0.3758082725
H           1.9862407572       -3.3909286478       -1.1241023593
CH3         1.2353380173       -5.0539895460       -0.0317819072
HH31        0.2032050423       -5.3843015126       -0.1618461486
HH32        1.5334054519       -5.2122134403        1.0062159599
HH33        1.8811351322       -5.6489759657       -0.6795700712
          45
Energy of minimum     12=    0.8502163850     first found at step       77 after                26180 function calls
HH31       -2.6431812220        2.2036120078        3.3974441635
CH3        -2.0162631343        1.3342769593        3.2014585066
HH32       -2.2277630401        0.5614780760        3.9401273640
HH33       -0.9683191286        1.6244532720        3.2703963069
C          -2.3049061351        0.8093611332        1.8077384430
O          -2.7059950033       -0.3411939917        1.6384959146
N          -2.0820810050        1.6433888927        0.7940806342
H          -1.7250577445        2.5692267586        0.9941343880
CA         -2.3453250368        1.3231733262       -0.6221652111
HA         -3.3552360534        0.9181079905       -0.7050296803
CB         -2.3006427195        2.6147880206       -1.4564171708
HB2        -3.1185783408        3.2636710740       -1.1368593330
HB3        -2.4530600144        2.3684746055       -2.5091761475
OG         -1.0644613499        3.3102748514       -1.2976991613
HG         -1.0838177088        4.1265804558       -1.8445469959
C          -1.4004762199        0.2573352794       -1.2181718501
O          -1.6893611260       -0.3104941114       -2.2760905640
N          -0.3016921580       -0.0721297463       -0.5243611713
H          -0.1123793129        0.4518781891        0.3192916685
CA          0.6292570105       -1.1551717397       -0.8846965708
HA          0.7009971915       -1.2111084561       -1.9724240758
CB          2.0290073300       -0.8156982156       -0.3325119233
HB2         1.9682574295       -0.7076919006        0.7517150566
HB3         2.7039025948       -1.6439147823       -0.5567479368
CG          2.6141536162        0.4653817144       -0.9566360435
HG2         2.0070376479        1.3263927739       -0.6735868918
HG3         2.5847326823        0.3701464060       -2.0430868256
CD          4.0693838258        0.7262639216       -0.5379323202
HD2         4.6814002801       -0.1342083078       -0.8158706950
HD3         4.4313016947        1.5957316120       -1.0902066088
CE          4.2029104986        0.9951993960        0.9694876045
HE2         3.8598058415        0.1148458127        1.5210109942
HE3         3.5521390937        1.8336395736        1.2364746802
NZ          5.6067201392        1.3076099911        1.3513354699
HZ1         6.2264783890        0.5406289268        1.1283203543
HZ2         5.9424694100        2.1308184551        0.8700153160
HZ3         5.6806705940        1.4825419635        2.3446325870
C           0.1599109877       -2.5551900745       -0.4181233017
O           0.7766953440       -3.5636450000       -0.7790888129
N          -0.9212371543       -2.6344866254        0.3698022533
H          -1.3769741860       -1.7657404002        0.6198663826
CH3        -1.4917914353       -3.8729044367        0.8920395049
HH31       -1.7985370698       -4.5193960720        0.0679552693
HH32       -2.3636150459       -3.6457849544        1.5075807899
HH33       -0.7536220792       -4.3959689235        1.5025144081
          45
Energy of minimum     13=    0.8723123843     first found at step       93 after                31686 function calls
HH31       -2.9839753004        1.3627174382        3.4134809291
CH3        -2.2590280235        1.9522936381        2.8527362683
HH32       -2.4981111205        3.0105825085        2.9529032518
HH33       -1.2603367947        1.7707361771        3.2487061233
C          -2.3001232967        1.5634120010        1.3870068392
O          -3.0676031207        0.6883630121        0.9889030359
N          -1.4570466389        2.1968888395        0.5741193573
H          -0.8298186931        2.8882290227        0.9656360782
CA         -1.3849403894        1.9825534008       -0.8841750403
HA         -2.3930547826        2.0493515350       -1.2965354604
CB         -0.5512376716        3.1053718839       -1.5246715324
HB2        -0.4675082367        2.9236240746       -2.5980328051
HB3        -1.0740769737        4.0528600555       -1.3796076605
OG          0.7514817687        3.1980627764       -0.9482504459
HG          1.2393571965        3.9345450822       -1.3786070758
C          -0.8367590042        0.5993237158       -1.2958767834
O          -1.0055529663        0.1775423463       -2.4441781969
N          -0.2307681598       -0.1424172317       -0.3582645499
H          -0.1063125407        0.2770571706        0.5533477020
CA          0.2540196513       -1.5197928389       -0.5507770402
HA          0.5682586122       -1.6429233608       -1.5887659831
CB          1.4881155314       -1.7418917634        0.3476641858
HB2         1.2136772170       -1.5684414523        1.3901806842
HB3         1.8127733089       -2.7794593526        0.2491314903
CG          2.6673064054       -0.8293370995       -0.0324285629
HG2         2.3741961974        0.2134487159        0.0893268018
HG3         2.9303123888       -1.0023670391       -1.0771974516
CD          3.8923031361       -1.1170999051        0.8495183604
HD2         4.1550014432       -2.1717180407        0.7463802037
HD3         3.6447990709       -0.9324614729        1.8968202960
CE          5.1178578019       -0.2787429478        0.4489601478
HE2         5.9857884804       -0.6587504108        0.9965252411
HE3         5.3133229238       -0.4247806987       -0.6177875723
NZ          4.9489843945        1.1713849580        0.7439937578
HZ1         4.1820447543        1.5700893476        0.2199259624
HZ2         4.7744506268        1.3262833849        1.7278518779
HZ3         5.7845258908        1.6860139549        0.4986947499
C          -0.8320559193       -2.5963568732       -0.3071728093
O          -0.5852679874       -3.7851331171       -0.5389448492
N          -2.0286897838       -2.2008504422        0.1484622296
H          -2.1588721642       -1.2096418505        0.3075198963
CH3        -3.1562111275       -3.0854201367        0.4282314500
HH31       -3.4535401510       -3.6105401520       -0.4811667624
HH32       -4.0021173175       -2.5000011925        0.7919364431
HH33       -2.8776916473       -3.8162352983        1.1894889044
          45
Energy of minimum     14=     1.018350870     first found at step      387 after               137949 function calls
HH31       -4.8725213636       -0.3026530170        2.4790818690
CH3        -4.2159156543       -1.0379963944        2.0150226680
HH32       -4.7443665824       -1.9863454072        1.9205428051
HH33       -3.3335349642       -1.1759662614        2.6391842101
C          -3.7928177551       -0.5426579192        0.6442429102
O          -4.0512150385       -1.1935613914       -0.3670242763
N          -3.1318881867        0.6118996964        0.6036704829
H          -2.9557747225        1.1027475356        1.4712230176
CA         -2.6567501865        1.2649946098       -0.6311074562
HA         -3.3727480905        1.0745814272       -1.4322270599
CB         -2.6145842483        2.7871357375       -0.4091317091
HB2        -3.6334747380        3.1418106807       -0.2408499824
HB3        -2.2301568104        3.2731073107       -1.3080671147
OG         -1.8066430683        3.1398620950        0.7139695471
HG         -1.8173111690        4.1166578126        0.8216128509
C          -1.2907445965        0.7484503298       -1.1376123146
O          -0.8482192628        1.1254289407       -2.2281677692
N          -0.6287020111       -0.1366993098       -0.3782544350
H          -1.0635101424       -0.4063274661        0.4942379537
CA          0.6973219336       -0.7063047290       -0.6709568909
HA          0.7646786840       -0.8877691336       -1.7455344796
CB          1.7735004052        0.3317148961       -0.2806819031
HB2         1.7350328819        0.4925721411        0.7980373615
HB3         1.5454249773        1.2783309408       -0.7737766776
CG          3.1957258129       -0.0921738923       -0.6898762691
HG2         3.4926177132       -0.9780503370       -0.1270255244
HG3         3.1954112342       -0.3435666227       -1.7515412534
CD          4.2394601529        1.0122243198       -0.4598507353
HD2         5.1971744238        0.6619569360       -0.8500174983
HD3         3.9474394063        1.9025908100       -1.0205214054
CE          4.3993289458        1.3638708683        1.0280238363
HE2         3.4444624758        1.7357603331        1.4114282102
HE3         4.6512778367        0.4532667862        1.5804183331
NZ          5.4562775005        2.3892013172        1.2418021001
HZ1         6.3551533590        2.0623394431        0.9142643912
HZ2         5.5509746218        2.6111133061        2.2239047609
HZ3         5.2387404340        3.2472601639        0.7534313095
C           0.9026518561       -2.0582880921        0.0497952485
O           0.5142853970       -2.2151353496        1.2132914381
N           1.5175083958       -3.0312341821       -0.6341118190
H           1.8052159816       -2.8329107234       -1.5822052693
CH3         1.8042256262       -4.3639698378       -0.1068110818
HH31        0.8747886803       -4.8627238924        0.1738714176
HH32        2.4483470535       -4.2876879712        0.7710681445
HH33        2.3109428444       -4.9623710363       -0.8656880893
          45
Energy of minimum     15=     1.081983722     first found at step      297 after               103845 function calls
HH31       -1.6366601712        2.4034345856        2.7449360578
CH3        -2.6927053381        2.1580577474        2.6365619882
HH32       -3.2429338534        3.0558092584        2.3563637904
HH33       -3.0755632426        1.7801345665        3.5842794668
C          -2.8589843437        1.1063409551        1.5549461743
O          -3.3635572926        0.0144738185        1.8121148765
N          -2.4290937859        1.4293165787        0.3374041772
H          -2.0378564236        2.3508796309        0.1883595982
CA         -2.5232401142        0.5555186891       -0.8476342115
HA         -3.4093361372       -0.0748614722       -0.7579779144
CB         -2.7102469161        1.4302756602       -2.0997087781
HB2        -3.6641951171        1.9551039105       -2.0174117016
HB3        -2.7493349939        0.7918011536       -2.9844952771
OG         -1.6612136323        2.3885503646       -2.2411224158
HG         -1.8251723180        2.9254117415       -3.0478143752
C          -1.3239207511       -0.4032323552       -1.0244451360
O          -1.3265076898       -1.2506809326       -1.9239861486
N          -0.2980790137       -0.3030711920       -0.1680093295
H          -0.3661774832        0.3927891856        0.5606820601
CA          0.9080355845       -1.1457219426       -0.2027431376
HA          1.2735445881       -1.1793111281       -1.2311594060
CB          2.0025384752       -0.5078322568        0.6765944935
HB2         1.6263391175       -0.3931707275        1.6954474735
HB3         2.8619782246       -1.1807886012        0.7066361787
CG          2.4740094716        0.8578874866        0.1475245613
HG2         2.8335865964        0.7361649844       -0.8747203624
HG3         1.6394911306        1.5604840194        0.1476911895
CD          3.5998892764        1.4247683584        1.0269334216
HD2         3.2360841842        1.4924915714        2.0540956256
HD3         4.4547640655        0.7455247452        1.0172559558
CE          4.0467881880        2.8289776624        0.5867094535
HE2         3.1687293051        3.4798096519        0.5322968213
HE3         4.7081459992        3.2344872449        1.3585672326
NZ          4.7633943175        2.8258558501       -0.7189222390
HZ1         5.5821887588        2.2334921801       -0.6852489720
HZ2         5.0727733485        3.7583234107       -0.9595734643
HZ3         4.1685900158        2.5008773042       -1.4685886544
C           0.6278131435       -2.6035628648        0.2301127824
O          -0.1857886377       -2.8571542590        1.1272866655
N           1.3267039052       -3.5638540972       -0.3878890611
H           1.9824204140       -3.2819490561       -1.1027853028
CH3         1.2095593410       -4.9924255804       -0.1030088454
HH31        0.1862320377       -5.3263916160       -0.2835292625
HH32        1.8845004000       -5.5562751850       -0.7489325791
HH33        1.4711783186       -5.1880764331        0.9384286333
          45
Energy of minimum     16=     1.094775693     first found at step      373 after               132542 function calls
HH31       -3.7866831169       -1.1419751261        2.2326798638
CH3        -4.5520361222       -0.8348602482        1.5205510473
HH32       -5.1597355681       -1.6973494002        1.2478490635
HH33       -5.1856535109       -0.0763933349        1.9793194244
C          -3.8887909718       -0.2573527747        0.2836210254
O          -4.0692728325       -0.7653947471       -0.8220121739
N          -3.1095301608        0.8063423997        0.4646964731
H          -3.0066812035        1.1809422987        1.3994206578
CA         -2.3974359260        1.5193667631       -0.6130276379
HA         -3.0084375694        1.4991981937       -1.5168935992
CB         -2.2266096598        2.9947853976       -0.2106253549
HB2        -3.2158886589        3.4505639944       -0.1341483505
HB3        -1.6702437042        3.5199593734       -0.9895238998
OG         -1.5522929198        3.1313434930        1.0404302779
HG         -1.4770815907        4.0860927632        1.2609158905
C          -1.0357241957        0.8956919875       -0.9952792810
O          -0.4041785587        1.3266703241       -1.9661684250
N          -0.5865823160       -0.1367410028       -0.2667280834
H          -1.1673012293       -0.4395170190        0.5040545746
CA          0.6992827477       -0.8305354629       -0.4504458890
HA          0.9003058701       -0.9058092789       -1.5210094988
CB          1.8130504741        0.0224068205        0.1981409368
HB2         1.6531684867        0.0610356692        1.2775854214
HB3         1.7414151074        1.0385833109       -0.1907917929
CG          3.2282428925       -0.5142061777       -0.0844340175
HG2         3.3901313813       -0.5588884256       -1.1625667591
HG3         3.3152852137       -1.5240240116        0.3174294478
CD          4.3340928094        0.3408534612        0.5546762089
HD2         5.2880192583       -0.1672423039        0.3996685311
HD3         4.1554126701        0.4111884496        1.6296223031
CE          4.4118673314        1.7505021795       -0.0537409831
HE2         3.4652253233        2.2692829378        0.1238157678
HE3         4.5469396610        1.6600595108       -1.1360249770
NZ          5.5304983433        2.5410949437        0.5273687948
HZ1         6.4213064646        2.0937683631        0.3587261847
HZ2         5.4205960471        2.6523887993        1.5261752286
HZ3         5.5702172692        3.4652037629        0.1185151737
C           0.6510160202       -2.2651218689        0.1234166785
O           0.0988689451       -2.4899702275        1.2068607438
N           1.2309216462       -3.2339104703       -0.5960602425
H           1.6604854443       -2.9774777928       -1.4739394926
CH3         1.2887227468       -4.6402112821       -0.2018881108
HH31        1.8158647683       -5.2177485039       -0.9630098714
HH32        1.8181186111       -4.7405370786        0.7473539446
HH33        0.2787592762       -5.0393113523       -0.0919909391
          45
Energy of minimum     17=     1.175125071     first found at step       83 after                28214 function calls
HH31       -2.8481630477        0.3802785078        3.7080569426
CH3        -2.4877404739        1.1929792696        3.0778420698
HH32       -3.1431619718        2.0561038114        3.1899471022
HH33       -1.4779700103        1.4668900056        3.3819487962
C          -2.4765528940        0.7544343941        1.6257338816
O          -2.8380687187       -0.3776433616        1.3080152371
N          -2.0436893947        1.6444867408        0.7342355944
H          -1.7954830731        2.5693625536        1.0625539161
CA         -2.0587820119        1.4397006552       -0.7281178452
HA         -3.0692239541        1.1637679148       -1.0334540125
CB         -1.6898996219        2.7557848375       -1.4366183172
HB2        -1.8068449557        2.6306970464       -2.5151298946
HB3        -0.6405385254        2.9783257067       -1.2332508672
OG         -2.4849622811        3.8565661917       -0.9941510012
HG         -3.4043001319        3.7503995374       -1.3252888491
C          -1.1238599786        0.3156281327       -1.2248965987
O          -1.2644851158       -0.1562487128       -2.3565654426
N          -0.1919682284       -0.1518882841       -0.3822246858
H          -0.1201995693        0.2892915975        0.5253596463
CA          0.7031851634       -1.2874948212       -0.6642075985
HA          0.9639439242       -1.2776341684       -1.7241434109
CB          2.0031717788       -1.1119014034        0.1467113681
HB2         2.6378620178       -1.9852770106       -0.0148379676
HB3         1.7625804353       -1.0584970477        1.2104212875
CG          2.7952640569        0.1410028239       -0.2646230744
HG2         2.2006504254        1.0344583175       -0.0690051633
HG3         3.0152505411        0.0912411946       -1.3322595589
CD          4.1120050516        0.2396391354        0.5172071581
HD2         3.8928399331        0.2889586211        1.5858357249
HD3         4.7161968102       -0.6479932895        0.3185121011
CE          4.8853069061        1.4954106399        0.0904320543
HE2         5.0765661418        1.4430214043       -0.9858013531
HE3         4.2609174428        2.3746515530        0.2766027989
NZ          6.1727036637        1.6279735637        0.8241080284
HZ1         6.0205777894        1.6961733393        1.8211417274
HZ2         6.7749888037        0.8343883236        0.6527389891
HZ3         6.6701110378        2.4586617279        0.5324383999
C           0.0547207191       -2.6684336955       -0.3996934122
O           0.6419712625       -3.7002015665       -0.7437613725
N          -1.1450095090       -2.7057085015        0.1958702643
H          -1.5665701586       -1.8192041180        0.4468275101
CH3        -1.8893026960       -3.9215850742        0.5111564571
HH31       -2.8308156254       -3.6610345193        0.9971414671
HH32       -2.1043689786       -4.4757652783       -0.4041421898
HH33       -1.3060569213       -4.5527231622        1.1839471563
          45
Energy of minimum     18=     1.194752343     first found at step      460 after               167126 function calls
HH31       -3.5686102377       -1.7277395741        2.3409081514
CH3        -4.3214001454       -1.6403275603        1.5580417402
HH32       -4.6455533785       -2.6356151873        1.2549184373
HH33       -5.1754132525       -1.0829617143        1.9417141715
C          -3.7311835092       -0.9039627449        0.3694459652
O          -3.6714442492       -1.4406356499       -0.7357894046
N          -3.2843605568        0.3304497203        0.5924808451
H          -3.4106593087        0.7251102392        1.5155309553
CA         -2.7464040194        1.2244139993       -0.4531504002
HA         -3.3732595981        1.1461899697       -1.3427145203
CB         -2.8003445000        2.6839048841        0.0372157054
HB2        -2.0813612402        2.8051025838        0.8498423317
HB3        -2.5053104129        3.3492171923       -0.7768638239
OG         -4.0943651673        3.0589222949        0.5113309075
HG         -4.7205443328        3.1000342047       -0.2450806220
C          -1.3050507389        0.8872553198       -0.8992609820
O          -0.7972331690        1.4797257198       -1.8565542700
N          -0.6401416482       -0.0644906969       -0.2287910373
H          -1.1290631203       -0.5150769680        0.5339586289
CA          0.7490477620       -0.4862724475       -0.4757366491
HA          0.9274441219       -0.4733051331       -1.5529018792
CB          1.6968941643        0.5363178741        0.1900644491
HB2         1.4334704521        1.5379859627       -0.1542628856
HB3         1.5582754016        0.5037018298        1.2726930978
CG          3.1790892375        0.2915392127       -0.1371920639
HG2         3.3127500417        0.2903673089       -1.2202011855
HG3         3.4876966959       -0.6764119533        0.2596850139
CD          4.0644429395        1.3838603939        0.4781869203
HD2         3.7668548255        2.3559202989        0.0793085514
HD3         3.9295015731        1.3880839531        1.5618614080
CE          5.5394306516        1.1196054061        0.1431947562
HE2         5.8186573462        0.1347819240        0.5303084229
HE3         5.6556962818        1.0965207668       -0.9447647667
NZ          6.4326495517        2.1590493057        0.7221570271
HZ1         6.2057468206        3.0770990347        0.3649138242
HZ2         7.3996602933        1.9717766260        0.4932690721
HZ3         6.3564623675        2.1874834254        1.7297818679
C           0.9981758770       -1.9267222865        0.0267465516
O           0.5265747183       -2.3059855855        1.1051381547
N           1.7423766399       -2.7265802912       -0.7470937759
H           2.0918448177       -2.3501521708       -1.6172251346
CH3         2.0869329269       -4.1096931828       -0.4234774772
HH31        2.6467877508       -4.1458583372        0.5128141172
HH32        1.1789760403       -4.7066826114       -0.3204713255
HH33        2.7010420804       -4.5351658024       -1.2188269967
          45
Energy of minimum     19=     1.241746645     first found at step      401 after               143451 function calls
HH31       -4.3656603012       -2.4824682332        1.8450175657
CH3        -4.0212371514       -1.4580368296        1.9845871764
HH32       -4.8407933266       -0.8498275862        2.3662139429
HH33       -3.2012368609       -1.4466635932        2.7020131140
C          -3.5434039707       -0.8879857280        0.6615214967
O          -3.5801036711       -1.5658159867       -0.3643957645
N          -3.0847062641        0.3619084267        0.6793947779
H          -3.1333458378        0.8761933985        1.5488874842
CA         -2.6548841493        1.1080065288       -0.5212145930
HA         -3.3664188813        0.9208666458       -1.3265740362
CB         -2.6738911901        2.6189497364       -0.2279543155
HB2        -2.4287311573        3.1619460015       -1.1430205539
HB3        -1.9114298345        2.8445801159        0.5206822383
OG         -3.9479616006        3.0518797053        0.2473217167
HG         -3.9184523143        4.0213518954        0.4074808645
C          -1.2621144936        0.7052004950       -1.0574051100
O          -0.8544070253        1.1609502941       -2.1304486948
N          -0.5287746557       -0.1534714920       -0.3346595352
H          -0.9378828451       -0.4953847898        0.5253381448
CA          0.8303385380       -0.6172849771       -0.6606508738
HA          0.8987910077       -0.7510007909       -1.7422079228
CB          1.8361227434        0.4766397890       -0.2371536656
HB2         1.7984260102        0.5911312973        0.8475330118
HB3         1.5380154582        1.4239797601       -0.6898969836
CG          3.2795489518        0.1686247974       -0.6749478351
HG2         3.6424851720       -0.7169405793       -0.1517216551
HG3         3.2848092346       -0.0387810511       -1.7460613028
CD          4.2478621937        1.3318345837       -0.4080005178
HD2         5.2224921811        1.0648894676       -0.8214960096
HD3         3.8888716604        2.2225292743       -0.9277877032
CE          4.4015183417        1.6313794530        1.0919012724
HE2         4.7217338000        0.7179894486        1.6028018459
HE3         3.4283493336        1.9205807404        1.4997863177
NZ          5.3887528847        2.7169703903        1.3390128526
HZ1         5.4801874080        2.9037729851        2.3287041400
HZ2         6.3037158382        2.4664021093        0.9895002043
HZ3         5.1073779965        3.5777087089        0.8895047638
C           1.1357088127       -1.9793937112        0.0033761253
O           0.7742104479       -2.2071760766        1.1637475423
N           1.8059336272       -2.8808612210       -0.7249647535
H           2.0671451336       -2.6266916057       -1.6673859508
CH3         2.1888283666       -4.2105779858       -0.2540808413
HH31        1.2989382184       -4.7819216818        0.0162185376
HH32        2.8377946423       -4.1249972709        0.6193663318
HH33        2.7247898471       -4.7431387895       -1.0413993874
          45
Energy of minimum     20=     1.243657887     first found at step      257 after                89392 function calls
HH31       -2.9575101680        1.7755322600        3.3615820761
CH3        -2.1319455089        1.0835706276        3.1978729424
HH32       -1.1891236369        1.6235010588        3.2798083881
HH33       -2.1650765208        0.2959781986        3.9503168122
C          -2.2491822750        0.4786161550        1.8116008983
O          -2.3595816422       -0.7376629161        1.6639432261
N          -2.2091009393        1.3242388366        0.7833118690
H          -2.1602798756        2.3154921519        0.9807901270
CA         -2.4226701296        0.9378283924       -0.6260615226
HA         -3.3736020898        0.4090870764       -0.7036730447
CB         -2.5179818912        2.1998795775       -1.5002825255
HB2        -1.5475596700        2.7009021825       -1.5065789741
HB3        -2.7611117335        1.9060183796       -2.5234815441
OG         -3.5131547985        3.1018711912       -1.0182849454
HG         -3.5553451754        3.8821753009       -1.6147658493
C          -1.3417200728       -0.0012322013       -1.2033057119
O          -1.5571857241       -0.6353017024       -2.2400038896
N          -0.1912400227       -0.1337425688       -0.5279810748
H          -0.0736217545        0.4249579189        0.3071230686
CA          0.8923137422       -1.0644952461       -0.8887989838
HA          0.9518496931       -1.1322946634       -1.9766612275
CB          2.2308710114       -0.4969009929       -0.3740876719
HB2         2.1738264481       -0.3751635385        0.7088822529
HB3         3.0234561654       -1.2138653916       -0.5966094764
CG          2.5956090467        0.8453907118       -1.0358877911
HG2         1.8664035471        1.6068560401       -0.7558156245
HG3         2.5604299071        0.7222167467       -2.1193450749
CD          3.9998225969        1.3399081531       -0.6553745853
HD2         4.7336477132        0.5801004145       -0.9318564377
HD3         4.2098130425        2.2432832824       -1.2314110130
CE          4.1198094852        1.6584593023        0.8435321106
HE2         3.3513315989        2.3904939171        1.1106544115
HE3         3.9299998116        0.7472430823        1.4185195686
NZ          5.4648110877        2.1942549161        1.1870742783
HZ1         5.6578214737        3.0493697472        0.6834904868
HZ2         5.5304522196        2.3996532391        2.1751104877
HZ3         6.1923853537        1.5288720543        0.9634716155
C           0.6606227177       -2.5107732585       -0.3867369971
O           1.4169518959       -3.4175933315       -0.7518649480
N          -0.3720561122       -2.7424443487        0.4349642216
H          -0.9503603392       -1.9500631637        0.6888625142
CH3        -0.7273352611       -4.0445523169        0.9917686288
HH31        0.1002614029       -4.4348928426        1.5866403840
HH32       -1.6062284033       -3.9441206353        1.6304981506
HH33       -0.9526126812       -4.7461487477        0.1866872326
