         1     210.2547002    
         2     210.2547002    
         3     210.8720730    
         4     210.8720730    
         5     210.8720730    
         6     210.8720739    
         7     210.8720739    
         8     210.8720739    
         9     210.8720739    
        10     210.8720719    
        11     210.8720719    
        12     210.8720719    
        13     210.8720719    
        14     210.7421231    
        15     210.8720736    
        16     210.7421249    
        17     214.0032481    
        18     209.4997847    
        19     209.4997847    
        20     209.4997847    
        21     209.4997850    
        22     209.4997850    
        23     209.4997855    
        24     209.4997855    
        25     209.4997855    
        26     209.4997837    
        27     209.4997837    
        28     209.4997837    
        29     208.3435608    
        30     208.3435608    
        31     208.3435608    
        32     208.3435608    
        33     208.3435301    
        34     208.3435307    
        35     208.3435307    
        36     208.3435307    
        37     208.3435307    
        38     208.3435307    
        39     208.3435303    
        40     208.3435303    
        41     208.3435303    
        42     208.3435303    
        43     208.3435303    
        44     208.3435304    
        45     208.3435303    
        46     208.3435303    
        47     208.3435303    
        48     208.3435303    
        49     208.3435303    
        50     208.3435303    
        51     208.3435344    
        52     208.3435344    
        53     208.3435340    
        54     208.3435339    
        55     208.3435339    
        56     208.5032952    
        57     208.5032951    
        58     208.5032951    
        59     208.5032911    
        60     208.5032911    
        61     208.5032910    
        62     208.5032910    
        63     208.5032910    
        64     208.5032910    
        65     208.5032910    
        66     208.5032911    
        67     208.5032910    
        68     208.5032910    
        69     208.5032912    
        70     208.5032912    
        71     208.5032912    
        72     208.5032912    
        73     208.5032912    
        74     208.5032912    
        75     208.5032911    
        76     208.5032911    
        77     208.5032911    
        78     208.5032911    
        79     208.5032909    
        80     208.5032911    
        81     208.5032940    
        82     208.5032940    
        83     208.5032942    
        84     208.5032942    
        85     208.5032942    
        86     208.0860629    
        87     208.5032941    
        88     208.5032941    
        89     208.5032944    
        90     208.0860629    
        91     208.0860629    
        92     208.0860629    
        93     208.0860629    
        94     208.0860629    
        95     208.0860629    
        96     208.0860629    
        97     208.5032942    
        98     208.5032943    
        99     208.5032944    
       100     208.5032942    
       101     208.5032942    
       102     208.5032942    
       103     208.5032942    
       104     208.5032942    
       105     208.5032942    
       106     208.5032943    
       107     209.3673849    
       108     209.3673849    
       109     209.3673849    
       110     209.3673849    
       111     209.3673849    
       112     209.3673849    
       113     209.3673850    
       114     209.3673850    
       115     208.3435334    
       116     209.9993203    
       117     209.3025144    
       118     209.3025142    
       119     209.3025142    
       120     209.3025142    
       121     209.3025139    
       122     209.3025144    
       123     209.3025140    
       124     209.3025140    
       125     209.3025143    
       126     209.3025143    
       127     209.3025143    
       128     209.3025143    
       129     209.3025143    
       130     209.3025143    
       131     209.3025142    
       132     209.3025142    
       133     210.1437610    
       134     208.3435303    
       135     208.3435303    
       136     208.3435303    
       137     208.3435301    
       138     208.3435302    
       139     208.3435304    
       140     208.3435303    
       141     208.3435306    
       142     208.3435302    
       143     208.3435303    
       144     208.3435305    
       145     209.3025142    
       146     209.3025142    
       147     209.3025142    
       148     209.3025142    
       149     209.3025142    
       150     209.3025142    
       151     209.3025142    
       152     209.3025142    
       153     209.3025142    
       154     209.3025180    
       155     209.3025180    
       156     208.3435341    
       157     208.3435341    
       158     208.3435341    
       159     208.3435341    
       160     208.3435341    
       161     208.3435341    
       162     208.3435340    
       163     208.3435340    
       164     208.3435341    
       165     208.3435339    
       166     208.3435333    
       167     208.3435333    
       168     208.3435334    
       169     208.3435334    
       170     208.3435334    
       171     208.3435334    
       172     208.3435334    
       173     208.3435334    
       174     208.3435334    
       175     208.3435331    
       176     208.3435334    
       177     208.3435332    
       178     208.3435332    
       179     208.3435332    
       180     208.3435332    
       181     208.3435332    
       182     208.3435333    
       183     210.3762020    
       184     210.3762019    
       185     210.3762019    
       186     210.3762019    
       187     208.3435301    
       188     208.3435302    
       189     209.4997849    
       190     209.4997849    
       191     209.4997849    
       192     210.3773895    
       193     210.3773894    
       194     210.3773896    
       195     208.3435303    
       196     208.3435303    
       197     208.3435302    
       198     208.3435302    
       199     208.3435302    
       200     208.3435300    
       201     208.3435302    
       202     208.3435303    
       203     208.3435303    
       204     208.3435304    
       205     208.3435304    
       206     208.3435304    
       207     208.3435302    
       208     208.3435303    
       209     208.3435342    
       210     208.3435342    
       211     208.3435303    
       212     208.3435303    
       213     208.3435303    
       214     208.3435303    
       215     208.3435304    
       216     208.3435304    
       217     208.3435304    
       218     208.3435303    
       219     208.3435304    
       220     208.3435304    
       221     208.3435304    
       222     208.3435333    
       223     208.3435333    
       224     208.3435334    
       225     208.3435335    
       226     208.3435334    
       227     208.3435335    
       228     208.3435333    
       229     208.3435334    
       230     208.3435334    
       231     208.3435334    
       232     208.3435334    
       233     208.3435334    
       234     208.3435334    
       235     208.3435334    
       236     208.3435334    
       237     208.3435334    
       238     208.3435336    
       239     208.3435334    
       240     208.3435333    
       241     209.3025181    
       242     209.3025182    
       243     209.3025182    
       244     209.3025182    
       245     209.3025182    
       246     209.3025181    
       247     209.3025181    
       248     209.3025181    
       249     209.3025181    
       250     209.3025181    
       251     209.3025181    
       252     209.3025181    
       253     209.3025181    
       254     209.3025181    
       255     209.3025180    
       256     209.3025181    
       257     209.3025182    
       258     209.2558706    
       259     209.7909594    
       260     209.7909594    
       261     209.7909593    
       262     209.7909593    
       263     209.7909592    
       264     209.7909591    
       265     209.7909591    
       266     208.5032949    
       267     208.5032951    
       268     208.5032951    
       269     208.5032950    
       270     208.5032950    
       271     208.5032950    
       272     208.5032950    
       273     208.5032950    
       274     208.5032952    
       275     208.5032952    
       276     208.5032952    
       277     208.5032952    
       278     208.5032952    
       279     208.5032950    
       280     208.5032949    
       281     208.5032949    
       282     208.5032949    
       283     208.5032951    
       284     208.5032951    
       285     208.5032951    
       286     208.5032951    
       287     208.5032951    
       288     208.5032954    
       289     208.5032950    
       290     208.5032950    
       291     208.5032950    
       292     208.5032950    
       293     208.2892603    
       294     208.2892602    
       295     208.2892602    
       296     208.2892602    
       297     208.0122127    
       298     208.0122127    
       299     208.0122127    
       300     208.0122127    
       301     208.0122127    
       302     208.0122127    
       303     208.0122127    
       304     208.0122127    
       305     209.0941966    
       306     209.0941966    
       307     209.0941966    
       308     208.8281519    
       309     208.8281519    
       310     209.2961716    
       311     209.2961716    
       312     209.2961716    
       313     209.2961715    
       314     209.2961713    
       315     209.2961715    
       316     209.2961715    
       317     208.5813515    
       318     209.6674590    
       319     209.6674590    
       320     209.6674590    
       321     209.6674590    
       322     209.6674590    
       323     209.9024067    
       324     209.9024068    
       325     209.9024068    
       326     210.0388251    
       327     209.2961714    
       328     209.2961714    
       329     209.2961714    
       330     209.2961714    
       331     209.2961714    
       332     209.2961714    
       333     209.2961681    
       334     209.2961681    
       335     208.5813514    
       336     208.5813512    
       337     208.5813512    
       338     208.7722839    
       339     208.7722840    
       340     208.7722840    
       341     208.7722840    
       342     208.7722840    
       343     209.9024032    
       344     209.9024030    
       345     209.9024030    
       346     209.9024030    
       347     209.9024030    
       348     209.9024030    
       349     209.9024030    
       350     209.9024030    
       351     209.9024030    
       352     209.9024028    
       353     209.7042941    
       354     209.7042941    
       355     209.7042941    
       356     209.5687791    
       357     210.0523096    
       358     210.0523096    
       359     210.1143684    
       360     209.3741594    
       361     208.4760805    
       362     208.4760805    
       363     208.4760805    
       364     208.4760805    
       365     209.3253703    
       366     209.3253703    
       367     209.3253703    
       368     209.3253704    
       369     209.3253704    
       370     209.3253702    
       371     209.3253702    
       372     209.3253702    
       373     209.3253702    
       374     209.1069885    
       375     209.1069884    
       376     209.1069884    
       377     209.1069884    
       378     209.1069884    
       379     209.1069882    
       380     209.1069884    
       381     209.1069884    
       382     209.1069885    
       383     209.1069885    
       384     209.1069885    
       385     209.1069885    
       386     209.1069885    
       387     209.1069885    
       388     209.0305673    
       389     209.0305673    
       390     209.0305673    
       391     209.0305673    
       392     209.0305673    
       393     209.0305673    
       394     209.0305673    
       395     209.0305637    
       396     209.0305637    
       397     209.0305634    
       398     209.0305636    
       399     209.0305636    
       400     209.0305636    
       401     209.0305636    
       402     209.2539594    
       403     208.2844044    
       404     208.2844044    
       405     208.2844044    
       406     208.2844044    
       407     208.2844044    
       408     208.2844044    
       409     208.2844044    
       410     208.2844044    
       411     208.2844044    
       412     208.2844044    
       413     208.2844044    
       414     208.2844044    
       415     208.2844044    
       416     208.2844044    
       417     208.2844044    
       418     208.2844044    
       419     208.2844009    
       420     208.2844009    
       421     208.2844044    
       422     208.2844044    
       423     208.2844044    
       424     208.2844044    
       425     208.2844044    
       426     209.2630904    
       427     210.0088593    
       428     210.0088596    
       429     210.0088596    
       430     210.8352865    
       431     210.4514483    
       432     210.4514483    
       433     210.4514484    
       434     211.3452645    
       435     211.3588487    
       436     211.3588487    
       437     211.3588487    
       438     211.3588487    
       439     211.3588488    
       440     211.3588488    
       441     211.3588488    
       442     211.3588523    
       443     211.3588524    
       444     211.3588524    
       445     211.3588523    
       446     211.3588523    
       447     211.3588524    
       448     211.3588524    
       449     209.1069922    
       450     210.2323948    
       451     210.2323948    
       452     210.2323948    
       453     210.2323948    
       454     208.2844043    
       455     208.2844043    
       456     208.2844008    
       457     208.2844008    
       458     208.2844008    
       459     208.2844008    
       460     208.2844008    
       461     208.2844008    
       462     208.2844008    
       463     208.2844009    
       464     208.2844009    
       465     208.2844008    
       466     208.2844008    
       467     208.2844008    
       468     208.2844009    
       469     208.2844009    
       470     208.2844009    
       471     208.2844010    
       472     208.2844010    
       473     208.2844010    
       474     208.2844010    
       475     208.2844044    
       476     208.2844044    
       477     208.4760809    
       478     208.4760809    
       479     208.4760809    
       480     208.4760809    
       481     208.4760810    
       482     208.4760810    
       483     208.4760810    
       484     208.4760810    
       485     208.4760810    
       486     208.4760810    
       487     208.4760810    
       488     208.4760810    
       489     208.4760806    
       490     208.4760806    
       491     208.4760806    
       492     208.4760806    
       493     208.4760806    
       494     208.4760806    
       495     208.4760806    
       496     209.2069684    
       497     208.4760804    
       498     208.4760804    
       499     208.4760807    
       500     208.7722874    
