7
10
19
25
30
72
77
83
86
87
88
102
110
112
119
128
134
136
141
142
149
184
187
220
224
230
235
240
248
259
260
271
277
278
284
298
306
309
321
322
324
327
332
334
357
360
371
372
373
374
382
389
394
401
403
407
413
419
441
447
449
460
479
482
487
495
496
504
512
532
534
550
557
564
566
574
593
597
605
624
631
637
651
654
663
672
677
687
692
699
722
731
736
737
738
743
746
747
751
752
754
755
757
760
762
774
775
777
783
800
801
802
805
809
814
821
822
823
824
826
827
830
844
854
858
861
873
876
877
881
883
888
893
896
898
920
922
939
941
944
961
963
968
970
976
979
990
