12
15
16
22
31
33
43
45
46
49
53
69
73
79
90
100
103
111
120
122
155
157
168
171
173
179
183
185
186
190
198
201
205
215
217
233
257
258
269
272
283
288
326
330
342
348
364
376
381
390
410
418
420
421
432
435
437
438
443
446
448
455
472
474
477
501
503
514
515
516
522
556
561
572
576
579
582
600
601
603
615
620
623
628
639
646
670
678
690
695
697
702
721
728
740
742
776
790
791
799
808
812
816
818
819
833
843
846
853
857
869
870
878
886
887
889
900
902
903
916
923
925
928
942
943
945
959
972
978
987
