1
2
8
11
13
14
17
27
39
40
41
51
55
70
76
84
97
99
104
106
114
117
129
140
143
145
147
148
150
170
180
181
193
194
195
196
199
204
206
210
212
216
219
223
229
238
239
253
254
261
262
279
286
290
292
296
302
304
307
312
325
335
337
347
352
356
361
377
384
385
387
393
396
405
406
408
411
414
415
426
439
442
444
451
452
465
468
473
475
476
480
483
485
492
497
502
509
511
513
521
527
544
546
551
565
567
586
592
596
598
604
607
608
611
614
616
622
626
627
636
644
645
648
653
655
659
661
664
667
668
674
679
683
686
694
698
704
705
714
716
723
725
727
732
734
753
763
769
772
780
784
794
798
815
825
831
836
840
842
850
855
862
865
867
882
897
899
907
915
918
926
931
936
953
955
956
958
962
964
969
973
977
981
984
986
994
