        0.102398375206945        4.260247954089235        0.682234549695761
       -0.765029334628919        4.310963724228199        1.338083941297660
       -0.445833083824813        4.523142515708595        2.357167822525777
       -1.433108016798921        5.096408434221825        0.990714136543774
       -1.505040257153116        2.994683569035970        1.314500734565531
       -1.944571818064427        2.512054286188387        2.351995803539376
       -1.632098099801733        2.392960258914874        0.135596678150554
       -1.120171872233519        2.779827998755778       -0.647651228545844
       -2.424602453828380        1.182916475947053       -0.093657529300328
       -3.304754321765131        1.234907131191015        0.549789951127393
       -2.932794923812808        1.201627000876191       -1.542093116775803
       -3.554295877898904        0.324292887245019       -1.725718004632251
       -3.529435213425041        2.098382427954241       -1.713356171196598
       -2.093030350967385        1.194724476947601       -2.234576049064511
       -1.676783920647712       -0.109561430477896        0.307161534820246
       -1.438714879756157       -0.988455967182454       -0.521753595203840
       -1.296451457640525       -0.211982910607504        1.585967652098045
       -1.510547991942727        0.587503187296286        2.174426103409834
       -0.612743681369701       -1.344766882328580        2.226984269456091
       -0.258100826954148       -0.980125840324266        3.192304812832088
       -1.628939775314054       -2.454766654158220        2.539825266606415
       -2.424265755459446       -2.056939522106007        3.171564406255031
       -2.068521270092608       -2.839865203893078        1.618821755222532
       -1.132800181254822       -3.268516869316870        3.070421113027793
        0.660578065496318       -1.829246694674217        1.498863779343318
        1.752886114134161       -1.360529350455493        1.807605441173680
        0.535551497284855       -2.727768686043793        0.515288980222746
       -0.398333364880370       -3.008302493937161        0.256619145192073
        1.643973374394083       -3.137463636728367       -0.354652639892589
        2.471831713299875       -3.481135849539756        0.268359844539711
        1.164691158564042       -4.309787545029708       -1.218911782527835
        1.985423093883038       -4.653180954227767       -1.850576496894076
        0.335660055562484       -3.994489035814906       -1.854317390927910
        0.842313654626116       -5.134273680811011       -0.581873735735124
        2.176846961617600       -1.974939511895017       -1.220873293975212
        3.355916362073780       -1.947645171169085       -1.559212083159001
        1.326106862675386       -0.986811969181561       -1.517820973746765
        0.360692658306350       -1.103759611993329       -1.231443611094736
        1.698304792766507        0.318489649566634       -2.065579842690431
        2.757603117872620        0.300527301632961       -2.327132421163403
        0.917777899156610        0.550759457041291       -3.366172026851268
       -0.151993515907024        0.543188933359486       -3.167315761331394
        1.197197154275319        1.513221393024300       -3.796522087777523
        1.154208354245996       -0.237621778369415       -4.081707222032534
        1.542110649695757        1.430038519920664       -1.001229216499767
        0.963727216495467        2.487752363322794       -1.257859932872214
        2.005867656744571        1.155089505440324        0.225992843755559
        2.400882250288525        0.234301099822461        0.380352133151524
        1.983880755671895        2.059589690819528        1.371948033259749
        2.144041944954873        3.088136923131702        1.043947630910382
        2.776655768387986        1.783269251123426        2.069119268469632
        1.025834637741219        1.982930833459618        1.886349182698579
        0.730600674371417        2.762017955218410        1.995878095767883
       -0.189078519248678        3.200734464285199        2.379796634114258
       -0.135542383785757        3.279627767005330        3.464622209943208
       -0.333800853977715        4.187156824460893        1.943885326477646
       -1.354323979027304        2.317189082802041        2.005257945361150
       -2.088826187637218        1.852494412307478        2.870226309774645
       -1.514978147339840        2.054542439050780        0.711970045134172
       -0.812704981228335        2.398436707771638        0.064777518240183
       -2.542714644821721        1.162514282239437        0.179650812466355
       -3.462451584263583        1.313838662548885        0.747651814377081
       -2.833224072938208        1.561758126590873       -1.273258435472241
       -3.586761756513289        0.895326939418500       -1.694420886215254
       -3.205884688630049        2.586102544472391       -1.306514631652598
       -1.923845190073812        1.495739948116474       -1.868203346875245
       -2.129118681541839       -0.311969895403657        0.366421875666127
       -1.722235831958785       -0.984700214839907       -0.583745799455991
       -2.200404195789355       -0.778902183037592        1.620231200055859
       -2.469966267294169       -0.089788489930988        2.315360900245861
       -1.790396489343863       -2.089767903333097        2.152706188175892
       -1.943303470457558       -2.041577966280686        3.232105203726702
       -2.739837374212279       -3.179690293664613        1.634014650385738
       -3.771546771461492       -2.915862890522038        1.869302343332745
       -2.634840300857980       -3.292424421024594        0.554321209837932
       -2.499929165243690       -4.129213133250310        2.114358749081351
       -0.298379888708053       -2.448925766070666        1.977487801349174
        0.372536941621257       -2.757465811979241        2.957283581436702
        0.223541589158765       -2.377714800130694        0.752901878894893
       -0.420599759686667       -2.143527575999864        0.008707330955949
        1.639392445365716       -2.544504241935086        0.416801483715780
        2.237623467826676       -2.447136315595263        1.324844078704348
        1.832533818004556       -3.964153485938180       -0.131682615738557
        2.888063983766057       -4.129300708064945       -0.352287697260257
        1.250990450953253       -4.097157383434599       -1.044733061918937
        1.511257135747614       -4.693946230074609        0.612903612654315
        2.162046518223902       -1.481029356642032       -0.573605332529494
        3.372558598689142       -1.307556585708736       -0.698109500006957
        1.281735713600498       -0.750700695464150       -1.271480233424479
        0.291412477676333       -0.889531971436656       -1.119824417648050
        1.680048265319745        0.300669588410232       -2.206572213706529
        2.670956876990869        0.065792982474514       -2.598967830669991
        0.718481796129446        0.293193074260333       -3.400837838832063
       -0.301609171769485        0.470067318113452       -3.063272079031841
        1.001959648183872        1.074623489445966       -4.106585180290918
        0.763518214594733       -0.673387285683712       -3.904162578241017
        1.766019418054682        1.670371038314888       -1.505831449347039
        0.772336496405645        2.173763621292040       -0.979423619656223
        2.955793258182969        2.282761560998555       -1.515533360997459
        3.733580919651094        1.787260192252773       -1.925379514497539
        3.215416772309821        3.585282724814326       -0.905114952756090
        2.533169865867970        4.330671920493562       -1.318707792062328
        4.243985335286140        3.893460805756890       -1.098530846852135
        3.056743575828541        3.524537132530055        0.173317015263182
        0.591184633779347        2.715509055695725        2.533604867511241
       -0.368165760984799        3.165163635813681        2.785619666387588
       -0.480220458034667        3.210378697560957        3.867958658947325
       -0.425096521980025        4.167640116304476        2.366540312042720
       -1.479173022943098        2.321758712822267        2.208782235620242
       -2.350381941243033        1.856422555547178        2.934836855061595
       -1.437458029069004        2.090062527089874        0.900341959091847
       -0.625395781224338        2.413858773448680        0.385745059563085
       -2.386849095479850        1.242161070540943        0.180738426977512
       -3.379402299713541        1.393497543070439        0.608840197715101
       -2.442353982300802        1.703143546100046       -1.282932624320834
       -3.159293975703084        1.092390289093793       -1.832877935984720
       -2.755333461905098        2.746690635525711       -1.330250054395483
       -1.460571845008757        1.602441612106659       -1.744758948313597
       -2.038029303641426       -0.250026066784272        0.364417576984481
       -1.636839855340787       -0.928056078083767       -0.582947294951993
       -2.152223437304877       -0.729941249153487        1.609822870612651
       -2.443481175738154       -0.049530997763850        2.305236579707822
       -1.799491170276024       -2.062182506066555        2.128686349166939
       -1.951405071322695       -2.017935665717986        3.208399089687542
       -2.796561508214211       -3.103611978058474        1.599556695243155
       -3.815161535790560       -2.798422842206405        1.841936580846239
       -2.700232184584594       -3.206368891149650        0.518022386241943
       -2.596612934675201       -4.068788959128097        2.066789069372446
       -0.324386562695089       -2.487031911249626        1.951564598028773
        0.345286330756615       -2.780313619901138        2.936931885144385
        0.184025819861621       -2.497446095039972        0.718549486393263
       -0.451894303687452       -2.251335770716739       -0.030449476305437
        1.574519514823737       -2.798016562843282        0.365707035234888
        2.184620681921847       -2.770644220803105        1.270345614892440
        1.622495377462809       -4.226388404255874       -0.193694388233277
        2.655699158773574       -4.499137083947378       -0.413197252196866
        1.034235263983035       -4.290100270511372       -1.109850304132181
        1.224605867917476       -4.925329133259288        0.543279047020298
        2.198668407269177       -1.773990240861675       -0.610512402747507
        3.373798674669034       -1.893495893446891       -0.949541630197691
        1.436952717458147       -0.770661944175886       -1.066773371896972
        0.478504668913484       -0.711171182039481       -0.750862842415992
        1.892505415349494        0.257827952062563       -2.005229354792997
        2.935618447688056        0.068109318704214       -2.262974207455583
        1.075001286753104        0.132086714259786       -3.297170318263043
        0.016652819485940        0.289602651549311       -3.086927040761943
        1.410441490871944        0.872132930477304       -4.024163353437943
        1.208698928986709       -0.864514238036778       -3.720397664164613
        1.831152519691111        1.676871975528771       -1.405565438434888
        1.005797955874184        1.969224925749038       -0.539146652995366
        2.694766477569169        2.575197409194950       -1.895004382774885
        3.344584052046900        2.265925836187167       -2.601518191135470
        2.771535729367856        3.966651046260099       -1.453156031021684
        1.818915525690137        4.466761520327259       -1.638520163788306
        3.562796101193935        4.490652996466429       -1.991410625322003
        2.982951250702712        4.002277757713710       -0.382420553054352
        0.918035164637373        1.863255769856156        2.170239780192759
        0.278105570221323        2.640024757236791        2.586597557748436
        0.454101690958480        2.724937228599984        3.657643622050002
        0.486135827404622        3.589603185865303        2.098703701030149
       -1.164294913560294        2.261747320861694        2.352546110628079
       -1.902869976129598        2.022205490664165        3.298072158733897
       -1.562337533809473        2.165087976669280        1.087101019046634
       -0.854997247553150        2.271997419517323        0.368332302930629
       -2.912697759595197        1.768923408893664        0.661450089231578
       -3.624014279796549        2.137830587678579        1.402254973096146
       -3.216353445074731        2.475942484411734       -0.667767800582051
       -4.244402424353806        2.268988562615503       -0.968173899144554
       -3.094404181998922        3.553353650754098       -0.551993334597992
       -2.539424605797052        2.114285749013874       -1.443025381581410
       -3.104791490126683        0.231838364941228        0.599864934829814
       -3.932814716127404       -0.255580352860047       -0.165606064928906
       -2.281040829712773       -0.492731104806945        1.370327657956315
       -1.718683891004134        0.071307403755665        1.995156051895790
       -1.858360614299774       -1.903358433664716        1.331462323589577
       -2.214237757316374       -2.395056609167429        2.237276450679896
       -2.422696519096067       -2.674105408492408        0.118805547715618
       -3.512232053835935       -2.689513724475780        0.165145567781454
       -2.105765423896401       -2.201271856975251       -0.812283289658939
       -2.087305219086197       -3.710628604661952        0.133332212117684
       -0.310319327902442       -1.904874640857097        1.379310094861864
        0.296154154558601       -0.941104446289871        1.847488690238375
        0.357394034515550       -2.936317056644560        0.853276486851357
       -0.174737281903408       -3.698562732916095        0.466296577797552
        1.819090760290644       -2.988221292316161        0.705118566074350
        2.260318939219416       -2.617311675398346        1.631971582003697
        2.230706399862900       -4.460945695840377        0.559089864452846
        3.319036669973969       -4.537727962772546        0.546493596157695
        1.838309115439426       -4.867899568128469       -0.373834798544013
        1.850009051847627       -5.041463160408551        1.400240103478968
        2.369064299497424       -2.076186977044161       -0.427322612305478
        3.342093393700207       -2.422890121145286       -1.093321607788681
        1.727273425103171       -0.930676149518990       -0.683351426394250
        0.997364677949414       -0.648166972446809       -0.040125645235742
        2.065487573864981        0.012978530804753       -1.748490089971840
        3.145387143398092       -0.003700368389368       -1.905544534850288
        1.374666331865145       -0.437530302801731       -3.043585318117967
        0.291928798534066       -0.437945317383085       -2.907235051097312
        1.631894245999521        0.240812012546592       -3.857485278641020
        1.703995898554926       -1.443606256547882       -3.307817896937033
        1.654603504734912        1.452124108893658       -1.380023748344587
        0.688368684140304        1.664583407435079       -0.645836662786652
        2.372090614814824        2.445642882183534       -1.918586891265214
        3.142545570783324        2.198453127098091       -2.520481539195087
        2.109015963722396        3.865050167595172       -1.686747511032103
        1.097946504228753        4.112312232357866       -2.016946491720198
        2.825181884935636        4.477099736441970       -2.237124702372093
        2.192475497219327        4.086991225262162       -0.620885446077861
        0.911340238078680        2.579273913419772        1.897219194582870
        0.308663425047949        3.455435163833619        2.131301001284590
        0.603902239169114        3.851863000363445        3.101803963603214
        0.438533532262648        4.218158824461141        1.368244796963222
       -1.148270725512242        3.062561598969195        2.189033526969185
       -1.830234685286345        3.393843194587002        3.148494964858342
       -1.613475701859081        2.355323223881611        1.160955309976955
       -0.961813954740479        2.123046985286014        0.421449467256250
       -2.986913268940760        1.836586826068767        1.061606607511745
       -3.564307666307994        2.172601158551726        1.924893405957375
       -3.629280636356717        2.438039397754885       -0.194804323149367
       -4.665845686091100        2.105715423331886       -0.267879736775364
       -3.612332320777917        3.526858381777129       -0.133000087984557
       -3.087120078501894        2.114769833198187       -1.084219345367132
       -3.060243211760716        0.293793555086085        1.062329538986259
       -4.136074871949278       -0.282662643801881        1.198748106522548
       -1.916073746413699       -0.372599603356284        0.897896970551375
       -1.072372452178175        0.181210216232471        0.832631203787346
       -1.732959709612852       -1.822736475928503        0.951703834868239
       -2.362205604458569       -2.248621499948144        1.735247602383762
       -2.155482691400438       -2.398583590348464       -0.414102720004749
       -3.188545733479872       -2.118319386287950       -0.626923963023926
       -1.513686684748728       -2.006431940597791       -1.204767250476218
       -2.100024607266093       -3.487127391392412       -0.400267749610790
       -0.252583073678170       -2.100875330735475        1.296165634835261
        0.399879159124697       -1.272469967800183        1.928081567627287
        0.342199175046066       -3.177165843532161        0.770145791227830
       -0.226108812410944       -3.833200591338299        0.259481026529363
        1.803754555521878       -3.338268498699967        0.686534359297362
        2.221818589707890       -3.118389996061161        1.670626211929868
        2.104202754305130       -4.810707103283893        0.371293069819345
        3.182198036770489       -4.977842906412721        0.395831807225417
        1.730815945159502       -5.064809775370592       -0.621529160898286
        1.634714944016440       -5.455638858667597        1.115087160596656
        2.484998387159016       -2.351433243510835       -0.307664271643327
        3.569260427744442       -2.618406158767407       -0.818899962528594
        1.826865475279529       -1.229616985283321       -0.618468842630171
        1.006285149910330       -1.019692644632828       -0.069058912764734
        2.252229018482435       -0.174455742723768       -1.530649425854506
        3.330918200386416       -0.036263897984324       -1.437957256908175
        1.923087684646077       -0.601104611569967       -2.968905567647728
        0.847919139161570       -0.752199474020537       -3.076815834577441
        2.248410729925662        0.167914774328034       -3.669928752197444
        2.441596815819810       -1.531489878363561       -3.206135189270286
        1.549420383925584        1.154142610976908       -1.175457280693568
        0.490012577848145        1.161226969490701       -0.537705444480822
        2.129357176744327        2.277108859827802       -1.617593639666970
        2.988593642636110        2.183479093925735       -2.137902037989153
        1.609930155261182        3.627566902547222       -1.404735140268840
        0.518211828617945        3.614216878409727       -1.372127905352675
        1.927726829477850        4.282345523196250       -2.217838915067358
        1.989109606495146        4.024031730914715       -0.461466808319594
