-2.0144314 -5.6888549 -1.3295094
-2.2126262 -5.0600144 -0.4621044
-2.9450217 -4.2989189 -0.7294484
-2.6074069 -5.6740051 0.3470788
-0.9251470 -4.3903335 -0.0208836
-0.4796531 -4.5692113 1.1116547
-0.3284784 -3.5919722 -0.9057685
-0.7654511 -3.4752282 -1.8110546
0.9623756 -2.9145820 -0.6571498
1.6686392 -3.6420308 -0.2540257
1.5509705 -2.3840789 -1.9761893
2.4599652 -1.8219429 -1.7541907
0.8379076 -1.7026457 -2.4449798
1.8866602 -3.4374120 -2.8792983
1.0686958 -3.8796746 -3.1945981
0.8783616 -1.7729668 0.3792873
1.9067681 -1.2937869 0.8644158
-0.3362464 -1.3564482 0.7648092
-1.1390085 -1.7768083 0.3144293
-0.5899542 -0.3742937 1.8329445
0.2283175 0.3465079 1.8557791
-1.8977912 0.3824992 1.5152462
-2.7280758 -0.3256282 1.5457159
-2.0728314 1.1245526 2.2964253
-1.9329572 1.1053277 0.1550543
-1.8418648 0.3760633 -0.6510341
-2.9065828 1.5881243 0.0576807
-0.8382758 2.1720696 -0.0008894
-0.9002639 2.8751171 0.8323538
0.1429009 1.6942708 0.0040050
-1.0277745 2.9250436 -1.3256297
-0.9803761 2.2068132 -2.1500166
-2.0241556 3.3777017 -1.3342647
0.0042288 3.9798329 -1.5162155
0.9346801 3.5848453 -1.5308559
-0.1354910 4.4666554 -2.3915513
-0.0331093 4.6666873 -0.7753172
-0.6301403 -0.9985112 3.2494735
-0.7150501 -0.2672660 4.2421763
-0.5640444 -2.3324267 3.3597618
-0.4910066 -2.8657599 2.5024153
-0.5882444 -3.0737802 4.6175825
-0.5253626 -4.1441917 4.4154913
-1.5161318 -2.8686116 5.1543608
0.2586443 -2.7804795 5.2404249
