       1    -168.4153195           5
       2    -171.3573395          15
       3    -169.3363490          16
       4    -169.3932233          17
       5    -169.3134613          19
       6    -169.6441508          20
       7    -168.7756364          21
       8    -169.0091399          22
       9    -169.0310419          23
      10    -169.0091776          25
      11    -168.9883479          28
      12    -168.7605331          30
      13    -169.2895787          32
      14    -170.1681437          33
      15    -171.5738217          43
      16    -170.1420380          44
      17    -169.2917475          45
      18    -169.3477910          46
      19    -169.1503058          47
      20    -172.1931767          50
      21    -169.3659326          51
      22    -169.2636658          53
      23    -168.2862037          59
      24    -168.6006884          60
      25    -168.5802183          61
      26    -172.2307102          62
      27    -170.2706469          64
      28    -170.9408624          65
      29    -171.0422572          66
      30    -171.0186784          67
      31    -168.2337026          68
      32    -167.1577254          69
      33    -168.4611454          70
      34    -168.6981466          73
      35    -169.8457992          74
      36    -169.0558067          79
      37    -170.2437836          80
      38    -170.2401776          81
      39    -170.0769319          82
      40    -168.6008280          83
      41    -169.3633495          84
      42    -170.2750572          87
      43    -168.9754837          88
      44    -170.9972851          89
      45    -169.1646716          90
      46    -168.6193097          92
      47    -170.0907442          93
      48    -169.1425658          95
      49    -171.1800145          96
      50    -168.4319108          97
      51    -169.7717549          98
      52    -172.2375628          99
      53    -168.7761971         100
      54    -168.7562381         101
      55    -168.9481188         102
      56    -170.7197525         103
