    -170.92065350585386341    
    -170.92150140679234482    
    -170.92156583959072691    
    -170.92219011719168975    
    -170.92518434324324517    
    -170.94477875310684567    
    -171.02017639332902377    
    -171.20319531376858890    
    -171.21584835303431760    
    -171.42447594332520566    
    -171.93612370969367475    
    -172.36623862721214095    
    -172.56931650733940842    
    -172.90311595169191605    
    -173.01447226049813821    
    -173.27610577981738516    
    -173.38845394451806214    
    -173.47591478514434016    
    -173.63620063111321201    
    -173.74516565485257047    
    -173.84844164333512140    
    -173.88710528935999378    
    -173.90438020639498973    
    -173.91472330503856369    
    -173.91903516797952989    
    -173.92214423960950853    
    -173.92466980073118066    
    -173.92631696960106069    
    -173.92734740356411294    
    -173.92776985172173454    
    -173.92796438414924864    
    -173.92812180009346434    
    -173.92822101741381857    
    -173.92831202413881897    
    -173.92835437000144339    
    -173.92840449746847753    
    -173.92840933638501610    
    -173.92842302384670461    
    -173.92842502899830492    
    -173.92842567349214278    
    -173.92842595992837573    
    -173.92842612964588511    
    -173.92842628097866964    
    -173.92842640438982471    
    -173.92842651976843626    
    -173.92842655715517708    
    -173.92842657892833813    
    -173.92842658408255829    
    -173.92842658945752987    
    -173.92842658996110572    
    -173.92842659028627850    
    -173.92842659047599341    
    -173.92842659052232079    
    -173.92842659057086507    
    -173.92842659059175503    
    -173.92842659061631139    
    -173.92842659062580424    
    -173.92842659062401367    
    -173.92842659062742428    
    -170.92145200917889269    
    -170.92150115499134699    
    -170.92189740643112827    
    -170.92305702860141992    
    -170.92417750109689223    
    -170.92525471886304445    
    -170.92534148275211692    
    -170.92793444070593978    
    -170.93081147507245987    
    -170.93958374786703303    
    -170.93992463982334584    
    -170.94038735802055839    
    -170.94044978143418234    
    -170.94058391021076204    
    -170.94060340780060869    
    -170.94066846408918536    
    -170.94069627335724704    
    -170.94073633465194462    
    -170.94077935915271382    
    -170.94082325716760806    
    -170.94083043649115439    
    -170.94085122739579674    
    -170.94085408336300702    
    -170.94085760427122977    
    -170.94085957232280748    
    -170.94086054915888440    
    -170.94086113674950411    
    -170.94086153086038848    
    -170.94086192037147498    
    -170.94086198870996895    
    -170.94086224808563657    
    -170.94086231050641800    
    -170.94086234322637097    
    -170.94086236167245829    
    -170.94086236930709788    
    -170.94086237634573422    
    -170.94086237930238781    
    -170.94086238120706867    
    -170.94086238156648960    
    -170.94086238188685911    
    -170.94086238205366612    
    -170.94086238222652696    
    -170.94086238225776242    
    -170.94086238231213315    
    -170.94086238229942865    
    -170.94086238234660868    
    -170.94086238235095720    
    -170.94086238235786368    
    -170.94086238236411646    
    -170.94086238235516362    
    -170.94086238236945974    
    -170.94086238236974395    
