    -170.09819340536347454    
    -170.09883109529553735    
    -170.09885996620764104    
    -170.09893822839129029    
    -170.09921380451058326    
    -170.10087752259298099    
    -170.11565240653257547    
    -170.17775724149885264    
    -170.32048287689295307    
    -170.40581047097992951    
    -170.49572237928606455    
    -170.52981208690499670    
    -170.56217963091506817    
    -170.58821256970929880    
    -170.60813902936439490    
    -170.63630814095009214    
    -170.65866392961967790    
    -170.68699571469261400    
    -170.71369151064462244    
    -170.72890689401242525    
    -170.74856270311664730    
    -170.75698814744478682    
    -170.76190002904934317    
    -170.76329803203452684    
    -170.76498294495669938    
    -170.76563251352635575    
    -170.76620930893759009    
    -170.76637706295670682    
    -170.76646496109921713    
    -170.76650982085021724    
    -170.76655842048856471    
    -170.76657113701011781    
    -170.76658549552314525    
    -170.76659426151744015    
    -170.76660103108912381    
    -170.76660263360838599    
    -170.76660417681731019    
    -170.76660525455784523    
    -170.76660596026607664    
    -170.76660630368968441    
    -170.76660672359668069    
    -170.76660704448664774    
    -170.76660733611021215    
    -170.76660751483319700    
    -170.76660769841546994    
    -170.76660785343656812    
    -170.76660796678245902    
    -170.76660799626355924    
    -170.76660801005985491    
    -170.76660801565765269    
    -170.76660801916176524    
    -170.76660802006480822    
    -170.76660802091828373    
    -170.76660802102580305    
    -170.76660802150846052    
    -170.76660802154046337    
    -170.76660802156322916    
    -170.76660802156854402    
    -170.76660802157240937    
    -170.76660802157269359    
    -170.09884550229412525    
    -170.09887702617137961    
    -170.09896574451036599    
    -170.09928293616658834    
    -170.10191989897259646    
    -170.12062247728829334    
    -170.19793115467905409    
    -170.40081201366197661    
    -170.43375232579296608    
    -170.48324020299352810    
    -170.51717263085197374    
    -170.56950069673536063    
    -170.62587536035255198    
    -170.65622832717704682    
    -170.67412068629033683    
    -170.69255662005718932    
    -170.73369936204187525    
    -170.74134161511844354    
    -170.77499847014357215    
    -170.79453561038118892    
    -170.80262633929669391    
    -170.81374177527067104    
    -170.81647942487012415    
    -170.82021472730431810    
    -170.82054901985276274    
    -170.82158084368944628    
    -170.82187821496430047    
    -170.82198018094047143    
    -170.82205934199643593    
    -170.82207644304023120    
    -170.82210003840643253    
    -170.82211769372023014    
    -170.82213343139861195    
    -170.82214427127016165    
    -170.82215204421333965    
    -170.82215833685100392    
    -170.82216359949637763    
    -170.82216719599506405    
    -170.82217001004636359    
    -170.82217134331233410    
    -170.82217256033391095    
    -170.82217304017436277    
    -170.82217343872878246    
    -170.82217369570022925    
    -170.82217396367394713    
    -170.82217406559149708    
    -170.82217414133145894    
    -170.82217419274562076    
    -170.82217420092013072    
    -170.82217421257377055    
    -170.82217421441566785    
    -170.82217421758315368    
    -170.82217421793254175    
    -170.82217421829926707    
    -170.82217421839274607    
    -170.82217421849546213    
    -170.82217421856765327    
    -170.82217421853792416    
    -170.82217421858757689    
    -170.82217421858945272    
    -170.82217421859530759    
    -170.82217421859567708    
    -170.82217421859783713    
    -170.82217421859823503    
