    -1.896479814        -173.9284266         1
    -1.896479593        -173.9284266         2
    -1.896479227        -173.9284266         3
    -1.896478500        -173.9284266         4
    -1.896477573        -173.9284266         5
    -1.896477135        -173.9284266         6
    -1.896476570        -173.9284266         7
    -1.896474730        -173.9284266         8
    -1.896472364        -173.9284266         9
    -1.896470205        -173.9284266        10
    -1.896468206        -173.9284266        11
    -1.896463079        -173.9284266        12
    -1.896440175        -173.9284266        13
    -1.896414723        -173.9284266        14
    -1.896395985        -173.9284265        15
    -1.896341760        -173.9284264        16
    -1.896233320        -173.9284263        17
    -1.896166919        -173.9284261        18
    -1.896120322        -173.9284260        19
    -1.896064452        -173.9284257        20
    -1.895920263        -173.9284250        21
    -1.895716933        -173.9284230        22
    -1.894836257        -173.9284093        23
    -1.894680941        -173.9284045        24
    -1.893126296        -173.9283544        25
    -1.892449901        -173.9283120        26
    -1.891521135        -173.9282210        27
    -1.888276055        -173.9281218        28
    -1.886137864        -173.9279644        29
    -1.884457512        -173.9277699        30
    -1.882578562        -173.9273474        31
    -1.875379314        -173.9263170        32
    -1.865618358        -173.9246698        33
    -1.856990440        -173.9221442        34
    -1.850055704        -173.9190352        35
    -1.839612351        -173.9147233        36
    -1.822200394        -173.9043802        37
    -1.807538468        -173.8871053        38
    -1.771550335        -173.8484416        39
    -1.711025681        -173.7451657        40
    -1.640761555        -173.6362006        41
    -1.532666208        -173.4759148        42
    -1.506006532        -173.3884539        43
    -1.460904555        -173.2761058        44
    -1.400432917        -173.0144723        45
    -1.262310330        -172.9031160        46
    -1.163241537        -172.5693165        47
    -1.033866660        -172.3662386        48
   -0.8338666595        -171.9361237        49
   -0.7057999450        -171.4244759        50
   -0.6633109765        -171.2158484        51
   -0.4633109760        -171.2031953        52
   -0.2633109762        -171.0201764        53
   -0.1465470123        -170.9447788        54
   -0.6709466059E-01    -170.9251843        55
   -0.3005143049E-01    -170.9221901        56
   -0.2078715700E-01    -170.9215658        57
   -0.1999999986E-01    -170.9215014        58
     0.000000000        -170.9206535        59
    0.2000000000E-01    -170.9214520        60
    0.2066265635E-01    -170.9215012        61
    0.2733300819E-01    -170.9218974        62
    0.4808841826E-01    -170.9230570        63
    0.6727397310E-01    -170.9241775        64
    0.8727397295E-01    -170.9252547        65
    0.1273206877        -170.9253415        66
    0.1471603981        -170.9279344        67
    0.1496328429        -170.9308115        68
    0.1800111819        -170.9395837        69
    0.1958926747        -170.9399246        70
    0.2008049084        -170.9403874        71
    0.2019004085        -170.9404498        72
    0.2041651742        -170.9405839        73
    0.2059780602        -170.9406034        74
    0.2063845007        -170.9406685        75
    0.2069662989        -170.9406963        76
    0.2082869654        -170.9407363        77
    0.2099447884        -170.9407794        78
    0.2129532704        -170.9408233        79
    0.2131322910        -170.9408304        80
    0.2138239987        -170.9408512        81
    0.2139917989        -170.9408541        82
    0.2143210506        -170.9408576        83
    0.2146336097        -170.9408596        84
    0.2149441534        -170.9408605        85
    0.2150135215        -170.9408611        86
    0.2150911155        -170.9408615        87
    0.2152116119        -170.9408619        88
    0.2152315662        -170.9408620        89
    0.2153779998        -170.9408622        90
    0.2154185030        -170.9408623        91
    0.2154688235        -170.9408623        92
    0.2154824200        -170.9408624        93
    0.2154925297        -170.9408624        94
    0.2155075554        -170.9408624        95
    0.2155223447        -170.9408624        96
    0.2155289407        -170.9408624        97
    0.2155315713        -170.9408624        98
    0.2155338633        -170.9408624        99
    0.2155379735        -170.9408624       100
    0.2155393552        -170.9408624       101
    0.2155399293        -170.9408624       102
    0.2155412435        -170.9408624       103
    0.2155429863        -170.9408624       104
    0.2155434236        -170.9408624       105
    0.2155436298        -170.9408624       106
    0.2155441028        -170.9408624       107
    0.2155446077        -170.9408624       108
    0.2155456000        -170.9408624       109
    0.2155460008        -170.9408624       110
    0.2155460625        -170.9408624       111
