        0.0000000000     -171.0202487000
        0.0000001170     -171.0202487000
        0.0000003290     -171.0202487000
        0.0000005110     -171.0202487000
        0.0000006120     -171.0202487000
        0.0000008380     -171.0202487000
        0.0000014950     -171.0202487000
        0.0000023910     -171.0202487000
        0.0000027680     -171.0202487000
        0.0000037440     -171.0202487000
        0.0000058350     -171.0202487000
        0.0000103870     -171.0202487000
        0.0000158020     -171.0202487000
        0.0000277690     -171.0202487000
        0.0000297190     -171.0202487000
        0.0000530100     -171.0202487000
        0.0000636180     -171.0202487000
        0.0000914170     -171.0202487000
        0.0001605360     -171.0202486000
        0.0002777290     -171.0202483000
        0.0004192570     -171.0202476000
        0.0005184180     -171.0202467000
        0.0007321290     -171.0202417000
        0.0013958570     -171.0202384000
        0.0018877860     -171.0202303000
        0.0021098250     -171.0202240000
        0.0027024940     -171.0202003000
        0.0040239770     -171.0201750000
        0.0051910690     -171.0201138000
        0.0058850190     -171.0200460000
        0.0078544930     -171.0193984000
        0.0180452960     -171.0191129000
        0.0243785790     -171.0179315000
        0.0281105310     -171.0166204000
        0.0363341240     -171.0128243000
        0.0683009000     -171.0085758000
        0.0875952000     -171.0029022000
        0.0993726010     -170.9983833000
        0.1122930300     -170.9927695000
        0.1387925710     -170.9845530000
        0.1680262920     -170.9744303000
        0.1885449740     -170.9630750000
        0.2167005820     -170.9486376000
        0.2634770630     -170.9304491000
        0.2851146880     -170.9108263000
        0.3088251510     -170.8807850000
        0.3367675540     -170.8123060000
        0.4374030410     -170.7410202000
        0.5263902482     -170.6512678000
        0.5788740379     -170.5580621000
        0.6331756706     -170.4662817000
        0.7275204519     -170.3909714000
        0.7785248861     -170.3235195000
        0.8108260051     -170.2638621000
        0.8324665310     -170.1956550000
        0.8965821191     -170.1113375000
        0.9415639200     -170.0625036000
        1.0296893741     -169.6911888000
        1.0496893738     -169.6606232000
        1.2496893739     -169.4504850000
        1.4496893743     -169.3396093000
        1.4530948251     -169.3389785000
        1.4730948250     -169.3371593000
        1.4930948252     -169.3389945000
        1.4965892791     -169.3396533000
        1.6965892791     -169.4704772000
        1.8965892793     -169.8650542000
        1.9165892791     -169.8957204000
        2.0725394184     -170.0513244000
        2.1610223394     -170.2982459000
        2.1929031331     -170.3791153000
        2.2581829468     -170.4601866000
        2.3086271868     -170.5228182000
        2.3373732062     -170.5917727000
        2.3784527785     -170.6459424000
        2.4243499124     -170.6937618000
        2.5040009010     -170.7452032000
        2.5660301610     -170.7632267000
        2.5940735270     -170.7845581000
        2.6019061810     -170.7921934000
        2.6194107740     -170.8016646000
        2.6453768010     -170.8072921000
        2.6542894150     -170.8140104000
        2.6608314840     -170.8168679000
        2.6680567000     -170.8187915000
        2.6808459950     -170.8206453000
        2.6890836060     -170.8208727000
        2.6933842740     -170.8217034000
        2.6943566730     -170.8218130000
        2.6976397670     -170.8220288000
        2.6998230010     -170.8220499000
        2.7004096250     -170.8221151000
        2.7007839590     -170.8221253000
        2.7013275700     -170.8221361000
        2.7018811690     -170.8221461000
        2.7028557230     -170.8221478000
        2.7030940050     -170.8221582000
        2.7032512080     -170.8221606000
        2.7037323840     -170.8221650000
        2.7043180310     -170.8221685000
        2.7049435800     -170.8221706000
        2.7050566910     -170.8221718000
        2.7052090620     -170.8221728000
        2.7054586330     -170.8221736000
        2.7057340080     -170.8221738000
        2.7058081590     -170.8221742000
        2.7058254350     -170.8221742000
        2.7058421560     -170.8221742000
        2.7058592740     -170.8221742000
        2.7058642500     -170.8221742000
        2.7058659130     -170.8221742000
        2.7058676340     -170.8221742000
        2.7058709670     -170.8221742000
        2.7058753170     -170.8221742000
        2.7058790980     -170.8221742000
        2.7058803600     -170.8221742000
        2.7058807900     -170.8221742000
        2.7058815410     -170.8221742000
        2.7058824030     -170.8221742000
        2.7058827190     -170.8221742000
        2.7058828050     -170.8221742000
        2.7058830790     -170.8221742000
        2.7058832770     -170.8221742000
        2.7058833450     -170.8221742000
        2.7058833450     -170.8221742000
        2.7058834178     -170.8221742000
        2.7058835344     -170.8221742000
        2.7058839294     -170.8221742000
        2.7058844451     -170.8221742000
        2.7058845470     -170.8221742000
        2.7058854040     -170.8221742000
        2.7058869894     -170.8221742000
        2.7058889521     -170.8221742000
        2.7058906702     -170.8221742000
        2.7058916690     -170.8221742000
        2.7058936905     -170.8221742000
        2.7058984998     -170.8221742000
        2.7059089588     -170.8221742000
        2.7059121336     -170.8221742000
        2.7059283424     -170.8221742000
        2.7059596777     -170.8221742000
        2.7060204500     -170.8221741000
        2.7060669350     -170.8221741000
        2.7061057086     -170.8221740000
        2.7061442504     -170.8221737000
        2.7063291037     -170.8221734000
        2.7064454478     -170.8221730000
        2.7065314479     -170.8221726000
        2.7066889512     -170.8221713000
        2.7070433601     -170.8221700000
        2.7073984318     -170.8221672000
        2.7076995259     -170.8221636000
        2.7083697164     -170.8221583000
        2.7089575914     -170.8221520000
        2.7094204213     -170.8221443000
        2.7099596364     -170.8221334000
        2.7111837388     -170.8221177000
        2.7120283028     -170.8221000000
        2.7127047153     -170.8220764000
        2.7130570320     -170.8220593000
        2.7139159782     -170.8219802000
        2.7165692050     -170.8218782000
        2.7190208620     -170.8215808000
        2.7273890392     -170.8205490000
        2.7286002951     -170.8202147000
        2.7413816868     -170.8164794000
        2.7455215233     -170.8137418000
        2.7598722394     -170.8026263000
        2.8067462323     -170.7945356000
        2.8403210489     -170.7749985000
        2.8944603100     -170.7413416000
        2.9021538979     -170.7336994000
        2.9581091580     -170.6925566000
        2.9746921851     -170.6741207000
        2.9905255478     -170.6562283000
        3.0259380838     -170.6258754000
        3.0893491442     -170.5695007000
        3.1093491444     -170.5171726000
        3.1293491444     -170.4832402000
        3.1493491439     -170.4337523000
        3.1693491444     -170.4008120000
        3.3174129211     -170.1979312000
        3.4073144283     -170.1206225000
        3.4768250267     -170.1019199000
        3.5143217945     -170.0992829000
        3.5212438994     -170.0989657000
        3.5230557713     -170.0988770000
        3.5236027063     -170.0988455000
        3.5436027063     -170.0981934000
        3.5636027065     -170.0988311000
        3.5641210644     -170.0988600000
        3.5657748147     -170.0989382000
        3.5720692841     -170.0992138000
        3.6015212542     -170.1008775000
        3.6740240043     -170.1156524000
        3.7662157784     -170.1777572000
        3.9113201439     -170.3204829000
        4.0225894080     -170.4058105000
        4.0537023864     -170.4957224000
        4.0854233051     -170.5298121000
        4.1279910136     -170.5621796000
        4.1443121634     -170.5882126000
        4.1611538876     -170.6081390000
        4.1947847402     -170.6363081000
        4.2427428714     -170.6586639000
        4.2680577248     -170.6869957000
        4.2998931443     -170.7136915000
        4.3434045012     -170.7289069000
        4.3774983094     -170.7485627000
        4.3929058074     -170.7569881000
        4.4008980075     -170.7619000000
        4.4065125189     -170.7632980000
        4.4142151551     -170.7649829000
        4.4212005723     -170.7656325000
        4.4234237032     -170.7662093000
        4.4249569503     -170.7663771000
        4.4263214640     -170.7664650000
        4.4281755691     -170.7665098000
        4.4287598617     -170.7665584000
        4.4290982422     -170.7665711000
        4.4297039606     -170.7665855000
        4.4305443267     -170.7665943000
        4.4309700824     -170.7666010000
        4.4310939567     -170.7666026000
        4.4312542541     -170.7666042000
        4.4315177690     -170.7666053000
        4.4316935319     -170.7666060000
        4.4317526516     -170.7666063000
        4.4318765178     -170.7666067000
        4.4320168350     -170.7666070000
        4.4321619609     -170.7666073000
        4.4322436702     -170.7666075000
        4.4323415687     -170.7666077000
        4.4324927984     -170.7666079000
        4.4325729364     -170.7666080000
        4.4325915435     -170.7666080000
        4.4326076435     -170.7666080000
        4.4326268821     -170.7666080000
        4.4326343390     -170.7666080000
        4.4326375175     -170.7666080000
        4.4326422189     -170.7666080000
        4.4326483146     -170.7666080000
        4.4326498487     -170.7666080000
        4.4326503441     -170.7666080000
        4.4326510507     -170.7666080000
        4.4326516448     -170.7666080000
        4.4326518240     -170.7666080000
        4.4326518702     -170.7666080000
