        0.0000000000     -170.9408624000
        0.0000000617     -170.9408624000
        0.0000004625     -170.9408624000
        0.0000014548     -170.9408624000
        0.0000019597     -170.9408624000
        0.0000024327     -170.9408624000
        0.0000026389     -170.9408624000
        0.0000030762     -170.9408624000
        0.0000048190     -170.9408624000
        0.0000061332     -170.9408624000
        0.0000067073     -170.9408624000
        0.0000080890     -170.9408624000
        0.0000121992     -170.9408624000
        0.0000144912     -170.9408624000
        0.0000171218     -170.9408624000
        0.0000237178     -170.9408624000
        0.0000385071     -170.9408624000
        0.0000535328     -170.9408624000
        0.0000636425     -170.9408624000
        0.0000772390     -170.9408623000
        0.0001275595     -170.9408623000
        0.0001680627     -170.9408622000
        0.0003144963     -170.9408620000
        0.0003344506     -170.9408619000
        0.0004549470     -170.9408615000
        0.0005325410     -170.9408611000
        0.0006019091     -170.9408605000
        0.0009124528     -170.9408596000
        0.0012250119     -170.9408576000
        0.0015542636     -170.9408541000
        0.0017220638     -170.9408512000
        0.0024137715     -170.9408304000
        0.0025927921     -170.9408233000
        0.0056012741     -170.9407794000
        0.0072590971     -170.9407363000
        0.0085797636     -170.9406963000
        0.0091615618     -170.9406685000
        0.0095680023     -170.9406034000
        0.0113808883     -170.9405839000
        0.0136456540     -170.9404498000
        0.0147411541     -170.9403874000
        0.0196533878     -170.9399246000
        0.0355348806     -170.9395837000
        0.0659132196     -170.9308115000
        0.0683856644     -170.9279344000
        0.0882253748     -170.9253415000
        0.1282720895     -170.9252547000
        0.1482720894     -170.9241775000
        0.1674576442     -170.9230570000
        0.1882130543     -170.9218974000
        0.1948834061     -170.9215012000
        0.1955460625     -170.9214520000
        0.2155460625     -170.9206535000
        0.2355460624     -170.9215014000
        0.2363332195     -170.9215658000
        0.2455974930     -170.9221901000
        0.2826407231     -170.9251843000
        0.3620930748     -170.9447788000
        0.4788570387     -171.0201764000
        0.6788570385     -171.2031953000
        0.8788570390     -171.2158484000
        0.9213460075     -171.4244759000
        1.0494127220     -171.9361237000
        1.2494127225     -172.3662386000
        1.3787875995     -172.5693165000
        1.4778563925     -172.9031160000
        1.6159789795     -173.0144723000
        1.6764506175     -173.2761058000
        1.7215525945     -173.3884539000
        1.7482122705     -173.4759148000
        1.8563076175     -173.6362006000
        1.9265717435     -173.7451657000
        1.9870963975     -173.8484416000
        2.0230845305     -173.8871053000
        2.0377464565     -173.9043802000
        2.0551584135     -173.9147233000
        2.0656017665     -173.9190352000
        2.0725365025     -173.9221442000
        2.0811644205     -173.9246698000
        2.0909253765     -173.9263170000
        2.0981246245     -173.9273474000
        2.1000035745     -173.9277699000
        2.1016839265     -173.9279644000
        2.1038221175     -173.9281218000
        2.1070671975     -173.9282210000
        2.1079959635     -173.9283120000
        2.1086723585     -173.9283544000
        2.1102270035     -173.9284045000
        2.1103823195     -173.9284093000
        2.1112629955     -173.9284230000
        2.1114663255     -173.9284250000
        2.1116105145     -173.9284257000
        2.1116663845     -173.9284260000
        2.1117129815     -173.9284261000
        2.1117793825     -173.9284263000
        2.1118878225     -173.9284264000
        2.1119420475     -173.9284265000
        2.1119607855     -173.9284266000
        2.1119862375     -173.9284266000
        2.1120091415     -173.9284266000
        2.1120142685     -173.9284266000
        2.1120162675     -173.9284266000
        2.1120184265     -173.9284266000
        2.1120207925     -173.9284266000
        2.1120226325     -173.9284266000
        2.1120231975     -173.9284266000
        2.1120236355     -173.9284266000
        2.1120245625     -173.9284266000
        2.1120252895     -173.9284266000
        2.1120256555     -173.9284266000
        2.1120258765     -173.9284266000
