    -1.232788520        -170.8221742         1
    -1.232788452        -170.8221742         2
    -1.232788254        -170.8221742         3
    -1.232787980        -170.8221742         4
    -1.232787894        -170.8221742         5
    -1.232787578        -170.8221742         6
    -1.232786716        -170.8221742         7
    -1.232785965        -170.8221742         8
    -1.232785535        -170.8221742         9
    -1.232784273        -170.8221742        10
    -1.232780492        -170.8221742        11
    -1.232776142        -170.8221742        12
    -1.232772809        -170.8221742        13
    -1.232771088        -170.8221742        14
    -1.232769425        -170.8221742        15
    -1.232764449        -170.8221742        16
    -1.232747331        -170.8221742        17
    -1.232730610        -170.8221742        18
    -1.232713334        -170.8221742        19
    -1.232639183        -170.8221738        20
    -1.232363808        -170.8221736        21
    -1.232114237        -170.8221728        22
    -1.231961866        -170.8221718        23
    -1.231848755        -170.8221706        24
    -1.231223206        -170.8221685        25
    -1.230637559        -170.8221650        26
    -1.230156383        -170.8221606        27
    -1.229999180        -170.8221582        28
    -1.229760898        -170.8221478        29
    -1.228786344        -170.8221461        30
    -1.228232745        -170.8221361        31
    -1.227689134        -170.8221253        32
    -1.227314800        -170.8221151        33
    -1.226728176        -170.8220499        34
    -1.224544942        -170.8220288        35
    -1.221261848        -170.8218130        36
    -1.220289449        -170.8217034        37
    -1.215988781        -170.8208727        38
    -1.207751170        -170.8206453        39
    -1.194961875        -170.8187915        40
    -1.187736659        -170.8168679        41
    -1.181194590        -170.8140104        42
    -1.172281976        -170.8072921        43
    -1.146315949        -170.8016646        44
    -1.128811356        -170.7921934        45
    -1.120978702        -170.7845581        46
    -1.092935336        -170.7632267        47
    -1.030906076        -170.7452032        48
   -0.9512550874        -170.6937618        49
   -0.9053579535        -170.6459424        50
   -0.8642783812        -170.5917727        51
   -0.8355323618        -170.5228182        52
   -0.7850881218        -170.4601866        53
   -0.7198083081        -170.3791153        54
   -0.6879275144        -170.2982459        55
   -0.5994445934        -170.0513244        56
   -0.4434944541        -169.8957204        57
   -0.4234944543        -169.8650542        58
   -0.2234944541        -169.4704772        59
   -0.2349445414E-01    -169.3396533        60
   -0.2000000019E-01    -169.3389945        61
     0.000000000        -169.3371593        62
    0.1999999989E-01    -169.3389785        63
    0.2340545070E-01    -169.3396093        64
    0.2234054511        -169.4504850        65
    0.4234054512        -169.6606232        66
    0.4434054509        -169.6911888        67
    0.5315309050        -170.0625036        68
    0.5765127059        -170.1113375        69
    0.6406282940        -170.1956550        70
    0.6622688199        -170.2638621        71
    0.6945699389        -170.3235195        72
    0.7455743731        -170.3909714        73
    0.8399191544        -170.4662817        74
    0.8942207871        -170.5580621        75
    0.9467045768        -170.6512678        76
     1.035691784        -170.7410202        77
     1.136327271        -170.8123060        78
     1.164269674        -170.8807850        79
     1.187980137        -170.9108263        80
     1.209617762        -170.9304491        81
     1.256394243        -170.9486376        82
     1.284549851        -170.9630750        83
     1.305068533        -170.9744303        84
     1.334302254        -170.9845530        85
     1.360801795        -170.9927695        86
     1.373722224        -170.9983833        87
     1.385499625        -171.0029022        88
     1.404793925        -171.0085758        89
     1.436760701        -171.0128243        90
     1.444984294        -171.0166204        91
     1.448716246        -171.0179315        92
     1.455049529        -171.0191129        93
     1.465240332        -171.0193984        94
     1.467209806        -171.0200460        95
     1.467903756        -171.0201138        96
     1.469070848        -171.0201750        97
     1.470392331        -171.0202003        98
     1.470985000        -171.0202240        99
     1.471207039        -171.0202303       100
     1.471698968        -171.0202384       101
     1.472362696        -171.0202417       102
     1.472576407        -171.0202467       103
     1.472675568        -171.0202476       104
     1.472817096        -171.0202483       105
     1.472934289        -171.0202486       106
     1.473003408        -171.0202487       107
     1.473031207        -171.0202487       108
     1.473041815        -171.0202487       109
     1.473065106        -171.0202487       110
     1.473067056        -171.0202487       111
     1.473079023        -171.0202487       112
     1.473084438        -171.0202487       113
     1.473088990        -171.0202487       114
     1.473091081        -171.0202487       115
     1.473092057        -171.0202487       116
     1.473092434        -171.0202487       117
     1.473093330        -171.0202487       118
     1.473093987        -171.0202487       119
     1.473094213        -171.0202487       120
     1.473094314        -171.0202487       121
     1.473094496        -171.0202487       122
     1.473094708        -171.0202487       123
     1.473094825        -171.0202487       124
