        0.8040137940        0.6028408262       -1.4667062885
        1.1608940319        0.5729422458        1.2190322039
        1.2439295449       -1.0887355882       -0.6436534961
        0.8470920405       -0.5016277349       -1.4918392996
       -1.1566890075       -0.0256505766        0.6068100314
       -0.1692514008        1.1064086593       -1.3455151474
        1.6879680582       -0.5288519226        0.2163313499
       -0.7395280182        0.5362705196        1.4646967492
        0.1962885108        1.1103185707        1.3426480807
        0.7135292288        1.1205539140        0.3649648720
        0.2662818484        1.6676941576       -0.4946043505
       -1.1323194545       -1.1303880108        0.6050952189
        1.6780971739        0.5809557339        0.2433419818
       -1.0402990799       -0.6031085468       -1.2226381223
       -0.6727177709        1.0881816418       -0.3659701838
       -1.0980127669        0.5080902665       -1.2198627708
       -1.1858409953        1.0809525635        0.6139812583
        0.7443096605       -1.0927039524        0.3427229082
       -1.5664435125       -0.5886621432       -0.2555257673
        1.2349399138        1.1439925955       -0.6068026654
       -0.7174848002       -0.5729549617        1.4643549645
       -0.1834566301       -1.6741145572        0.4805089108
       -0.0524798087       -1.1216536456       -1.3294878414
        1.2531922794        0.0378768434       -0.6213657499
       -0.2491378266        1.6539657095        0.4881415865
        0.3230179808       -0.5222124657       -0.4918565874
        0.2907629967        0.5661105782       -0.4879075535
        1.1820709079       -0.5348244021        1.1996491018
       -0.1232657563       -0.0000646165       -1.3443835664
        0.2219357260        0.0026245361        1.3371866070
       -1.6103189659        0.5148446149       -0.2423136405
       -1.4916067847       -1.7009196234       -0.2881184319
       -0.1970314428       -0.5476018673        0.4858325870
        0.2410628548       -1.1074527413        1.3327578287
       -0.2210668047        0.5466690483        0.4832398225
        0.7325527813        0.0196158414        0.3577236910
       -0.5796836780       -1.1089036074       -0.3653677286
       -0.6353048281       -0.0104779022       -0.3651005627
