    38
 Energy=    -171.020248742179
AX            0.9865620549        0.1798712245       -1.1811119050
AX            1.1604151510        0.5817723009        1.2514266770
AX            0.4280734321       -1.5566571860       -0.6020929523
AX            1.0560071330       -0.9200215930       -1.2532229670
AX           -1.1313127190       -0.0574393250        0.5963764511
AX           -0.1603304823        1.2217496870       -1.2754967870
AX            1.8524654260        0.1106239350        0.5296900096
AX           -0.7368646195        0.4600240832        1.4914443810
AX            0.1792330435        1.0706558870        1.4113002360
AX            0.7025005552        1.1628994380        0.4360999864
AX            0.2430535832        1.7464766230       -0.3766104667
AX           -1.0750250310       -1.1586739430        0.5245201346
AX            1.3881292430        0.6974428998       -0.2832255253
AX           -1.0233653490       -0.4908958937       -1.2615704160
AX           -0.6778335003        1.1346769270       -0.2997961338
AX           -1.0838964780        0.6116892533       -1.1916480130
AX           -1.1971404560        1.0444013340        0.6745950944
AX            0.8193931351       -1.0402124740        0.2848646351
AX           -1.5356416620       -0.5738640064       -0.2929339433
AX            0.9318515636        1.2794574400       -1.1041189450
AX           -0.6775687387       -0.6452266947        1.4170167670
AX           -0.1072773558       -1.6539832470        0.3642064881
AX           -0.0356648980       -0.9678838721       -1.4250870920
AX            1.4509977430       -0.4097875107       -0.3568801468
AX           -0.2805545295        1.6544132190        0.5953174679
AX            0.3615911962       -0.4475783240       -0.5239476773
AX            0.2961770732        0.6420610081       -0.4493374279
AX            1.2195599600       -0.5301924299        1.1733881110
AX           -0.0989875823        0.1257857634       -1.3449811640
AX            0.2422389976       -0.0334692228        1.3330520520
AX           -1.5996914010        0.5255224072       -0.2194698605
AX           -1.4229689350       -1.6815011510       -0.4011423366
AX           -0.1550091923       -0.5433006447        0.4422336578
AX            0.2960677713       -1.1403465510        1.2573678640
AX           -0.2155911627        0.5503171512        0.5151797781
AX            0.7531548324        0.0618710399        0.3616587905
AX           -0.5396596315       -1.0489649970       -0.4463479413
AX           -0.6130881713        0.0382874459       -0.3707168819
    38
 Energy=    -170.992769450874
AX            0.9876954062        0.1832417105       -1.1793101100
AX            1.1591723620        0.5789894449        1.2501745120
AX            0.4230380230       -1.5549689680       -0.6153306666
AX            1.0536196750       -0.9147766464       -1.2594421720
AX           -1.1317051130       -0.0566366413        0.5955169541
AX           -0.1546137143        1.2299851000       -1.2754029530
AX            1.8526700700        0.1024255646        0.5350352724
AX           -0.7379982094        0.4712294908        1.4877025430
AX            0.1815866110        1.0736339740        1.4077213710
AX            0.7032971352        1.1632305500        0.4342505029
AX            0.2444443708        1.7505601130       -0.3749341804
AX           -1.0680532730       -1.1551230320        0.5412408334
AX            1.3915722830        0.6919840668       -0.2783182955
AX           -1.0259761310       -0.4801383247       -1.2595793280
AX           -0.6775031442        1.1361269510       -0.3027908248
AX           -1.0804440160        0.6220023240       -1.1961599210
AX           -1.2016563020        1.0446398120        0.6647043113
AX            0.8115296381       -1.0455287450        0.2785267325
AX           -1.5322462700       -0.5906271705       -0.2874288886
AX            0.9374750792        1.2815680240       -1.0941806880
AX           -0.6796381940       -0.6333413771        1.4264440650
AX           -0.1140597518       -1.6605867600        0.3517228391
AX           -0.0391592835       -0.9571953612       -1.4312494210
AX            1.4486758860       -0.4143639761       -0.3561124184
AX           -0.2826715456        1.6545263100        0.5933440712
AX            0.3608470738       -0.4463315434       -0.5258768750
AX            0.2972034309        0.6446630855       -0.4491710293
AX            1.2114012150       -0.5374420642        1.1698922230
AX           -0.0985172044        0.1349932521       -1.3466228870
AX            0.2405165381       -0.0328309767        1.3337418590
AX           -1.5990333250        0.5149141581       -0.2279374824
AX           -1.3901728180       -1.7166480610       -0.3562883398
AX           -0.1575096486       -0.5429003817        0.4410541590
AX            0.2833543976       -1.1451137630        1.2503087060
AX           -0.2149832339        0.5518606193        0.5138400017
AX            0.7517975965        0.0602273978        0.3613966868
AX           -0.5404123768       -1.0459028430       -0.4485973518
AX           -0.6135432353        0.0396546865       -0.3718838094
    38
 Energy=    -169.337159301057
AX            0.9156490748        0.3804891489       -1.3086229990
AX            1.2305276420        0.5904628886        1.1489258780
AX            0.5026517393       -1.5149282530       -0.6306522890
AX            0.9020327243       -0.7271866534       -1.3923521450
AX           -1.1370146510       -0.0566450673        0.5978142207
AX           -0.0284749380        1.1385107230       -1.3195916460
AX            1.8099991750       -0.2729908221        0.4813612940
AX           -0.7344254975        0.5354181229        1.4631780370
AX            0.2323409996        1.0952172540        1.3644865140
AX            0.6778103748        1.1950827350        0.3695630079
AX            0.1620217642        1.7749436570       -0.4184364459
AX           -1.0224380500       -1.1773291120        0.5801940374
AX            1.5859335280        0.7019440585        0.0396968630
AX           -1.0787514960       -0.5108677002       -1.2278974700
AX           -0.6852368275        1.1093682500       -0.3433200949
AX           -1.0360210170        0.6009260077       -1.2389068220
AX           -1.2351653550        1.0360088960        0.6094976583
AX            0.8790256598       -0.9909545351        0.2958174281
AX           -1.5442467720       -0.6287763090       -0.2390927313
AX            1.0843903470        1.2983735620       -0.7321864112
AX           -0.6848056879       -0.5809889883        1.4471660420
AX           -0.0330332095       -1.6417488520        0.3370146161
AX           -0.1369353881       -1.0652414080       -1.4244144930
AX            1.3692144580       -0.2339984090       -0.5108095789
AX           -0.3181941563        1.6474899700        0.5728966228
AX            0.3271092037       -0.4634290763       -0.5121624111
AX            0.2886314293        0.6074850217       -0.4517309471
AX            1.1633277810       -0.5289248275        1.2912863660
AX           -0.1109054064        0.0304464452       -1.3608155780
AX            0.2329187065        0.0076164231        1.3284700340
AX           -1.6072962430        0.4794251017       -0.2801006059
AX           -1.4066815210       -1.7392882240       -0.3047620909
AX           -0.1537433805       -0.5344280812        0.4518069436
AX            0.2557699309       -1.1295416390        1.2614729860
AX           -0.2281738163        0.5578643097        0.4960740971
AX            0.7449940417        0.0694860507        0.3584876979
AX           -0.5525955337       -1.0750976090       -0.4249818333
AX           -0.6302096318        0.0158069432       -0.3743737504
    38
 Energy=    -169.865054191752
AX            0.8600766621        0.4801772341       -1.4225279990
AX            1.1997053230        0.6047623053        1.2021689890
AX            0.5046085767       -1.5306384070       -0.6290313652
AX            0.8752637375       -0.6589125244       -1.3926304970
AX           -1.1383324410       -0.0559985533        0.5995193056
AX           -0.0514546206        1.1117595030       -1.3344983340
AX            1.7755203150       -0.3575923019        0.3756646078
AX           -0.7402697162        0.5345649898        1.4577004850
AX            0.2129602965        1.1058344400        1.3590754630
AX            0.6850870640        1.1761505970        0.3699008279
AX            0.2049046847        1.7362510220       -0.4494390727
AX           -1.0253604220       -1.1782649690        0.5849528367
AX            1.6583979590        0.7014429186        0.1955444506
AX           -1.0856169160       -0.5313295145       -1.2232930030
AX           -0.6694892404        1.0987223320       -0.3591470045
AX           -1.0417039090        0.5797921670       -1.2428389520
AX           -1.2236468950        1.0408163790        0.5979156266
AX            0.8675348733       -1.0044273110        0.3068353338
AX           -1.5492926280       -0.6295113349       -0.2334448658
AX            1.1593195230        1.2073484690       -0.6557513514
AX           -0.6849382674       -0.5825020454        1.4513211560
AX           -0.0296554315       -1.6381649120        0.3450200027
AX           -0.1396889114       -1.0919902890       -1.4182244970
AX            1.3051922710       -0.0063509885       -0.5497589913
AX           -0.3076533951        1.6527426690        0.5425290495
AX            0.3440600908       -0.4821513378       -0.4916157613
AX            0.3127802886        0.5822758666       -0.4771842820
AX            1.1742482960       -0.5113633654        1.2797332120
AX           -0.1106287031        0.0003431075       -1.3492531040
AX            0.2285400737        0.0135861794        1.3365357710
AX           -1.6038150170        0.4797247915       -0.2808490523
AX           -1.4193147580       -1.7402805110       -0.2988296193
AX           -0.1564122948       -0.5338634312        0.4644917709
AX            0.2655603381       -1.1227516810        1.2687550630
AX           -0.2257604441        0.5557883205        0.4887052017
AX            0.7619101210        0.0728680761        0.3715324124
AX           -0.5607305250       -1.0855433050       -0.4178890119
AX           -0.6319059587        0.0066854127       -0.3716947996
    38
 Energy=    -170.822174218556
AX            0.8305449002        0.6059119997       -1.4608402650
AX            1.1551022820        0.6204787492        1.2317066580
AX            0.4531338635       -1.5942916870       -0.5378008364
AX            0.8932531003       -0.5111375361       -1.4490404170
AX           -1.1349515710       -0.0515758027        0.5940680432
AX           -0.1423553580        1.1225502490       -1.3431368030
AX            1.7400871860       -0.4489941861        0.2462975801
AX           -0.7461249398        0.5188512991        1.4583297920
AX            0.1725789553        1.1219828700        1.3482089380
AX            0.6982525148        1.1568569590        0.3740597714
AX            0.2470373135        1.6954601320       -0.4812594037
AX           -1.0679349440       -1.1590905730        0.5847213718
AX            1.6798422250        0.6573107716        0.2590748139
AX           -1.0274808850       -0.5820867491       -1.2341491170
AX           -0.6726188299        1.0890418080       -0.3691504664
AX           -1.0713020960        0.5227723973       -1.2331243320
AX           -1.1994596890        1.0540145860        0.6043047451
AX            0.8193842479       -1.0425886910        0.3428724295
AX           -1.5343929900       -0.6200533970       -0.2613230652
AX            1.2224229050        1.1881675180       -0.6035098673
AX           -0.6857232328       -0.5901860707        1.4494251720
AX           -0.0962859520       -1.6590491350        0.4369633500
AX           -0.0505398555       -1.0829955670       -1.3767662390
AX            1.2824743480        0.0809864519       -0.6007421656
AX           -0.2809495541        1.6591937590        0.4952790511
AX            0.3628713060       -0.5011127432       -0.4933282187
AX            0.3024241579        0.5872792798       -0.4833663361
AX            1.2110142010       -0.4849469816        1.2180825730
AX           -0.0938723636        0.0160602806       -1.3460621210
AX            0.2320240265        0.0152973052        1.3357725910
AX           -1.5963202460        0.4833977864       -0.2608564558
AX           -1.4172950490       -1.7313341690       -0.3106792759
AX           -0.1576828623       -0.5428599762        0.4711140620
AX            0.2875126674       -1.0965147690        1.3139588450
AX           -0.2185772758        0.5516679294        0.4815896960
AX            0.7530614056        0.0585354284        0.3668330786
AX           -0.5368646302       -1.0982691260       -0.3927957927
AX           -0.6122892810       -0.0087304007       -0.3747313831
    38
 Energy=    -170.822174218583
AX            0.8305451080        0.6059120850       -1.4608402490
AX            1.1551023700        0.6204788812        1.2317066480
AX            0.4531338343       -1.5942917420       -0.5378007269
AX            0.8932528690       -0.5111375391       -1.4490406490
AX           -1.1349518260       -0.0515759650        0.5940680118
AX           -0.1423550190        1.1225505190       -1.3431369070
AX            1.7400871220       -0.4489943548        0.2462972782
AX           -0.7461250831        0.5188509262        1.4583297360
AX            0.1725787590        1.1219827000        1.3482089890
AX            0.6982525109        1.1568568890        0.3740599990
AX            0.2470374740        1.6954602210       -0.4812592797
AX           -1.0679348840       -1.1590907920        0.5847215280
AX            1.6798421820        0.6573104802        0.2590748091
AX           -1.0274808210       -0.5820866903       -1.2341488500
AX           -0.6726188627        1.0890419880       -0.3691507396
AX           -1.0713016940        0.5227725540       -1.2331246890
AX           -1.1994598340        1.0540143890        0.6043045617
AX            0.8193841593       -1.0425884490        0.3428723510
AX           -1.5343929740       -0.6200533696       -0.2613228465
AX            1.2224229880        1.1881673520       -0.6035096671
AX           -0.6857230518       -0.5901864140        1.4494253300
AX           -0.0962856775       -1.6590490460        0.4369636978
AX           -0.0505400454       -1.0829956360       -1.3767660730
AX            1.2824740690        0.0809862613       -0.6007422954
AX           -0.2809496746        1.6591937020        0.4952791423
AX            0.3628711157       -0.5011127172       -0.4933282414
AX            0.3024240441        0.5872793455       -0.4833664027
AX            1.2110144620       -0.4849467346        1.2180823730
AX           -0.0938722130        0.0160603978       -1.3460621680
AX            0.2320240240        0.0152973121        1.3357725460
AX           -1.5963200940        0.4833977863       -0.2608569000
AX           -1.4172952100       -1.7313340230       -0.3106792712
AX           -0.1576829534       -0.5428599093        0.4711141851
AX            0.2875130626       -1.0965145110        1.3139589450
AX           -0.2185774684        0.5516679935        0.4815896602
AX            0.7530612862        0.0585355512        0.3668330525
AX           -0.5368646634       -1.0982691570       -0.3927955570
AX           -0.6122893916       -0.0087302834       -0.3747313301
    38
 Energy=    -170.822174218599
AX            0.8305451016        0.6059120603       -1.4608402700
AX            1.1551022990        0.6204789341        1.2317067050
AX            0.4531338732       -1.5942916740       -0.5378007500
AX            0.8932528221       -0.5111375665       -1.4490406060
AX           -1.1349517190       -0.0515760073        0.5940680668
AX           -0.1423549648        1.1225505610       -1.3431368830
AX            1.7400871770       -0.4489943994        0.2462972407
AX           -0.7461250976        0.5188510331        1.4583296820
AX            0.1725787477        1.1219827840        1.3482089930
AX            0.6982524509        1.1568569300        0.3740599089
AX            0.2470374676        1.6954602110       -0.4812592150
AX           -1.0679348560       -1.1590908460        0.5847215349
AX            1.6798421880        0.6573104569        0.2590748235
AX           -1.0274809210       -0.5820865688       -1.2341488100
AX           -0.6726187928        1.0890419450       -0.3691506814
AX           -1.0713017050        0.5227726380       -1.2331246960
AX           -1.1994598770        1.0540143300        0.6043044797
AX            0.8193842357       -1.0425885080        0.3428723980
AX           -1.5343930390       -0.6200534452       -0.2613228115
AX            1.2224229680        1.1881673440       -0.6035096770
AX           -0.6857230663       -0.5901863164        1.4494252710
AX           -0.0962856453       -1.6590490840        0.4369636637
AX           -0.0505401189       -1.0829955570       -1.3767660420
AX            1.2824741330        0.0809862584       -0.6007422672
AX           -0.2809497400        1.6591936600        0.4952790973
AX            0.3628711416       -0.5011127321       -0.4933282308
AX            0.3024241017        0.5872793570       -0.4833663615
AX            1.2110144840       -0.4849466813        1.2180823890
AX           -0.0938722758        0.0160604161       -1.3460621430
AX            0.2320240719        0.0152973710        1.3357725670
AX           -1.5963201340        0.4833977045       -0.2608569427
AX           -1.4172953630       -1.7313339820       -0.3106794012
AX           -0.1576829258       -0.5428599472        0.4711141806
AX            0.2875130863       -1.0965145280        1.3139589820
AX           -0.2185774205        0.5516679341        0.4815896501
AX            0.7530613172        0.0585354708        0.3668330486
AX           -0.5368646894       -1.0982692080       -0.3927955252
AX           -0.6122893158       -0.0087303496       -0.3747313677
    38
 Energy=    -170.822174218598
AX            0.8305451066        0.6059120629       -1.4608402474
AX            1.1551023159        0.6204789360        1.2317067336
AX            0.4531338485       -1.5942916414       -0.5378007337
AX            0.8932528104       -0.5111375750       -1.4490405950
AX           -1.1349517307       -0.0515760144        0.5940680488
AX           -0.1423549712        1.1225505581       -1.3431368832
AX            1.7400871978       -0.4489944286        0.2462972036
AX           -0.7461251075        0.5188510130        1.4583296642
AX            0.1725787349        1.1219827666        1.3482089955
AX            0.6982524713        1.1568569274        0.3740599352
AX            0.2470374795        1.6954601958       -0.4812592044
AX           -1.0679348500       -1.1590908511        0.5847215397
AX            1.6798422183        0.6573104268        0.2590748529
AX           -1.0274809366       -0.5820865823       -1.2341488109
AX           -0.6726188183        1.0890419491       -0.3691507058
AX           -1.0713017276        0.5227726265       -1.2331247251
AX           -1.1994598885        1.0540143174        0.6043044627
AX            0.8193842388       -1.0425884845        0.3428723874
AX           -1.5343930512       -0.6200534487       -0.2613228113
AX            1.2224229887        1.1881673309       -0.6035096379
AX           -0.6857230596       -0.5901863196        1.4494252631
AX           -0.0962856303       -1.6590490656        0.4369636904
AX           -0.0505401366       -1.0829955504       -1.3767660381
AX            1.2824741374        0.0809862573       -0.6007422616
AX           -0.2809497406        1.6591936385        0.4952790902
AX            0.3628711347       -0.5011127144       -0.4933282280
AX            0.3024240984        0.5872793651       -0.4833663542
AX            1.2110145216       -0.4849466727        1.2180823669
AX           -0.0938722840        0.0160604217       -1.3460621463
AX            0.2320240842        0.0152973743        1.3357725542
AX           -1.5963201594        0.4833977022       -0.2608569659
AX           -1.4172953598       -1.7313339786       -0.3106793990
AX           -0.1576829268       -0.5428599302        0.4711141775
AX            0.2875131105       -1.0965144994        1.3139589866
AX           -0.2185774245        0.5516679352        0.4815896362
AX            0.7530613325        0.0585354824        0.3668330514
AX           -0.5368646940       -1.0982691939       -0.3927955094
AX           -0.6122893333       -0.0087303377       -0.3747313822
    38
 Energy=    -170.822172560334
AX            0.8305104049        0.6060148179       -1.4607981840
AX            1.1550775412        0.6204527570        1.2317230629
AX            0.4531435431       -1.5942857442       -0.5378586778
AX            0.8932267626       -0.5110244884       -1.4490709745
AX           -1.1349584422       -0.0515725532        0.5940779520
AX           -0.1424461852        1.1225767201       -1.3431691667
AX            1.7400788530       -0.4490485461        0.2463387577
AX           -0.7461326046        0.5188866483        1.4583190866
AX            0.1725696152        1.1219985722        1.3481705143
AX            0.6982959994        1.1568495871        0.3740544039
AX            0.2471224695        1.6954247416       -0.4813332796
AX           -1.0679016138       -1.1590904301        0.5847838308
AX            1.6798892248        0.6572392688        0.2591373776
AX           -1.0274810725       -0.5820837275       -1.2341469077
AX           -0.6726374063        1.0890715775       -0.3691774135
AX           -1.0713574007        0.5227619059       -1.2331153884
AX           -1.1994481293        1.0540490967        0.6042851733
AX            0.8193356587       -1.0425827385        0.3428695942
AX           -1.5343599126       -0.6201274518       -0.2612924627
AX            1.2225352567        1.1881166943       -0.6034504340
AX           -0.6857339206       -0.5901462521        1.4494617929
AX           -0.0962955046       -1.6590810270        0.4369056893
AX           -0.0505275393       -1.0829390037       -1.3767967378
AX            1.2824867988        0.0809649327       -0.6007222489
AX           -0.2809020837        1.6592125307        0.4952028782
AX            0.3628527019       -0.5010854529       -0.4933430860
AX            0.3024198573        0.5873035858       -0.4833761433
AX            1.2109593451       -0.4849789149        1.2181029411
AX           -0.0938958371        0.0161105065       -1.3460663591
AX            0.2319983405        0.0152987734        1.3357409010
AX           -1.5963320543        0.4833653087       -0.2608373042
AX           -1.4171495254       -1.7314906877       -0.3105047575
AX           -0.1577041153       -0.5428553231        0.4711020655
AX            0.2874452496       -1.0965494250        1.3139405252
AX           -0.2185758807        0.5516892846        0.4815614516
AX            0.7530550769        0.0585375384        0.3668235154
AX           -0.5368563391       -1.0982678120       -0.3928100394
AX           -0.6123071311       -0.0087152667       -0.3747319471
    38
 Energy=    -170.822117693720
AX            0.8308529523        0.6059781312       -1.4609448712
AX            1.1553764032        0.6200479536        1.2315841751
AX            0.4529080743       -1.5942070187       -0.5381923859
AX            0.8933346087       -0.5112208011       -1.4490049117
AX           -1.1350549607       -0.0515204063        0.5940150886
AX           -0.1417593172        1.1230813970       -1.3430738216
AX            1.7398714192       -0.4491355468        0.2462361383
AX           -0.7461137173        0.5194963156        1.4579957409
AX            0.1730242490        1.1218715831        1.3483432750
AX            0.6982600664        1.1567989143        0.3742000043
AX            0.2469297375        1.6957093466       -0.4806999861
AX           -1.0676157035       -1.1590181647        0.5855147387
AX            1.6798422450        0.6572611328        0.2588956685
AX           -1.0275582712       -0.5814727057       -1.2340311409
AX           -0.6726473852        1.0891485247       -0.3692933507
AX           -1.0707486919        0.5233280756       -1.2335622349
AX           -1.2000483252        1.0538464286        0.6036776481
AX            0.8190758771       -1.0427499065        0.3426761525
AX           -1.5342289964       -0.6208250320       -0.2609695557
AX            1.2222808347        1.1883516663       -0.6034740156
AX           -0.6858054199       -0.5894777437        1.4497719491
AX           -0.0964299891       -1.6592980614        0.4365977892
AX           -0.0508266785       -1.0826409583       -1.3768916071
AX            1.2824634439        0.0810397493       -0.6007961445
AX           -0.2813058060        1.6589123106        0.4956909334
AX            0.3627360638       -0.5010061836       -0.4934296402
AX            0.3024200288        0.5874403104       -0.4833528606
AX            1.2107111644       -0.4854358538        1.2179578629
AX           -0.0936504915        0.0163760808       -1.3461677575
AX            0.2320242664        0.0152824200        1.3355997419
AX           -1.5963016932        0.4827951447       -0.2615806147
AX           -1.4162987442       -1.7326150950       -0.3086813374
AX           -0.1577736977       -0.5428332997        0.4710773004
AX            0.2869552536       -1.0966891615        1.3137774527
AX           -0.2186301565        0.5517287686        0.4814714553
AX            0.7529975065        0.0584863957        0.3667156938
AX           -0.5370124905       -1.0982281896       -0.3928027761
AX           -0.6122536560       -0.0086065153       -0.3748497942
    38
 Energy=    -170.802626339297
AX            0.8324467735        0.6050061592       -1.4614942384
AX            1.1557849138        0.6168761484        1.2282815809
AX            0.4556245618       -1.5882011204       -0.5339240855
AX            0.8882700604       -0.5128599833       -1.4536959475
AX           -1.1345142540       -0.0524696013        0.5929337561
AX           -0.1401059247        1.1261357950       -1.3428707740
AX            1.7435915142       -0.4413863293        0.2556873166
AX           -0.7461917678        0.5172447231        1.4575780915
AX            0.1731939261        1.1205227224        1.3478375512
AX            0.6977130738        1.1548621978        0.3732318556
AX            0.2480746648        1.6947117958       -0.4797725319
AX           -1.0720422681       -1.1580259813        0.5851830892
AX            1.6786537943        0.6609996323        0.2554756849
AX           -1.0305709133       -0.5773966116       -1.2322095367
AX           -0.6712095251        1.0878845477       -0.3696108812
AX           -1.0711422207        0.5283007405       -1.2341322694
AX           -1.1993123265        1.0537155104        0.6041576949
AX            0.8226522277       -1.0415397939        0.3440684489
AX           -1.5377570936       -0.6225184734       -0.2605018116
AX            1.2217720698        1.1861258554       -0.6044891589
AX           -0.6851423251       -0.5925780075        1.4478825799
AX           -0.0991220470       -1.6563978365        0.4384762518
AX           -0.0544509640       -1.0814982874       -1.3750350092
AX            1.2841888758        0.0760805784       -0.6032156329
AX           -0.2812169038        1.6596171401        0.4959511942
AX            0.3627056158       -0.5017216857       -0.4958720664
AX            0.3040757698        0.5868892761       -0.4858151229
AX            1.2084527942       -0.4868205363        1.2231902669
AX           -0.0940289439        0.0182070841       -1.3463229051
AX            0.2313575593        0.0144393165        1.3341323298
AX           -1.5949262624        0.4820366968       -0.2622670872
AX           -1.4092275673       -1.7382699505       -0.3088470432
AX           -0.1590807159       -0.5426957997        0.4712416125
AX            0.2876753597       -1.0989235676        1.3131958239
AX           -0.2186744114        0.5492915064        0.4812685300
AX            0.7531190804        0.0600292063        0.3672183993
AX           -0.5375941261       -1.0964815772       -0.3923000165
AX           -0.6130420722       -0.0091914873       -0.3746159368
    38
 Energy=    -170.098193405363
AX            0.8193292131        0.5915941293       -1.4612693031
AX            1.1561708536        0.6041488987        1.2303424015
AX            0.8567170478       -1.4026434761       -0.7164077676
AX            0.8794421087       -0.5258844541       -1.4438477567
AX           -1.1496432737       -0.0343841195        0.6045385347
AX           -0.1528587536        1.1096810853       -1.3470709342
AX            1.7066513118       -0.4987785122        0.2239108328
AX           -0.7455493845        0.5366126218        1.4616912438
AX            0.1821243408        1.1245652956        1.3443980174
AX            0.7065331980        1.1453373372        0.3702464509
AX            0.2563666557        1.6859327302       -0.4913600587
AX           -1.0955145394       -1.1434106588        0.6034728602
AX            1.6788573153        0.6164696063        0.2563388469
AX           -1.0278406096       -0.5989261059       -1.2219218851
AX           -0.6759909368        1.0933919924       -0.3712841735
AX           -1.0823862199        0.5108099690       -1.2280219944
AX           -1.1954681626        1.0721792768        0.6057790331
AX            0.7749184527       -1.0628173021        0.3390118743
AX           -1.5473689840       -0.6059679670       -0.2525299451
AX            1.2287795752        1.1651733973       -0.6046259192
AX           -0.7038737944       -0.5728528675        1.4646351645
AX           -0.1332801556       -1.6676896767        0.4588516914
AX           -0.0435909149       -1.1132935435       -1.3329114788
AX            1.2648108613        0.0594091751       -0.6034606843
AX           -0.2668266663        1.6615871721        0.4876114970
AX            0.3337175622       -0.4930061331       -0.4813808406
AX            0.2939717119        0.5849160334       -0.4838028128
AX            1.1946641519       -0.5049272565        1.2070094150
AX           -0.1055512929        0.0009689173       -1.3447658157
AX            0.2250268815        0.0169587263        1.3423353538
AX           -1.6060716821        0.4995607149       -0.2528483281
AX           -1.4463388013       -1.7168047540       -0.2913111865
AX           -0.1808120579       -0.5377737538        0.4868019150
AX            0.2619487167       -1.0960007887        1.3253003152
AX           -0.2223757589        0.5555250430        0.4833147543
AX            0.7402547703        0.0468951255        0.3689728769
AX           -0.5507394575       -1.1020057686       -0.3693136671
AX           -0.6282032811       -0.0045501048       -0.3664285249
    38
 Energy=    -170.177757241499
AX            0.8111305644        0.6154676468       -1.4627479436
AX            1.1575154912        0.5946111882        1.2272132102
AX            0.9940921995       -1.2943880107       -0.7067710298
AX            0.8712639661       -0.4934339389       -1.4820569967
AX           -1.1544371569       -0.0269665150        0.6053248171
AX           -0.1682867357        1.1084276652       -1.3473846578
AX            1.6762004244       -0.5375371445        0.1876603904
AX           -0.7439079286        0.5406697771        1.4622719374
AX            0.1866636971        1.1240081089        1.3431037350
AX            0.7102912192        1.1365414212        0.3688781586
AX            0.2598162063        1.6790522097       -0.4958114566
AX           -1.1195727887       -1.1305621144        0.6086175933
AX            1.6781393008        0.5866881211        0.2523762102
AX           -1.0081660258       -0.6178939358       -1.2202445611
AX           -0.6773263869        1.0907168074       -0.3707511612
AX           -1.0887854670        0.4959177061       -1.2245481323
AX           -1.1931919126        1.0790667984        0.6076994834
AX            0.7459525167       -1.0847869478        0.3404110926
AX           -1.5484585134       -0.5992533009       -0.2600244495
AX            1.2351768502        1.1600129700       -0.5985152519
AX           -0.7101525857       -0.5683948000        1.4680876718
AX           -0.1690820679       -1.6713926227        0.4936362891
AX           -0.0062205038       -1.1317345676       -1.3069335532
AX            1.2560434210        0.0541633987       -0.6193344222
AX           -0.2601433674        1.6606214122        0.4844347232
AX            0.3291442447       -0.4922875494       -0.4805276591
AX            0.2921621867        0.5836602382       -0.4851785789
AX            1.1928213860       -0.5163786700        1.1888239078
AX           -0.1064388696        0.0002461339       -1.3432862740
AX            0.2248831512        0.0165456875        1.3429936162
AX           -1.6081865254        0.5051456160       -0.2496256411
AX           -1.4574783233       -1.7110833805       -0.2855034441
AX           -0.1897929216       -0.5386133408        0.4934890438
AX            0.2576929687       -1.0924557755        1.3355938789
AX           -0.2227231712        0.5551106686        0.4836266050
AX            0.7344873596        0.0369929064        0.3648989428
AX           -0.5515458430       -1.1092570498       -0.3566049632
AX           -0.6295800580       -0.0072468127       -0.3632911299
    38
 Energy=    -170.766605254558
AX            0.8031976553        0.5968745879       -1.4696285645
AX            1.1618721415        0.5774075948        1.2159327364
AX            1.2432230032       -1.0915703671       -0.6402373852
AX            0.8459722359       -0.5076967124       -1.4904723405
AX           -1.1562780693       -0.0229497572        0.6076906679
AX           -0.1698376387        1.1011885118       -1.3497703940
AX            1.6879234447       -0.5284279062        0.2172778819
AX           -0.7384105929        0.5423882590        1.4630205965
AX            0.1975254481        1.1155924236        1.3381244308
AX            0.7140403012        1.1218116040        0.3600582211
AX            0.2663277264        1.6656877222       -0.5013248963
AX           -1.1320743897       -1.1276588252        0.6105133024
AX            1.6783927342        0.5814867563        0.2398670587
AX           -1.0412748875       -0.6075874319       -1.2195372020
AX           -0.6727087180        1.0868674840       -0.3698422053
AX           -1.0986604501        0.5036108600       -1.2211723479
AX           -1.1852437467        1.0836457268        0.6103893435
AX            0.7442383751       -1.0915561739        0.3464771751
AX           -1.5666941714       -0.5894560047       -0.2520639268
AX            1.2347899842        1.1413148391       -0.6121471631
AX           -0.7166244903       -0.5668179295        1.4671775891
AX           -0.1835644142       -1.6722279124        0.4871699363
AX           -0.0536823634       -1.1268051522       -1.3250871314
AX            1.2527761791        0.0351348153       -0.6223740919
AX           -0.2484572533        1.6559239602        0.4818015111
AX            0.3225466362       -0.5242222691       -0.4900407373
AX            0.2905746599        0.5641190450       -0.4903524411
AX            1.1826621866       -0.5304507031        1.2009415289
AX           -0.1241392455       -0.0052841258       -1.3443109198
AX            0.2228198101        0.0078850466        1.3369999319
AX           -1.6103567838        0.5141406032       -0.2433580196
AX           -1.4920284966       -1.7019563527       -0.2798139302
AX           -0.1968531169       -0.5456230169        0.4881004439
AX            0.2415805240       -1.1022616672        1.3369046946
AX           -0.2206217851        0.5486358389        0.4812186632
AX            0.7327862189        0.0208293101        0.3571177768
AX           -0.5801876317       -1.1102293111       -0.3606159408
AX           -0.6355510193       -0.0117633667       -0.3646338509
    38
 Energy=    -170.766608021540
AX            0.8031479672        0.5968308812       -1.4696354469
AX            1.1618641036        0.5774965419        1.2159549824
AX            1.2432329514       -1.0915732267       -0.6401839626
AX            0.8459508567       -0.5077388518       -1.4904188120
AX           -1.1562782315       -0.0229710538        0.6076997039
AX           -0.1699161765        1.1011053976       -1.3497750716
AX            1.6879924920       -0.5283894648        0.2172696265
AX           -0.7383972013        0.5422484659        1.4630656070
AX            0.1974693881        1.1155869546        1.3381004063
AX            0.7140413628        1.1218233761        0.3600300144
AX            0.2663320881        1.6656570259       -0.5013951372
AX           -1.1321679736       -1.1277125771        0.6103482658
AX            1.6783995646        0.5815188646        0.2398866282
AX           -1.0412788403       -0.6077050735       -1.2195238822
AX           -0.6727145341        1.0868812264       -0.3698206615
AX           -1.0987308718        0.5035096177       -1.2211148257
AX           -1.1851667204        1.0836587066        0.6105032400
AX            0.7442891445       -1.0915124812        0.3465424200
AX           -1.5667559022       -0.5893004122       -0.2521159295
AX            1.2347905846        1.1412856520       -0.6121796832
AX           -0.7166135273       -0.5669749075        1.4671065176
AX           -0.1835179855       -1.6721529838        0.4872684131
AX           -0.0536544061       -1.1269034448       -1.3249941257
AX            1.2527744792        0.0351165284       -0.6223697117
AX           -0.2484162386        1.6559470866        0.4817505311
AX            0.3225582605       -0.5242348902       -0.4900036464
AX            0.2905603356        0.5641029088       -0.4903474482
AX            1.1827689136       -0.5303431860        1.2009497020
AX           -0.1241883429       -0.0053655450       -1.3442880565
AX            0.2228539279        0.0078738162        1.3370130706
AX           -1.6103645092        0.5142603753       -0.2432492317
AX           -1.4922017103       -1.7016959835       -0.2803501210
AX           -0.1968260398       -0.5456247256        0.4881347386
AX            0.2417186165       -1.1022167555        1.3369726529
AX           -0.2206073933        0.5486330449        0.4812199537
AX            0.7328026204        0.0208607500        0.3571408252
AX           -0.5801933902       -1.1102065241       -0.3605708961
AX           -0.6355576612       -0.0117751285       -0.3646206455
    38
 Energy=    -170.766608021573
AX            0.8031479030        0.5968308862       -1.4696356129
AX            1.1618641746        0.5774964407        1.2159550967
AX            1.2432329964       -1.0915730653       -0.6401841406
AX            0.8459507453       -0.5077387854       -1.4904188991
AX           -1.1562782636       -0.0229710450        0.6076995699
AX           -0.1699161963        1.1011053216       -1.3497750733
AX            1.6879924700       -0.5283892118        0.2172695716
AX           -0.7383973325        0.5422482505        1.4630654928
AX            0.1974693190        1.1155866804        1.3381003642
AX            0.7140414107        1.1218233601        0.3600300203
AX            0.2663321768        1.6656570429       -0.5013951411
AX           -1.1321680676       -1.1277123312        0.6103482113
AX            1.6783995186        0.5815191026        0.2398865592
AX           -1.0412788224       -0.6077052636       -1.2195240155
AX           -0.6727144118        1.0868811542       -0.3698207118
AX           -1.0987309328        0.5035094313       -1.2211148730
AX           -1.1851666234        1.0836587323        0.6105031621
AX            0.7442892870       -1.0915124990        0.3465424735
AX           -1.5667560283       -0.5893002259       -0.2521161736
AX            1.2347905855        1.1412857113       -0.6121798848
AX           -0.7166135676       -0.5669750469        1.4671065521
AX           -0.1835180638       -1.6721528867        0.4872684349
AX           -0.0536543395       -1.1269034450       -1.3249938867
AX            1.2527743582        0.0351166560       -0.6223697536
AX           -0.2484161479        1.6559469705        0.4817505044
AX            0.3225582809       -0.5242347968       -0.4900034710
AX            0.2905603852        0.5641029395       -0.4903474397
AX            1.1827688946       -0.5303433255        1.2009497755
AX           -0.1241883713       -0.0053655858       -1.3442879443
AX            0.2228539407        0.0078736475        1.3370132861
AX           -1.6103644972        0.5142606145       -0.2432493042
AX           -1.4922016372       -1.7016958785       -0.2803498305
AX           -0.1968259623       -0.5456247604        0.4881348764
AX            0.2417186220       -1.1022169591        1.3369727547
AX           -0.2206073490        0.5486329343        0.4812199330
AX            0.7328026597        0.0208607652        0.3571409771
AX           -0.5801934367       -1.1102063938       -0.3605708090
AX           -0.6355576779       -0.0117751302       -0.3646206485
