     -170.822174218598548
     1 C1  
     560.8676527         525.2317078         512.2095203    
     507.0158472         500.0172874         497.1201838    
     491.4095328         444.6922852         437.0482660    
     423.5054026         413.0970424         404.4603792    
     392.6170597         374.5734953         368.2428989    
     363.5349738         360.5629414         357.9271921    
     355.8273396         347.4506188         341.9074972    
     322.6371569         316.0009109         314.7317861    
     302.4340213         295.2079950         294.5385672    
     291.6479666         274.5624299         263.1158668    
     259.2151413         253.9013490         251.7912836    
     247.7287755         237.0707572         228.3508520    
     226.0578533         222.4626277         219.3688488    
     217.6307394         213.4779069         209.8710667    
     207.5454396         202.3943944         196.7047359    
     194.2930924         192.4433699         186.3663590    
     182.5924501         174.9046147         172.2151760    
     170.1048677         165.7766708         156.7810166    
     155.5000111         153.0419569         148.8636547    
     142.2196953         134.8275102         133.6261358    
     130.1038852         126.0495981         124.3770279    
     116.5000313         114.7300985         111.7160559    
     110.7038833         107.8875362         106.7390288    
     104.5084113         103.5550519         101.2975878    
     98.19722711         95.11924493         91.74859595    
     90.71928136         89.62771455         88.02754259    
     87.61348916         83.86803940         82.27031882    
     81.16850991         78.80681641         78.70265929    
     75.32132036         71.85917165         70.93828441    
     69.27509065         66.39771635         65.71608603    
     63.24761552         62.97077077         60.45206667    
     58.97112820         55.24206412         50.16927991    
     48.14780451         44.97460634         35.97944600    
     30.46779713         24.31646709         23.79455710    
     21.18304829         21.06331136         14.10447372    
     13.19832738         8.428066561         5.678086807    
    0.5702923001E-07    0.1133828302E-08    0.1238867277E-13
   -0.1889132376E-15   -0.3339142375E-13   -0.5092456844E-07
        0.830545101582895        0.605912060315002       -1.460840270218575
        1.155102299070092        0.620478934067720        1.231706705401764
        0.453133873236536       -1.594291673578562       -0.537800749990370
        0.893252822073838       -0.511137566512663       -1.449040605864009
       -1.134951718676118       -0.051576007291498        0.594068066795994
       -0.142354964797611        1.122550561014690       -1.343136882608817
        1.740087177472093       -0.448994399358440        0.246297240670532
       -0.746125097645651        0.518851033099151        1.458329681945133
        0.172578747704752        1.121982784301985        1.348208992706385
        0.698252450905556        1.156856930086330        0.374059908868270
        0.247037467621914        1.695460210928996       -0.481259214952539
       -1.067934855776377       -1.159090845697360        0.584721534851922
        1.679842187554473        0.657310456931561        0.259074823482966
       -1.027480920791729       -0.582086568814373       -1.234148810321295
       -0.672618792759772        1.089041945487447       -0.369150681407346
       -1.071301705145495        0.522772637966625       -1.233124695850185
       -1.199459877494617        1.054014330458475        0.604304479669191
        0.819384235729057       -1.042588508259445        0.342872398023463
       -1.534393039027299       -0.620053445167342       -0.261322811495291
        1.222422967849608        1.188167344274751       -0.603509676956942
       -0.685723066316135       -0.590186316430438        1.449425271090417
       -0.096285645272157       -1.659049084467059        0.436963663660428
       -0.050540118863787       -1.082995557134542       -1.376766042034981
        1.282474133279305        0.080986258389058       -0.600742267213621
       -0.280949740026690        1.659193659973385        0.495279097281107
        0.362871141556868       -0.501112732094626       -0.493328230790234
        0.302424101731795        0.587279356957526       -0.483366361484228
        1.211014483892431       -0.484946681338841        1.218082388768115
       -0.093872275773352        0.016060416108034       -1.346062143016292
        0.232024071858231        0.015297370988602        1.335772566524124
       -1.596320133584127        0.483397704516141       -0.260856942727772
       -1.417295362877857       -1.731333981717814       -0.310679401176119
       -0.157682925764300       -0.542859947196882        0.471114180600838
        0.287513086281812       -1.096514528332176        1.313958982140913
       -0.218577420465494        0.551667934115628        0.481589650090331
        0.753061317228056        0.058535470820213        0.366833048641613
       -0.536864689399911       -1.098269207667518       -0.392795525163820
       -0.612289315770834       -0.008730349641743       -0.374731367741071
     -169.337159301057142
     1 C1  
     664.2746858         645.6783458         596.0355715    
     578.8223474         519.5831053         511.8920103    
     493.6914773         467.4691954         461.6645209    
     453.2402437         429.0679855         422.4758375    
     411.4350232         409.7063814         396.9033972    
     379.7429658         372.0135899         364.7603830    
     353.4569831         349.0095917         344.8741347    
     340.4708509         335.9967031         327.4017121    
     316.7742182         306.3623648         305.0007184    
     290.9560168         281.0070454         273.0429920    
     263.4273051         256.0442570         251.2633537    
     245.2396029         241.1315491         235.0029788    
     232.1850806         225.1928642         217.9756358    
     216.2638883         213.6648835         201.2593545    
     198.6722886         193.1796867         185.8742404    
     182.0000183         174.7279105         173.7789884    
     163.6563322         160.3721701         159.5153717    
     155.8859267         153.2273680         148.6512653    
     145.8636572         138.9528470         131.2018375    
     129.5550526         127.4564553         120.4294816    
     117.3054094         116.5383218         115.1589788    
     112.6761936         109.3582857         107.5190156    
     107.0166088         105.3087888         102.6341626    
     100.5715127         98.95949833         94.66487607    
     93.32183519         87.45993120         84.02115932    
     80.06923780         78.42335118         76.44463662    
     73.56041994         71.67938967         69.22262654    
     67.90116969         67.23529542         63.05352206    
     60.55736260         59.70388003         55.88045935    
     54.44530688         50.23782688         45.92031666    
     45.38924007         41.93936751         41.27183846    
     37.90178661         32.43111868         29.75183177    
     25.64205724         24.20808116         22.71637640    
     20.75811181         18.91160519         17.31265483    
     16.06631908         11.99124279         9.457324946    
     5.813215304         1.852748642        0.2421829527E-06
    0.3543151333E-08    0.8318162450E-13    0.2292399253E-13
   -0.3516711934E-13   -0.1800840917E-06    -9.153585975    
        0.915649074771966        0.380489148922003       -1.308622998877588
        1.230527641979471        0.590462888604731        1.148925877557424
        0.502651739301649       -1.514928253330036       -0.630652289042620
        0.902032724269586       -0.727186653389889       -1.392352145463271
       -1.137014651129393       -0.056645067338247        0.597814220655069
       -0.028474938015913        1.138510722704213       -1.319591645718692
        1.809999174766260       -0.272990822148386        0.481361293985216
       -0.734425497507326        0.535418122857852        1.463178036612042
        0.232340999569530        1.095217253542551        1.364486513605729
        0.677810374827885        1.195082735127313        0.369563007914772
        0.162021764159087        1.774943656522053       -0.418436445871679
       -1.022438050456699       -1.177329112068981        0.580194037351151
        1.585933527714469        0.701944058503863        0.039696863042828
       -1.078751496456402       -0.510867700216026       -1.227897469971175
       -0.685236827534524        1.109368249523234       -0.343320094872156
       -1.036021016930969        0.600926007706890       -1.238906821672829
       -1.235165354984294        1.036008895959180        0.609497658297415
        0.879025659819339       -0.990954535120055        0.295817428101374
       -1.544246771607032       -0.628776309016829       -0.239092731297423
        1.084390347482251        1.298373561645799       -0.732186411220571
       -0.684805687922072       -0.580988988275670        1.447166042352239
       -0.033033209486119       -1.641748852193597        0.337014616123651
       -0.136935388129818       -1.065241407777796       -1.424414493135219
        1.369214457817062       -0.233998408976266       -0.510809578900700
       -0.318194156261439        1.647489969558036        0.572896622810250
        0.327109203665153       -0.463429076332427       -0.512162411079719
        0.288631429326729        0.607485021722346       -0.451730947065050
        1.163327780873989       -0.528924827475074        1.291286365928790
       -0.110905406371049        0.030446445249018       -1.360815577650364
        0.232918706519802        0.007616423098572        1.328470033624019
       -1.607296242674342        0.479425101672723       -0.280100605931520
       -1.406681521208012       -1.739288223915478       -0.304762090851352
       -0.153743380507048       -0.534428081167719        0.451806943614806
        0.255769930902033       -1.129541639016471        1.261472985970871
       -0.228173816336609        0.557864309664816        0.496074097091593
        0.744994041676926        0.069486050737226        0.358487697911968
       -0.552595533723852       -1.075097608692550       -0.424981833298785
       -0.630209631800278        0.015806943229077       -0.374373750430494
     -171.020248742178666
     2 C s 
     548.2276699         526.3198493         510.6610576    
     504.4814375         499.5399022         498.8808860    
     487.4163739         440.2083281         434.0087497    
     423.8826485         407.9074388         391.5525721    
     380.7720734         372.2749542         367.4151006    
     358.4651184         353.5147721         351.5769440    
     347.6320804         339.5276342         339.3102879    
     336.0795787         327.1556885         314.6918139    
     306.6524112         303.9400705         303.1289724    
     302.8625073         295.4986648         282.4403330    
     266.8634398         261.1143803         252.0448172    
     242.8748496         242.0618169         239.4970795    
     229.3706733         227.2910967         226.7398056    
     220.9984295         211.0975206         207.8801257    
     206.6785715         206.4719796         195.2535661    
     190.7955700         188.0194193         187.0399583    
     185.8343484         184.9794319         171.0202069    
     170.6882307         157.6911916         150.5788449    
     147.9704033         145.9372830         143.4477067    
     139.6472641         137.9948012         137.5302434    
     128.4290881         125.9126466         125.8081137    
     121.2055362         118.0835857         116.8954343    
     113.1033847         111.4896277         109.3267297    
     105.9514141         101.3473165         99.71669848    
     98.18314570         95.75855751         94.65626866    
     91.58141198         89.17403506         87.85296831    
     86.37134225         84.95240494         83.03415523    
     81.47206071         79.22323808         77.70981974    
     73.32379112         71.30423494         70.25144626    
     67.66292196         66.07286802         65.13348757    
     64.37217848         60.75561719         55.09897832    
     52.99892088         48.61562512         45.84821156    
     44.21164542         43.72097956         35.72130593    
     35.66205695         27.74227903         25.37027387    
     22.74283068         21.06469030         15.90340627    
     15.40752287         8.932310547         3.758770774    
    0.1013523254E-06    0.3033583651E-13    0.1032813124E-13
   -0.5700916815E-13   -0.4825647836E-09   -0.8862751095E-07
        0.986562054949246        0.179871224464383       -1.181111904616234
        1.160415151489551        0.581772300948316        1.251426677029002
        0.428073432089506       -1.556657186354351       -0.602092952340157
        1.056007133195429       -0.920021593048428       -1.253222967134569
       -1.131312718965824       -0.057439325050100        0.596376451140330
       -0.160330482288015        1.221749686603944       -1.275496786702695
        1.852465425742328        0.110623935006408        0.529690009566181
       -0.736864619450681        0.460024083202076        1.491444380805159
        0.179233043476617        1.070655887272555        1.411300236228783
        0.702500555178076        1.162899437529521        0.436099986431231
        0.243053583249211        1.746476623049549       -0.376610466691160
       -1.075025030775600       -1.158673943282555        0.524520134602550
        1.388129243254101        0.697442899808886       -0.283225525327508
       -1.023365348585350       -0.490895893676283       -1.261570415536500
       -0.677833500277513        1.134676926623390       -0.299796133837375
       -1.083896478177971        0.611689253325418       -1.191648012977031
       -1.197140456314154        1.044401334399884        0.674595094414432
        0.819393135129032       -1.040212474316776        0.284864635070778
       -1.535641661556600       -0.573864006376684       -0.292933943318472
        0.931851563641088        1.279457439622612       -1.104118944917316
       -0.677568738676195       -0.645226694745122        1.417016766908864
       -0.107277355819892       -1.653983246923336        0.364206488106420
       -0.035664898013464       -0.967883872072158       -1.425087091534565
        1.450997742547966       -0.409787510734687       -0.356880146803298
       -0.280554529547727        1.654413219267036        0.595317467888606
        0.361591196227284       -0.447578324009938       -0.523947677276003
        0.296177073223521        0.642061008099136       -0.449337427888121
        1.219559960262292       -0.530192429915710        1.173388110562575
       -0.098987582311514        0.125785763428276       -1.344981164078015
        0.242238997649995       -0.033469222792695        1.333052052043977
       -1.599691401307377        0.525522407184355       -0.219469860463923
       -1.422968934857257       -1.681501151490378       -0.401142336576715
       -0.155009192274882       -0.543300644716069        0.442233657826487
        0.296067771301970       -1.140346550562237        1.257367864169147
       -0.215591162658225        0.550317151213422        0.515179778070104
        0.753154832372681        0.061871039916476        0.361658790499844
       -0.539659631469616       -1.048964996661848       -0.446347941258264
       -0.613088171252037        0.038287445863712       -0.370716881886547
     -170.766608021572694
     1 C1  
     562.4135267         532.9343872         514.8211305    
     511.8403584         503.8058717         495.3363846    
     488.2540960         444.4316646         434.4122917    
     422.2301398         404.5881842         399.3923141    
     390.2982215         376.6755580         370.8893701    
     365.0196947         362.7095972         358.6191695    
     351.0100015         345.9002445         341.2248098    
     333.9957320         317.2357375         308.0849610    
     305.8502715         297.3839730         294.0897508    
     287.6275818         276.9384075         261.7057535    
     259.4396860         257.1668999         252.0231659    
     242.5388832         236.3259385         232.6618280    
     228.2672989         224.4259769         218.2510193    
     216.6330591         212.1626527         208.7500369    
     206.1731612         200.6136892         196.5536842    
     191.9176751         189.4669713         184.3211523    
     180.6873724         177.3975835         174.3482875    
     169.8141007         163.6500541         157.4695632    
     156.1404376         153.4612529         152.0931095    
     141.9108496         133.8939738         133.1739771    
     130.4572978         125.9617761         124.8505182    
     116.5694594         113.7944028         112.5324292    
     110.9765302         108.9880680         107.1444860    
     104.8027795         103.8866551         100.5951529    
     97.21323262         93.83882276         91.68500467    
     90.69777050         89.70506777         88.39170526    
     87.14753221         84.58283033         81.84090452    
     79.71007124         78.99358503         77.28150812    
     74.26162639         71.31707375         69.90337894    
     68.37399955         66.42145955         64.80139320    
     63.54596197         62.80620978         62.30175097    
     57.97892617         53.20966165         50.36709067    
     49.79931036         44.13512628         36.28751945    
     29.35572651         25.72869174         24.05548581    
     21.63840701         20.42607160         14.36322825    
     13.10996903         7.874572262         5.509386880    
    0.7994753293E-07    0.3731546980E-07    0.5978321122E-13
    0.1991284524E-13    0.3396334583E-14   -0.9569619170E-07
        0.803709264840608        0.602002262410316       -1.467217499485791
        1.161295156099946        0.573386553994134        1.218441101419862
        1.243609137758304       -1.089226496847699       -0.643442091037864
        0.846628491404858       -0.502484557384399       -1.491814097363666
       -1.156532120000141       -0.025189874685833        0.607128309810525
       -0.169454411067550        1.105764499254867       -1.346019044232035
        1.687952197427264       -0.528977693881865        0.216147599098664
       -0.739066919102510        0.537099020552103        1.464625943096810
        0.196796464943704        1.110957297799394        1.342045227334295
        0.713780249781651        1.120636258529292        0.364220445317398
        0.266381240371284        1.667411820120360       -0.495501924788743
       -1.132315399800679       -1.129931383190597        0.605955014096099
        1.678241565294375        0.580844563112689        0.242610418085474
       -1.040705367393392       -0.603571242202363       -1.222063907090603
       -0.672664337074824        1.088092884955756       -0.366332151443140
       -1.098265074504133        0.507636766608900       -1.219824447349180
       -1.185529485787243        1.081420741937448        0.613758340495980
        0.744249470794436       -1.092636585053770        0.343068189583480
       -1.566592170640867       -0.588572502577268       -0.254819843097623
        1.234937357724232        1.143520884036427       -0.607696293959909
       -0.717176780318085       -0.572129525165975        1.464828528183090
       -0.183560546450917       -1.673850674230818        0.481387713873459
       -0.052985921777655       -1.122305656381012       -1.328917405118725
        1.253033206983114        0.037395561538906       -0.621715559061841
       -0.248780578913643        1.654242057130676        0.487386848638619
        0.322815913459605       -0.522500953762378       -0.491682832486948
        0.290712121219888        0.565828351853550       -0.488265106362663
        1.182314145138914       -0.534392484983130        1.199601850185784
       -0.123621092322676       -0.000714391514508       -1.344350748063133
        0.222289475044066        0.003257141651218        1.337126464127724
       -1.610311901602710        0.514946750456785       -0.242143428487290
       -1.491917494885391       -1.700856365072050       -0.286880515885431
       -0.196978574815521       -0.547333613174668        0.486156202367582
        0.241262335695702       -1.106824830237966        1.333243243065333
       -0.220863665443009        0.546939197265388        0.483026995739561
        0.732649989659548        0.019692115038078        0.357520349346052
       -0.579933192321969       -1.109004641457102       -0.364664459727017
       -0.635402749018583       -0.010571256342883       -0.364927428624197
     -170.098193405363475
     1 C1  
     596.8760338         572.0139281         537.6506712    
     518.5563193         504.5493070         492.0583860    
     487.0456919         457.4405525         430.1589327    
     423.6493351         411.8259521         405.4581209    
     392.8843093         378.5016390         375.1764409    
     366.4149227         359.6305677         354.5789100    
     348.5637905         341.9685347         334.0688034    
     324.9608545         321.7537132         316.5951891    
     309.2116536         303.5382257         297.8440431    
     290.0723420         277.8839838         263.0292702    
     257.5256101         252.8479501         245.1565733    
     238.0956810         233.9275034         230.4289051    
     224.4933259         219.6826655         216.1910098    
     212.4345212         210.8283619         208.4154998    
     196.0206341         194.3276652         192.4112884    
     187.9490824         184.4510693         182.5565657    
     177.4986551         171.0666613         169.5188568    
     166.1309401         162.8849493         159.5144868    
     155.2085791         143.6138139         140.3765427    
     134.0675377         132.2167152         130.8512004    
     129.5313528         125.1691848         123.5230192    
     115.7322123         114.7809886         112.7783543    
     111.7946654         109.2867423         108.2075647    
     107.2638002         105.1997230         103.7129124    
     98.08089144         94.93142175         91.68368266    
     90.62145093         89.04129450         87.68240339    
     86.20904248         82.20532340         79.60270430    
     78.53506859         77.16711521         76.07911107    
     75.56245787         73.16524244         68.26987720    
     66.16361930         64.90164028         64.32030399    
     62.75651054         61.36090931         57.09211015    
     56.08124966         49.52597997         47.35164349    
     45.41869937         39.94813724         30.43314717    
     25.76316552         25.27698916         22.52570003    
     21.55660923         15.01830281         13.74416378    
     10.33158916         5.671976942        0.3650672049E-06
    0.1400147937E-13   -0.1699990153E-13   -0.2375256593E-13
   -0.1310835221E-07   -0.2282854481E-06    -3.232844770    
        0.819887556384449        0.596738068942277       -1.458862577617514
        1.155593173068187        0.599988398174409        1.232918366769726
        0.857155670889596       -1.400067724637656       -0.720907367186653
        0.880101985597850       -0.520788448977066       -1.445292050673119
       -1.149894685578142       -0.036591278605541        0.603930504100643
       -0.152398945553580        1.114332467628963       -1.343277977275271
        1.706605351830361       -0.499388419054406        0.222899405180741
       -0.746217841984288        0.531467506532639        1.463229135676701
        0.181447958206930        1.119912540576932        1.348367511635061
        0.706265439537057        1.144113934610276        0.374515210232318
        0.256409513884365        1.687651618530406       -0.485400776683739
       -1.095657447309557       -1.145602249323195        0.599040716308102
        1.678689019532178        0.615737830373469        0.259184033809979
       -1.027267000173316       -0.594782529896441       -1.224425638976160
       -0.675940879155378        1.094608446064366       -0.367774402037813
       -1.081918163312481        0.514962788542182       -1.226699306028945
       -1.195827914065495        1.069956754109934        0.608990074294697
        0.774879012482826       -1.063912498615325        0.335650096760026
       -1.547203329879079       -0.605236847406014       -0.255283248705679
        1.228920835654143        1.167381645521920       -0.600062049883550
       -0.704435393699723       -0.577997514934546        1.462342142012426
       -0.133311097451795       -1.669284096982218        0.453007822596230
       -0.042920486240236       -1.108667405729140       -1.336783492606266
        1.265059369673016        0.061623497630781       -0.602717261515100
       -0.267194116066168        1.659860127475875        0.493259601981225
        0.333968515701620       -0.491301317361397       -0.482947221259638
        0.294118660459892        0.586618945813547       -0.481646884222758
        1.194204370355970       -0.508996447161519        1.205754633638548
       -0.104984431379422        0.005623519738113       -1.344798779870191
        0.224459286566931        0.012323913118029        1.342480930454636
       -1.606013607999955        0.500280648634932       -0.251791573082955
       -1.446048569981065       -1.715922725261227       -0.297874863347299
       -0.180964874879885       -0.539476493230819        0.484857239201270
        0.261496743899362       -1.100566265916999        1.321600972681573
       -0.222633629825721        0.553823828157714        0.485144965349907
        0.740094574670343        0.045685991169997        0.369445628438854
       -0.550476328860426       -1.100770910631408       -0.373366390916525
       -0.628048294599361       -0.003339297521843       -0.366707129033491
     -170.822174218598235
     1 C1  
     560.8676821         525.2317106         512.2095364    
     507.0158569         500.0172807         497.1201840    
     491.4095230         444.6922918         437.0482689    
     423.5054029         413.0970493         404.4603818    
     392.6170539         374.5734824         368.2428985    
     363.5349777         360.5629518         357.9272001    
     355.8273312         347.4506254         341.9074759    
     322.6371615         316.0009238         314.7317920    
     302.4340205         295.2080006         294.5385693    
     291.6479668         274.5624325         263.1158672    
     259.2151369         253.9013504         251.7912838    
     247.7287784         237.0707569         228.3508555    
     226.0578561         222.4626263         219.3688479    
     217.6307438         213.4779055         209.8710640    
     207.5454401         202.3943958         196.7047351    
     194.2930901         192.4433669         186.3663608    
     182.5924444         174.9046187         172.2151804    
     170.1048659         165.7766669         156.7810153    
     155.5000135         153.0419567         148.8636551    
     142.2196972         134.8275093         133.6261381    
     130.1038856         126.0495966         124.3770271    
     116.5000257         114.7300957         111.7160593    
     110.7038847         107.8875381         106.7390333    
     104.5084115         103.5550536         101.2975886    
     98.19722633         95.11924375         91.74859947    
     90.71928159         89.62771316         88.02754399    
     87.61348513         83.86803855         82.27032302    
     81.16850421         78.80681435         78.70266469    
     75.32132079         71.85917160         70.93828640    
     69.27509103         66.39771722         65.71608661    
     63.24761685         62.97077371         60.45206688    
     58.97112691         55.24206173         50.16928035    
     48.14780567         44.97460503         35.97944864    
     30.46779467         24.31646844         23.79455505    
     21.18305066         21.06331065         14.10447210    
     13.19832883         8.428066498         5.678087059    
    0.1291423140E-06    0.8900669740E-13    0.2680335782E-13
   -0.2307265219E-13   -0.2368127449E-07   -0.1810934606E-06
        0.831101872891034        0.611055504457225       -1.458379126784840
        1.154522468788621        0.616313502079429        1.234338885067809
        0.453515883287817       -1.592373023766557       -0.543136491103688
        0.893913438343643       -0.506022320207083       -1.450427876550511
       -1.135197055116342       -0.053745339845208        0.593406646132545
       -0.141898076664649        1.127189225425065       -1.339294876869726
        1.740026945755937       -0.449679080282653        0.245472436402551
       -0.746790417057557        0.513717610149250        1.459805722969236
        0.171900998243771        1.117315891619601        1.352165481274275
        0.697981983279785        1.155619433005319        0.378365136144216
        0.247075151751786        1.697143093667215       -0.475270871768289
       -1.068068326619321       -1.161214654588512        0.580246755991656
        1.679668790123305        0.656569008930608        0.262062105991149
       -1.026903813433071       -0.577900660217015       -1.236593925574762
       -0.672569236600147        1.090251352146747       -0.365654613862967
       -1.070832685570608        0.526944138343014       -1.231755832508506
       -1.199817247662218        1.051796636266649        0.607450818469238
        0.819341195766652       -1.043692926602469        0.339599516867982
       -1.534222318620119       -0.619290498108734       -0.264119445597383
        1.222561539423958        1.190370958944624       -0.598868696781840
       -0.686276559273909       -0.595276360250802        1.447079866315541
       -0.096308189718580       -1.660564061840188        0.431165536640592
       -0.049854170667894       -1.078218138929415       -1.380535619897271
        1.282719396420054        0.083192715508892       -0.599916556929352
       -0.281320188524214        1.657438655048916        0.500912886781400
        0.363127912309690       -0.499363608553924       -0.494910354851283
        0.302570631890179        0.588981560579794       -0.481198664185991
        1.210548122597926       -0.489052824445991        1.216903725139101
       -0.093306347478548        0.020720550950447       -1.346037825708328
        0.231459417384397        0.010686007813513        1.335915360254321
       -1.596257134783974        0.484146449673822       -0.259852113397658
       -1.416995549698685       -1.730381889637330       -0.317281101755170
       -0.157828636450054       -0.544506001300005        0.469161713598158
        0.287065966841847       -1.101038178649007        1.310268717853244
       -0.218834192741931        0.549973092254038        0.483408080907670
        0.752900903588684        0.057334929780642        0.367351597099552
       -0.536592031036645       -1.096951572535159       -0.396829274270042
       -0.612130440570621       -0.007489176784759       -0.375017721302631
