     -173.928426590627424
    48 O h 
     521.3140764         504.8201377         504.8201102    
     504.8200806         493.7781498         493.7781358    
     493.7781091         430.0119222         430.0119056    
     430.0119026         398.6377015         398.6376854    
     398.6376744         371.4741063         371.4740693    
     360.0151658         360.0151346         354.2363569    
     354.2363517         354.2363304         347.2563916    
     347.2563861         347.2563670         302.7328936    
     302.7328768         302.7328634         292.5873701    
     292.5873665         266.3024625         262.9760947    
     262.9760931         262.9760873         253.6101237    
     253.6101200         253.6101091         231.4208614    
     219.8109188         219.8109167         219.8109101    
     219.7250078         219.7249974         219.7249958    
     206.8905635         206.8905481         206.8905330    
     197.6707845         197.6707823         197.6707797    
     183.4473491         183.4473449         183.4473373    
     164.6153645         164.6153610         164.6153515    
     159.4766241         159.4766180         158.4684986    
     151.4436663         151.4436571         148.8767912    
     133.4519266         126.8624818         126.8624745    
     126.8624734         113.2836071         113.2835973    
     111.1579566         106.1892464         106.1892408    
     106.1892341         105.5572920         105.5572900    
     105.5572881         96.85204039         96.85203738    
     96.85203190         88.86074174         88.86073289    
     88.86072322         86.15968438         86.15967911    
     86.15967482         82.34400792         82.34400430    
     82.34399660         74.59447422         74.59446509    
     72.47984052         72.47983846         72.47983682    
     69.02119106         62.93539781         62.93539477    
     62.93538968         62.84105510         62.84104540    
     62.84103751         52.44717277         52.44716545    
     52.44716150         44.80210280         44.80209405    
     23.24048599         23.24047799         14.23045283    
     14.23045143         14.23044941         10.00502314    
    0.1415853444E-06    0.8592843736E-08    0.1582580818E-13
   -0.7927120989E-14   -0.5794998441E-13   -0.2205662089E-06
        0.651153833908955        0.322637531378061       -1.591459829561300
        1.115056816096132       -0.840557490501773        1.054017137029863
       -0.021868585354874       -1.699525541943648        0.414699285378789
        1.196419542671177       -0.944317306976298       -0.858886422902979
       -1.600466119549681       -0.706018505277642       -0.029777596795256
       -0.085823294683430        1.114999250731031       -1.345455981791441
        1.412328148036812        0.227583245495141        1.007162216132200
       -1.492249434776644       -0.118644053854150        0.905514163893904
       -0.355324003177310        0.740323981392014        1.544832017604463
        0.867062526910960        1.494538190258434        0.274588732044365
        0.021868747223919        1.699525563422246       -0.414699260786357
       -0.867062453978453       -1.494538214861782       -0.274588609293535
        0.678924504913701        1.016102949162993        1.251973229339301
       -0.678924576666828       -1.016103035299624       -1.251973167680863
       -1.007364849227030        1.425083759850402       -0.123260553577072
       -1.115056877686027        0.840557392789688       -1.054017226577936
       -1.196419553861740        0.944317464517161        0.858886259125017
        1.007364955399095       -1.425083726087872        0.123260352898147
       -1.412328209447596       -0.227583344213131       -1.007162148514054
        1.600466152094995        0.706018504993471        0.029777723418988
       -0.651153869693330       -0.322637529250184        1.591459875220239
        0.085823260683352       -1.114999267256502        1.345456033122516
        0.355323878906127       -0.740323975125701       -1.544832081451123
        1.492249477262798        0.118644189450387       -0.905514130387973
       -0.164541981355475        1.215058112556583        0.563104822366807
        0.164542005906959       -1.215058101578874       -0.563104868147890
        0.754770954315995        0.905723533449276       -0.656134881809181
        1.298717956420521       -0.358167332443944        0.074666902220883
       -0.379405042784620        0.048832747033195       -1.293906687359650
        0.379404982544149       -0.048832796827775        1.293906702332529
       -1.298717953861435        0.358167355524359       -0.074666939157788
       -0.754770923730809       -0.905723528416283        0.656134947741355
       -0.457845010019291        0.154057768013934        0.607217423348236
        0.270901690380414       -0.629455011831150        0.363960903035924
        0.564853134214244        0.426756901827925        0.317629195228008
        0.457844997815366       -0.154057754191684       -0.607217438493880
       -0.564853140415574       -0.426756925021516       -0.317629173464597
       -0.270901685435528        0.629454999313238       -0.363960922728654
     -170.920653505853863
     1 C1  
     612.0181958         570.9637726         547.0340793    
     522.9289849         512.4377686         507.4456741    
     491.2203941         470.9133228         455.8813085    
     438.3857984         425.1932274         406.8291718    
     394.3799364         389.9731161         382.8805782    
     364.8141526         363.4381019         358.3883773    
     351.4147190         343.4661635         333.5775039    
     325.0362900         319.3680869         315.8608603    
     306.2890325         300.0824608         289.6234382    
     288.2888037         263.4592066         258.8715218    
     252.2437989         249.9771007         242.4926664    
     234.1319495         227.6303329         226.2839097    
     223.4126195         219.0895643         214.2037637    
     212.0152427         210.0898794         204.8594040    
     198.0721886         193.9096181         191.8607266    
     189.4643206         180.4484943         179.7952907    
     174.7058404         170.4870515         166.3159184    
     163.6212207         160.8946468         155.2043672    
     153.3172763         150.8934989         144.2978291    
     141.5999105         133.7619778         130.1112598    
     128.9937461         125.0514085         124.1459828    
     121.8227572         114.6594530         111.7842826    
     109.2859079         108.7946305         108.1732473    
     105.6035754         105.0053777         103.6551613    
     98.93606569         95.28415574         93.77805872    
     92.27709182         87.21522078         87.07315299    
     82.91118623         81.91249473         80.86414110    
     78.52309451         77.27147473         74.95443461    
     72.63593207         70.14647768         68.95475280    
     67.73179454         66.39328130         64.12586154    
     61.96484402         60.68392644         56.04775021    
     55.58169859         51.92202347         48.18068371    
     47.24102821         41.69987526         38.26049810    
     36.10769777         30.28303742         24.40278150    
     21.14524037         14.44202724         14.32323195    
     11.97350120         11.20747766        0.2766417926E-06
    0.1969468962E-13   -0.1041925639E-13   -0.2608868005E-13
   -0.4370264373E-07   -0.2143551841E-06    -4.143561304    
        0.654880841267851        0.362198716272510       -1.554098052692837
        1.087122075200229       -0.823073065003388        1.084101040901542
       -0.038478886752879       -1.734695730396837        0.387917595534659
        1.204179846742777       -0.942007135707813       -0.825955673576370
       -1.612355097909013       -0.731091082759999       -0.067391400816200
       -0.079157538063970        1.168759109950652       -1.239518679546534
        1.332138303430515        0.273553549517939        1.067083569362103
       -1.538633565818436       -0.180278063772473        0.892214724943835
       -0.459801461898140        0.650969648299530        1.614371650522243
        1.233415293903479        1.763990265410286       -0.193035156420802
        0.108929449599831        1.659888701152627       -0.227573950216184
       -0.870042035152429       -1.512127380041943       -0.320005468613468
        0.891310911743791        1.308843789339242        0.751207045003579
       -0.658670100582453       -0.991687360145725       -1.273604605712764
       -0.977593641251043        1.414092634245587       -0.066187200422621
       -1.115613221975197        0.858652313726111       -1.018527913390534
       -1.252011926336609        0.891136428233887        0.880629734423221
        0.997682569884365       -1.424278268068773        0.151835802264049
       -1.404329265819898       -0.215018310169761       -1.022387989361861
        1.574509475798360        0.719197974271644        0.089036375991726
       -0.711919286387557       -0.418507269410147        1.591081916899688
        0.062883047956443       -1.162706437790320        1.331271944895593
        0.379672136221154       -0.710566918058109       -1.535986165991291
        1.495092357125953        0.121681284147264       -0.861713301018470
       -0.194861892110630        1.141746203314173        0.674278255073587
        0.167573029222317       -1.225618707732716       -0.570416345999519
        0.749762237382775        0.874371424563420       -0.595748032914193
        1.287108928137806       -0.351950576103371        0.115191848012694
       -0.368896146338362        0.080797503457908       -1.274338481823464
        0.315452287040829       -0.073750866877851        1.322614143498020
       -1.321871819150856        0.339780013472161       -0.068677541562701
       -0.785826159213158       -0.960600870383698        0.634094744727727
       -0.508401576044019        0.100361295386661        0.629076721141587
        0.244070266869690       -0.658827303924975        0.373842109424177
        0.522649376729514        0.384225502381144        0.348720066189686
        0.451756471280238       -0.168045382031230       -0.586354837343816
       -0.575106900200153       -0.441801415468544       -0.319745062934631
       -0.286618384533117        0.612385786904921       -0.317303427451455
     -170.940862382369744
     1 C1  
     626.6210873         585.8556369         564.3834724    
     527.5667199         519.9287425         509.1676060    
     493.1218559         475.9922743         460.3032779    
     443.7331013         427.2629112         407.2500166    
     399.5141947         390.4841155         384.3877983    
     366.4213064         364.1702943         355.0213558    
     352.5019333         341.5571691         336.9254765    
     325.5585268         320.3649819         314.9964284    
     307.0456917         297.4855937         289.4968923    
     286.5590934         264.2369189         258.6674617    
     251.3666376         247.0646827         243.5447471    
     237.1090241         231.1216574         226.3006907    
     221.2735250         218.1764107         215.5475666    
     213.1765543         208.6721363         205.4450832    
     197.5779074         195.9253091         192.7886490    
     186.3726635         180.4091483         177.8019648    
     170.1626359         168.4852236         165.0723602    
     163.6563062         161.2838685         154.6790510    
     152.5456466         149.3885597         147.2298432    
     140.4382153         132.4389777         130.5543672    
     129.8066599         125.7148998         124.0893615    
     121.1614928         112.8708128         109.5798046    
     109.2672746         108.4573763         106.0726272    
     105.2600736         104.1645201         103.0726252    
     95.94100854         94.42928193         92.43266129    
     89.25394899         87.51147106         84.30267672    
     81.76664726         79.77985052         77.93009464    
     76.99314132         75.67482699         73.01374475    
     71.14329665         69.01932237         67.42733366    
     65.87353322         64.18380992         62.40270579    
     59.95577028         59.31557697         55.30398752    
     51.38377342         49.60718257         45.10883298    
     44.20095394         42.87989674         36.40762714    
     29.57740702         26.10594476         23.87097649    
     21.09323822         14.09771623         13.53630131    
     11.34134726         9.248179787         4.751308150    
    0.1434440367E-06    0.2364678603E-07    0.3642991938E-13
   -0.2349363160E-13   -0.4914161310E-13   -0.2698261796E-06
        0.654986286252614        0.370425356506185       -1.548420773374424
        1.086438674918276       -0.812983851147690        1.088138805445499
       -0.040301451871357       -1.739280014241943        0.383903342752435
        1.204925421847760       -0.944270673554921       -0.820663046021629
       -1.612936497351684       -0.731535824275506       -0.070995850002063
       -0.074490573874368        1.179222874913790       -1.219737910688333
        1.323721951388231        0.289928382759224        1.070738526384295
       -1.542856818539209       -0.187137565732736        0.892494580884977
       -0.483819614295324        0.633615501716539        1.625623203150038
        1.271083253424047        1.766174550382647       -0.269999030996084
        0.130862425768519        1.654201485179437       -0.197587222911587
       -0.870660984218179       -1.512596818159533       -0.326262884209239
        0.875603081865975        1.343192471235623        0.665074307703859
       -0.655066156522644       -0.985290337320976       -1.275603105654748
       -0.967679346657963        1.417140909053284       -0.057457275661990
       -1.112493828339082        0.864555402022096       -1.011380093138019
       -1.261897027112059        0.886790241863651        0.882096647353247
        0.996835916169081       -1.422375592566535        0.158751248584769
       -1.402136705687794       -0.209974093110719       -1.023009954537541
        1.585432995819440        0.717124603032419        0.086338981115001
       -0.718397747819832       -0.437202810137801        1.592049437242518
        0.064901226394697       -1.169901295844964        1.328821342500755
        0.384025949242291       -0.704242718645127       -1.533723559149700
        1.495662774304815        0.118203494151068       -0.862215517354073
       -0.201865731889813        1.131219854321760        0.693610917077590
        0.168006964544655       -1.226231545586121       -0.570418814272214
        0.751856928871702        0.866846189132140       -0.583613396067135
        1.286593894474988       -0.349278527705453        0.118245418700789
       -0.366276208511358        0.087935481853131       -1.268937006855868
        0.306971617418906       -0.076293349483197        1.330113552477463
       -1.322760827436583        0.339812361067870       -0.066828202539880
       -0.788739562942099       -0.968206249796260        0.631397616925988
       -0.514600169912227        0.093069550368974        0.634056662314877
        0.241140805788462       -0.661603991554970        0.376335662727263
        0.518222787604233        0.379392159077301        0.357321638200693
        0.451541763132126       -0.169949513796622       -0.581874603120875
       -0.575702440022761       -0.442164118835363       -0.318601455062959
       -0.286133026226483        0.611668023059298       -0.307782188923696
