         1    -38.74734683    
         2    -38.74734683    
         3    -38.74734683    
         4    -38.74734683    
         5    -38.74734683    
         6    -38.74734757    
         7    -38.74734757    
         8    -38.74734757    
         9    -38.74734757    
        10    -38.74734757    
        11    -38.74734757    
        12    -38.74734757    
        13    -38.74734757    
        14    -38.74734757    
        15    -38.74734757    
        16    -38.74734837    
        17    -39.54147598    
        18    -39.54147598    
        19    -39.54147598    
        20    -39.54147598    
        21    -39.54147598    
        22    -39.54147598    
        23    -39.54147598    
        24    -39.54147598    
        25    -39.54147598    
        26    -39.54147598    
        27    -39.54147598    
        28    -39.54147598    
        29    -39.54147598    
        30    -39.54147598    
        31    -39.54147598    
        32    -39.54147598    
        33    -39.54147598    
        34    -39.54147598    
        35    -39.54147598    
        36    -39.54147598    
        37    -39.54147598    
        38    -39.54147598    
        39    -39.54147598    
        40    -39.54147598    
        41    -39.54147598    
        42    -39.54147598    
        43    -39.54147598    
        44    -39.54147598    
        45    -39.54147598    
        46    -39.54147598    
        47    -39.54147598    
        48    -39.54147598    
        49    -39.54147598    
        50    -39.54147598    
        51    -39.54147598    
        52    -39.54147598    
        53    -39.54147598    
        54    -39.54147598    
        55    -39.54147598    
        56    -39.54147598    
        57    -39.54147598    
        58    -39.54147598    
        59    -39.54147598    
        60    -39.54147598    
        61    -39.54147598    
        62    -39.54147598    
        63    -39.54147598    
        64    -39.54147598    
        65    -39.54147598    
        66    -39.54147598    
        67    -39.54147598    
        68    -39.54147598    
        69    -39.54147598    
        70    -39.54147598    
        71    -39.54147598    
        72    -39.54147598    
        73    -39.54147598    
        74    -39.54147598    
        75    -39.54147598    
        76    -39.54147598    
        77    -39.54147598    
        78    -39.54147598    
        79    -39.54147598    
        80    -39.54147598    
        81    -39.54147598    
        82    -39.54147598    
        83    -39.54147598    
        84    -39.54147598    
        85    -39.54147598    
        86    -39.54147598    
        87    -39.54147598    
        88    -39.54147598    
        89    -39.54147598    
        90    -39.54147598    
        91    -39.54147598    
        92    -39.54147598    
        93    -39.54147598    
        94    -39.54147598    
        95    -39.54147598    
        96    -39.54147598    
        97    -39.54147598    
        98    -39.54147598    
        99    -39.54147598    
       100    -39.54147598    
       101    -39.54147598    
       102    -39.54147598    
       103    -39.54147598    
       104    -39.54147598    
       105    -39.54147598    
       106    -39.54147598    
       107    -39.54147598    
       108    -39.54147598    
       109    -39.54147598    
       110    -39.54147598    
       111    -39.54147598    
       112    -39.54147598    
       113    -39.54147598    
       114    -39.54147598    
       115    -39.54147598    
       116    -39.54147598    
       117    -39.54147598    
       118    -39.54147598    
       119    -39.54147598    
       120    -39.54147598    
       121    -39.54147598    
       122    -39.54147598    
       123    -39.54147598    
       124    -39.54147598    
       125    -39.54147598    
       126    -39.54147598    
       127    -39.54147598    
       128    -39.54147598    
       129    -39.54147598    
       130    -39.54147598    
       131    -39.54147598    
       132    -39.54147598    
       133    -39.54147598    
       134    -39.54147598    
       135    -39.54147598    
       136    -39.54147598    
       137    -39.54147598    
       138    -39.54147598    
       139    -39.54147598    
       140    -39.54147598    
       141    -39.54147598    
       142    -39.54147598    
       143    -39.54147598    
       144    -39.54147598    
       145    -39.54147598    
       146    -39.54147598    
       147    -39.54147598    
       148    -39.54147598    
       149    -39.54147598    
       150    -39.54147598    
       151    -39.54147598    
       152    -39.54147598    
       153    -39.54147598    
       154    -39.54147598    
       155    -39.54147598    
       156    -39.54147598    
       157    -39.54147598    
       158    -39.54147598    
       159    -39.54147598    
       160    -39.54147598    
       161    -39.54147598    
       162    -39.54147598    
       163    -39.54147598    
       164    -39.54147598    
       165    -39.54147598    
       166    -39.54147598    
       167    -39.54147598    
       168    -39.54147598    
       169    -39.54147598    
       170    -39.54147598    
       171    -39.54147598    
       172    -39.54147598    
       173    -39.54147598    
       174    -39.54147598    
       175    -39.54147598    
       176    -39.54147598    
       177    -39.54147598    
       178    -39.54147598    
       179    -39.54147598    
       180    -39.54147598    
       181    -39.54147598    
       182    -39.54147598    
       183    -39.54147598    
       184    -39.54147598    
       185    -39.54147598    
       186    -39.54147598    
       187    -39.54147598    
       188    -39.54147598    
       189    -39.54147598    
       190    -39.54147598    
       191    -39.54147598    
       192    -39.54147598    
       193    -39.54147598    
       194    -39.54147598    
       195    -39.54147598    
       196    -39.54147598    
       197    -39.54147598    
       198    -39.54147598    
       199    -39.54147598    
       200    -39.54147598    
       201    -39.54147598    
       202    -39.54147598    
       203    -39.54147598    
       204    -39.54147598    
       205    -39.54147598    
       206    -39.54147598    
       207    -39.54147598    
       208    -39.54147598    
       209    -39.54147598    
       210    -39.54147598    
       211    -39.54147598    
       212    -39.54147598    
       213    -39.54147598    
       214    -39.54147598    
       215    -39.54147598    
       216    -39.54147598    
       217    -39.54147598    
       218    -39.54147598    
       219    -39.54147598    
       220    -39.54147598    
       221    -39.54147598    
       222    -39.54147598    
       223    -39.54147598    
       224    -39.54147598    
       225    -39.54147598    
       226    -39.54147598    
       227    -39.54147598    
       228    -39.54147598    
       229    -39.54147598    
       230    -39.54147598    
       231    -39.54147598    
       232    -39.54147598    
       233    -39.54147598    
       234    -39.54147598    
       235    -39.54147598    
       236    -39.54147598    
       237    -39.54147598    
       238    -39.54147598    
       239    -39.54147598    
       240    -39.54147598    
       241    -39.54147598    
       242    -39.54147598    
       243    -39.54147598    
       244    -39.54147598    
       245    -39.54147598    
       246    -39.54147598    
       247    -39.54147598    
       248    -39.54147598    
       249    -39.54147598    
       250    -39.54147598    
       251    -39.54147598    
       252    -39.54147598    
       253    -39.54147598    
       254    -39.54147598    
       255    -39.54147598    
       256    -39.54147598    
       257    -39.54147598    
       258    -39.54147598    
       259    -39.54147598    
       260    -39.54147598    
       261    -39.54147598    
       262    -39.54147598    
       263    -39.54147598    
       264    -39.54147598    
       265    -39.54147598    
       266    -39.54147598    
       267    -39.54147598    
       268    -39.54147598    
       269    -39.54147598    
       270    -39.54147598    
       271    -39.54147598    
       272    -39.54147598    
       273    -39.54147598    
       274    -39.54147598    
       275    -39.54147598    
       276    -39.54147598    
       277    -39.54147598    
       278    -39.54147598    
       279    -39.54147598    
       280    -39.54147598    
       281    -39.54147598    
       282    -39.54147598    
       283    -39.54147598    
       284    -39.54147598    
       285    -39.54147598    
       286    -39.54147598    
       287    -39.54147598    
       288    -39.54147598    
       289    -39.54147598    
       290    -39.54147598    
       291    -39.54147598    
       292    -39.54147598    
       293    -39.54147598    
       294    -39.54147598    
       295    -39.54147598    
       296    -39.54147598    
       297    -39.54147598    
       298    -39.54147598    
       299    -39.54147598    
       300    -39.54147598    
       301    -39.54147598    
       302    -39.54147598    
       303    -39.54147598    
       304    -39.54147598    
       305    -39.54147598    
       306    -39.54147598    
       307    -39.54147598    
       308    -39.54147598    
       309    -39.54147598    
       310    -39.54147598    
       311    -39.54147598    
       312    -39.54147598    
       313    -39.54147598    
       314    -39.54147598    
       315    -39.54147598    
       316    -39.54147598    
       317    -39.54147598    
       318    -39.54147598    
       319    -39.54147598    
       320    -39.54147598    
       321    -39.54147598    
       322    -39.54147598    
       323    -39.54147598    
       324    -39.54147598    
       325    -39.54147598    
       326    -39.54147598    
       327    -39.54147598    
       328    -39.54147598    
       329    -39.54147598    
       330    -39.54147598    
       331    -39.54147598    
       332    -39.54147598    
       333    -39.54147598    
       334    -39.54147598    
       335    -39.54147598    
       336    -39.54147598    
       337    -39.54147598    
       338    -39.54147598    
       339    -39.54147598    
       340    -39.54147598    
       341    -39.54147598    
       342    -39.54147598    
       343    -39.54147598    
       344    -39.54147598    
       345    -39.54147598    
       346    -39.54147598    
       347    -39.54147598    
       348    -39.54147598    
       349    -39.54147598    
       350    -39.54147598    
       351    -39.54147598    
       352    -39.54147598    
       353    -39.54147598    
       354    -39.54147598    
       355    -39.54147598    
       356    -39.54147598    
       357    -39.54147598    
       358    -39.54147598    
       359    -39.54147598    
       360    -39.54147598    
       361    -39.54147598    
       362    -39.54147598    
       363    -39.54147598    
       364    -39.54147598    
       365    -39.54147598    
       366    -39.54147598    
       367    -39.54147598    
       368    -39.54147598    
       369    -39.54147598    
       370    -39.54147598    
       371    -39.54147598    
       372    -39.54147598    
       373    -39.54147598    
       374    -39.54147598    
       375    -39.54147598    
       376    -39.54147598    
       377    -39.54147598    
       378    -39.54147598    
       379    -39.54147598    
       380    -39.54147598    
       381    -39.54147598    
       382    -39.54147598    
       383    -39.54147598    
       384    -39.54147598    
       385    -39.54147598    
       386    -39.54147598    
       387    -39.54147598    
       388    -39.54147598    
       389    -39.54147598    
       390    -39.54147598    
       391    -39.54147598    
       392    -39.54147598    
       393    -39.54147598    
       394    -39.54147598    
       395    -39.54147598    
       396    -39.54147598    
       397    -39.54147598    
       398    -39.54147598    
       399    -39.54147598    
       400    -39.54147598    
       401    -39.54147598    
       402    -39.54147598    
       403    -39.54147598    
       404    -39.54147598    
       405    -39.54147598    
       406    -39.54147598    
       407    -39.54147598    
       408    -39.54147598    
       409    -39.54147598    
       410    -39.54147598    
       411    -39.54147598    
       412    -39.54147598    
       413    -39.54147598    
       414    -39.54147598    
       415    -39.54147598    
       416    -39.54147598    
       417    -39.54147598    
       418    -39.54147598    
       419    -39.54147598    
       420    -39.54147598    
       421    -39.54147598    
       422    -39.54147598    
       423    -39.54147598    
       424    -39.54147598    
       425    -39.54147598    
       426    -39.54147598    
       427    -39.54147598    
       428    -39.54147598    
       429    -39.54147598    
       430    -39.54147598    
       431    -39.54147598    
       432    -39.54147598    
       433    -39.54147598    
       434    -39.54147598    
       435    -39.54147598    
       436    -39.54147598    
       437    -39.54147598    
       438    -39.54147598    
       439    -39.54147598    
       440    -39.54147598    
       441    -39.54147598    
       442    -39.54147598    
       443    -39.54147598    
       444    -39.54147598    
       445    -39.54147598    
       446    -39.54147598    
       447    -39.54147598    
       448    -39.54147598    
       449    -39.54147598    
       450    -39.54147598    
       451    -39.54147598    
       452    -39.54147598    
       453    -39.54147598    
       454    -39.54147598    
       455    -39.54147598    
       456    -39.55711204    
       457    -39.55711204    
       458    -39.55711204    
       459    -39.55711204    
       460    -39.55711204    
       461    -39.55711204    
       462    -39.55711204    
       463    -39.55711204    
       464    -39.55711204    
       465    -39.55711204    
       466    -39.55711204    
       467    -39.55711204    
       468    -39.55711204    
       469    -39.55711204    
       470    -39.55711204    
       471    -39.55711204    
       472    -39.55711204    
       473    -39.55711204    
       474    -39.55711204    
       475    -39.55711204    
       476    -39.55711204    
       477    -39.55711204    
       478    -39.55711204    
       479    -39.55711204    
       480    -39.55711204    
       481    -39.55711204    
       482    -39.55711204    
       483    -39.55711204    
       484    -39.55711204    
       485    -39.55711204    
       486    -39.55711204    
       487    -39.55711204    
       488    -39.55711204    
       489    -39.55711204    
       490    -39.55711204    
       491    -39.55711204    
       492    -39.55711204    
       493    -39.55711204    
       494    -39.55711204    
       495    -39.55711204    
       496    -39.55711204    
       497    -39.55711204    
       498    -39.55711204    
       499    -39.55711204    
       500    -39.55711204    
       501    -39.55711204    
       502    -39.55711204    
       503    -39.55711227    
       504    -39.55711227    
       505    -39.55711227    
       506    -39.55711227    
       507    -39.55711227    
       508    -39.55711227    
       509    -39.55711227    
       510    -39.55711227    
       511    -39.55711227    
       512    -39.55711227    
       513    -39.55711227    
       514    -39.55711227    
       515    -39.55711227    
       516    -39.55711227    
       517    -39.55711227    
       518    -39.55711227    
       519    -39.79992456    
       520    -39.79992456    
       521    -39.79992492    
       522    -39.79992492    
       523    -39.79992492    
       524    -39.79992492    
       525    -39.79992492    
       526    -39.79992492    
       527    -39.79992492    
       528    -39.79992492    
       529    -39.79992492    
       530    -39.79992492    
       531    -39.79992492    
       532    -39.79992496    
       533    -39.79992496    
       534    -39.79992496    
       535    -39.79992496    
       536    -39.79992496    
       537    -39.79992496    
       538    -39.79992496    
       539    -39.79992496    
       540    -39.79992496    
       541    -39.79992496    
       542    -39.79992496    
       543    -39.79992496    
       544    -39.79992496    
       545    -39.79992496    
       546    -39.79992496    
       547    -39.79992496    
       548    -39.79992496    
       549    -39.79992496    
       550    -39.79992496    
       551    -39.79992496    
       552    -39.79992496    
       553    -39.79992496    
       554    -39.79992496    
       555    -39.79992496    
       556    -39.79992496    
       557    -39.79992496    
       558    -39.79992496    
       559    -39.79992496    
       560    -39.79992496    
       561    -39.79992496    
       562    -39.79992496    
       563    -39.79992496    
       564    -39.79992496    
       565    -39.79992496    
       566    -39.79992496    
       567    -39.79992496    
       568    -39.79992496    
       569    -39.79992496    
       570    -39.79992496    
       571    -39.79992496    
       572    -39.79992496    
       573    -39.79992496    
       574    -39.79992496    
       575    -39.79992496    
       576    -39.79992496    
       577    -39.79992496    
       578    -39.79992496    
       579    -39.79992496    
       580    -39.79992496    
       581    -39.79992496    
       582    -39.79992496    
       583    -39.79992496    
       584    -39.79992496    
       585    -39.79992496    
       586    -39.79992496    
       587    -39.79992496    
       588    -39.79992496    
       589    -39.79992496    
       590    -39.79992496    
       591    -39.79992496    
       592    -39.79992496    
       593    -39.79992496    
       594    -39.79992496    
       595    -39.79992496    
       596    -39.79992496    
       597    -39.79992496    
       598    -39.79992496    
       599    -39.79992496    
       600    -39.79992496    
       601    -39.79992496    
       602    -39.79992496    
       603    -39.79992496    
       604    -39.79992496    
       605    -39.79992496    
       606    -39.79992496    
       607    -39.79992496    
       608    -39.79992496    
       609    -39.79992496    
       610    -39.79992496    
       611    -39.79992496    
       612    -39.79992496    
       613    -39.79992496    
       614    -39.79992496    
       615    -39.79992496    
       616    -39.79992496    
       617    -39.79992496    
       618    -39.79992496    
       619    -39.79992496    
       620    -39.79992496    
       621    -39.79992496    
       622    -39.79992496    
       623    -39.79992496    
       624    -39.79992496    
       625    -39.79992496    
       626    -39.79992496    
       627    -39.79992496    
       628    -39.79992496    
       629    -39.79992496    
       630    -39.79992496    
       631    -39.79992496    
       632    -39.79992496    
       633    -39.79992496    
       634    -39.79992496    
       635    -39.79992496    
       636    -39.79992496    
       637    -39.79992496    
       638    -39.79992496    
       639    -39.79992496    
       640    -39.79992496    
       641    -39.79992496    
       642    -39.79992496    
       643    -39.79992496    
       644    -39.79992496    
       645    -39.79992496    
       646    -39.79992496    
       647    -39.79992496    
       648    -39.79992496    
       649    -39.79992496    
       650    -39.79992496    
       651    -39.79992496    
       652    -39.79992496    
       653    -39.79992496    
       654    -39.79992496    
       655    -39.79992496    
       656    -39.79992496    
       657    -39.79992496    
       658    -39.79992496    
       659    -39.79992496    
       660    -39.79992496    
       661    -39.79992496    
       662    -39.79992496    
       663    -39.79992496    
       664    -39.79992496    
       665    -39.79992496    
       666    -39.79992496    
       667    -39.79992496    
       668    -39.79992496    
       669    -39.79992496    
       670    -39.79992496    
       671    -39.79992496    
       672    -39.79992496    
       673    -39.79992496    
       674    -39.79992496    
       675    -39.79992496    
       676    -39.79992496    
       677    -39.79992496    
       678    -39.79992496    
       679    -39.79992496    
       680    -39.79992496    
       681    -39.79992496    
       682    -39.79992496    
       683    -39.79992496    
       684    -39.79992496    
       685    -39.79992496    
       686    -39.79992496    
       687    -39.79992496    
       688    -39.79992496    
       689    -39.79992496    
       690    -39.79992496    
       691    -39.79992496    
       692    -39.79992496    
       693    -39.79992496    
       694    -39.79992496    
       695    -39.79992496    
       696    -39.79992496    
       697    -39.79992496    
       698    -39.79992496    
       699    -39.79992496    
       700    -39.79992496    
       701    -39.79992496    
       702    -39.79992496    
       703    -39.79992496    
       704    -39.79992496    
       705    -39.79992496    
       706    -39.79992496    
       707    -39.79992496    
       708    -39.79992496    
       709    -39.79992496    
       710    -39.79992496    
       711    -39.79992496    
       712    -39.79992496    
       713    -39.79992496    
       714    -39.79992496    
       715    -39.79992496    
       716    -39.79992496    
       717    -39.79992496    
       718    -39.79992496    
       719    -39.79992496    
       720    -39.79992496    
       721    -39.79992496    
       722    -39.79992496    
       723    -39.79992496    
       724    -39.79992496    
       725    -39.79992496    
       726    -39.79992496    
       727    -39.79992496    
       728    -39.79992496    
       729    -39.79992496    
       730    -39.79992496    
       731    -39.79992496    
       732    -39.79992496    
       733    -39.79992496    
       734    -39.79992496    
       735    -39.79992496    
       736    -39.79992496    
       737    -39.79992496    
       738    -39.79992496    
       739    -39.79992496    
       740    -39.79992496    
       741    -39.79992496    
       742    -39.79992496    
       743    -39.79992496    
       744    -39.79992496    
       745    -39.79992496    
       746    -39.79992496    
       747    -39.79992496    
       748    -39.79992496    
       749    -39.79992496    
       750    -39.79992496    
       751    -39.79992496    
       752    -39.79992496    
       753    -39.79992496    
       754    -39.79992496    
       755    -39.79992496    
       756    -39.79992496    
       757    -39.79992496    
       758    -39.79992496    
       759    -39.79992496    
       760    -39.79992496    
       761    -39.79992496    
       762    -39.79992496    
       763    -39.79992496    
       764    -39.79992496    
       765    -39.79992496    
       766    -39.79992496    
       767    -39.79992496    
       768    -39.79992496    
       769    -39.79992496    
       770    -39.79992496    
       771    -39.79992496    
       772    -39.79992496    
       773    -39.79992496    
       774    -39.79992496    
       775    -39.79992496    
       776    -39.79992496    
       777    -39.79992496    
       778    -39.79992496    
       779    -39.79992496    
       780    -39.79992496    
       781    -39.79992496    
       782    -39.79992496    
       783    -39.79992496    
       784    -39.79992496    
       785    -39.79992496    
       786    -39.79992496    
       787    -39.79992496    
       788    -39.79992496    
       789    -39.79992496    
       790    -39.79992496    
       791    -39.79992496    
       792    -39.79992496    
       793    -39.79992496    
       794    -39.79992496    
       795    -39.79992496    
       796    -39.79992496    
       797    -39.79992496    
       798    -39.79992496    
       799    -39.79992496    
       800    -39.79992496    
       801    -39.79992496    
       802    -39.79992496    
       803    -39.79992496    
       804    -39.79992496    
       805    -39.79992496    
       806    -39.79992496    
       807    -39.79992496    
       808    -39.79992496    
       809    -39.79992496    
       810    -39.79992496    
       811    -39.79992496    
       812    -39.79992496    
       813    -39.79992496    
       814    -39.79992496    
       815    -39.79992496    
       816    -39.79992496    
       817    -39.79992496    
       818    -39.79992496    
       819    -39.79992496    
       820    -39.79992496    
       821    -39.79992496    
       822    -39.79992496    
       823    -39.79992496    
       824    -39.79992496    
       825    -39.79992496    
       826    -39.79992496    
       827    -39.79992496    
       828    -39.79992496    
       829    -39.79992496    
       830    -39.79992496    
       831    -39.79992496    
       832    -39.79992496    
       833    -39.79992496    
       834    -39.79992496    
       835    -39.79992496    
       836    -39.79992496    
       837    -39.79992496    
       838    -39.79992496    
       839    -39.79992496    
       840    -39.79992496    
       841    -39.79992496    
       842    -39.79992496    
       843    -39.79992496    
       844    -39.79992496    
       845    -39.79992496    
       846    -39.79992496    
       847    -39.79992496    
       848    -39.79992496    
       849    -39.79992496    
       850    -39.79992496    
       851    -39.79992496    
       852    -39.79992496    
       853    -39.79992496    
       854    -39.79992496    
       855    -39.79992496    
       856    -39.79992496    
       857    -39.79992496    
       858    -39.79992496    
       859    -39.79992533    
       860    -39.79992533    
       861    -39.79992533    
       862    -39.79992533    
       863    -39.79992533    
       864    -39.79992533    
       865    -39.79992533    
       866    -39.79992533    
       867    -39.79992533    
       868    -39.79992533    
       869    -39.79992533    
       870    -39.79992533    
       871    -39.79992533    
       872    -39.79992533    
       873    -39.79992533    
       874    -39.79992533    
       875    -39.79992533    
       876    -39.79992533    
       877    -39.79992533    
       878    -39.79992533    
       879    -39.79992533    
       880    -39.79992533    
       881    -39.79992533    
       882    -39.79992533    
       883    -39.79992533    
       884    -39.79992533    
       885    -39.79992533    
       886    -39.79992533    
       887    -39.79992533    
       888    -39.79992533    
       889    -39.79992533    
       890    -39.79992533    
       891    -39.79992533    
       892    -39.79992533    
       893    -39.79992533    
       894    -39.79992533    
       895    -39.79992533    
       896    -39.79992533    
       897    -39.79992533    
       898    -39.79992533    
       899    -39.79992533    
       900    -39.79992533    
       901    -39.79992533    
       902    -39.79992533    
       903    -39.79992533    
       904    -39.79992533    
       905    -39.79992533    
       906    -39.79992533    
       907    -39.79992533    
       908    -39.79992533    
       909    -39.79992533    
       910    -39.79992533    
       911    -39.79992533    
       912    -39.79992533    
       913    -39.79992533    
       914    -39.79992533    
       915    -39.79992533    
       916    -39.79992533    
       917    -39.79992533    
       918    -39.79992533    
       919    -39.79992533    
       920    -39.79992533    
       921    -39.79992533    
       922    -39.79992533    
       923    -39.79992533    
       924    -39.79992533    
       925    -39.79992533    
       926    -39.79992533    
       927    -39.79992533    
       928    -39.79992533    
       929    -39.79992533    
       930    -39.79992533    
       931    -39.79992533    
       932    -39.79992533    
       933    -39.79992533    
       934    -39.79992533    
       935    -39.79992533    
       936    -39.79992533    
       937    -39.79992533    
       938    -39.79992533    
       939    -39.79992533    
       940    -39.79992533    
       941    -39.79992533    
       942    -39.79992533    
       943    -39.79992533    
       944    -39.79992533    
       945    -39.79992533    
       946    -39.79992533    
       947    -39.79992533    
       948    -39.79992533    
       949    -39.79992533    
       950    -39.79992533    
       951    -39.79992533    
       952    -39.79992533    
       953    -39.79992533    
       954    -39.79992533    
       955    -39.79992533    
       956    -40.64459139    
       957    -40.64459139    
       958    -40.64459139    
       959    -40.64459139    
       960    -40.64459139    
       961    -40.64459139    
       962    -40.64459139    
       963    -40.64459139    
       964    -40.64459139    
       965    -40.64459139    
       966    -40.64459139    
       967    -40.64459139    
       968    -40.64459139    
       969    -40.64459139    
       970    -40.64459139    
       971    -40.64459139    
       972    -40.64481538    
       973    -40.64481538    
       974    -40.64481538    
       975    -40.64481538    
       976    -40.64481538    
       977    -40.64481538    
       978    -40.64481538    
       979    -40.64488295    
       980    -40.64488295    
       981    -40.64488295    
       982    -40.64488295    
       983    -40.64488295    
       984    -40.64488295    
       985    -40.64488295    
       986    -40.64488295    
       987    -40.64488295    
       988    -40.64488295    
       989    -40.64488295    
       990    -40.64488295    
       991    -40.64488295    
       992    -40.64488295    
       993    -40.64488295    
       994    -40.64488295    
       995    -40.64488295    
       996    -40.64488295    
       997    -40.64488295    
       998    -40.64488295    
       999    -40.64488295    
      1000    -40.64488295    
      1001    -40.64488295    
      1002    -40.64488295    
      1003    -40.64488295    
      1004    -41.72299007    
