     -2.22515968182509693563     -4.24173711877542292115      0.46519135597360922185
     -1.43078897915444769318     -4.22954220291707994051      1.21064173167810085197
     -0.46273740365249460549     -4.25875599361645029717      0.71202212411801313330
     -1.52944830388888330930     -5.09645698296510030190      1.86287321239814729346
     -1.52926156864735252050     -2.96854209352604003769      2.03883260363397234016
     -2.41703727269189228011     -2.14773696743343345261      1.81122428057748452446
     -0.61285957819309488936     -2.81288183005434211381      2.99488749892966055199
      0.06277714255597312276     -3.55225346980061118529      3.12572797763269782934
     -0.55048107702396775753     -1.65730223865252002113      3.89989878363657638261
     -1.56803981092815725162     -1.39016235818508127053      4.19061154113083844663
      0.19940156885409918153     -2.09193261204598179859      5.16626530422653384989
     -0.29935356909907812062     -2.95114703990887017326      5.61717885513802350772
      1.22853540872673305806     -2.35870833313866956615      4.92047264975007259125
      0.20714641182431173250     -1.27348711320163432426      5.88746656699108239508
      0.08528909192444049381     -0.39616790950890479195      3.26664543766886117382
     -0.09556431247374162774      0.71335590638974100131      3.77964001431965845867
      0.82079858190418153452     -0.54940390766363522701      2.15878096113175299564
      0.92455092262048366170     -1.48407628090160059742      1.79369274057643579567
      1.42975413677774576549      0.54740589867961186865      1.39974902281702462403
      1.87475835951414260272      1.25323480173123691372      2.10413098187831426600
      2.56219569855245188350     -0.03498628022691277484      0.54111854273716830654
      3.08181524689027552810      0.76717101699416323513      0.01503268079290264250
      2.15644767200605302904     -0.73595435743322290545     -0.19059235984678596365
      3.27999701333190252228     -0.55494748433867935322      1.17768672959291986757
      0.40232699275663086347      1.32575112017353968774      0.54691515303701099260
     -0.69201975012268357457      0.83398649653878831334      0.25334850143818971047
      0.77532633678383822140      2.52715741864814313900      0.08940124098172295974
      1.68546690529522047441      2.87775010924438578996      0.35566956544950129038
     -0.08267194989776928404      3.40441557739607247868     -0.72105720681995699728
     -1.01138728697222446407      3.57514697805934167363     -0.17343734839609253884
      0.63389251877731034313      4.75263351907288367215     -0.87219654504333044009
     -0.00323496063408933209      5.44720458435126353436     -1.42164193567309693478
      1.56996385368121083026      4.62175361539925955157     -1.41769892759650795178
      0.84416416188218346139      5.17479512114656881039      0.11165736977626194992
     -0.46784357782434388140      2.81426251330648113935     -2.09977426448880200027
     -1.48282287209874996670      3.20946043195432917372     -2.68115930135188706984
      0.30741998104468037933      1.84778479225621405924     -2.60908511259835362850
      1.14464904866551808738      1.60333704471584304052     -2.10063730506900903094
      0.02792834831800191514      1.11152951352182549627     -3.84761973859629291539
     -0.39775811954422374273      1.80603090399374077712     -4.57406214795912546833
      1.36859493250263186681      0.61620119040419751855     -4.40747410943780781878
      1.82203441022280476780     -0.09812154777382495197     -3.71839605241706161465
      1.20820813309366603683      0.12847339574462951495     -5.36993086754851667308
      2.04558955547053278323      1.45950040067497455176     -4.55210390450199309242
     -0.99097415478329586858     -0.04574983388420099384     -3.68260391777978135508
     -1.40713725232585873393     -0.64496885001878634380     -4.68060790336085741359
     -1.39802929107269924280     -0.37516416115733880465     -2.44658065522871037700
     -1.03078139883930108844      0.16443132668795965023     -1.67110342913775555829
     -2.33595848513882398123     -1.45170918074962651545     -2.12721703519987048736
     -2.49627350784591239830     -1.49692368157656097161     -1.04815370561679022110
     -1.93693655241403428491     -2.41038911351676921058     -2.46474450207967743509
     -3.29447171688480677787     -1.27356473411389448103     -2.61888515226447271544
