     -0.67296902312768691612     -5.16756982819661825346      1.86066757606581489881
     -1.09678795965711062266     -4.23161385893860586549      1.49865984080999070649
     -2.14385034769355575790     -4.38201816985092129642      1.23820767745572601903
     -0.54638652744076088297     -3.90006071294536349470      0.61906469239473382871
     -0.98743414571957643933     -3.18269044634579856279      2.58177894333358404211
     -1.99983310816191051096     -2.64058115634828061147      3.02400463939229879884
      0.24350158251258011144     -2.88871977919067157714      3.00121679763211712810
      1.01458812709389212259     -3.39726606264814101621      2.59244593542023560317
      0.54917422443989405423     -1.91330805631216560592      4.05694665461955938923
     -0.16786230601758533876     -2.05008337072356283670      4.86840548211116974642
      1.94536206553507784456     -2.23833859931933831788      4.60536675686240215555
      1.97501542774582516948     -3.26988671539050690384      4.95942075735311505014
      2.17608989402909136501     -1.57543454437346808206      5.44042561565570004234
      2.69595926295263232930     -2.10162398155321472615      3.82523003185299570461
      0.44268381734439982145     -0.43552383156733609493      3.60601974429400984334
      0.44021942408786479684      0.46937426148921046476      4.44735347748820952773
      0.35055473304660844658     -0.18433520706579659132      2.29475774297187173900
      0.34467999657540343561     -0.97933860084422341696      1.67201061595923694547
      0.20827985389797329385      1.13903629298239361667      1.67843157224498584768
     -0.25124646154202828763      1.82362413764921016401      2.39414690638711258330
      1.61005451788199849261      1.66614885847222349291      1.33339458911295904997
      2.22171983969361708233      1.71047383355971716057      2.23575950404485990219
      2.09032834387852517466      1.00729814407334639093      0.60785265718275094393
      1.53881877826455104596      2.66987045369542341788      0.91203258421750799112
     -0.70092551396405422537      1.09478365840087410454      0.43137920317142097737
     -0.92407369612534517866      0.03090537074719600791     -0.15589686714833594916
     -1.19070859438066345426      2.25959119673897168568     -0.00957179058638672059
     -0.96292923736050539674      3.09766721743231210340      0.50820236238718086152
     -2.11530410014119274464      2.39383384115345521082     -1.14518393089083359015
     -2.97945017879994589194      1.75353321446575605158     -0.95847865463180403900
     -2.60283151816563895764      3.84817555310997994056     -1.18274733406381238332
     -1.76407396025433005349      4.52084077997534450333     -1.36963964068412913377
     -3.07097031613632376335      4.10860978568384016540     -0.23226085463054890745
     -3.33877501170045531964      3.96832743359122419591     -1.97911287732766338898
     -1.51868573291290465122      1.96490875912648821355     -2.50769598731158271931
     -2.26583985363547490977      1.65341250531219752240     -3.44000284566440228673
     -0.18545838877169901204      1.90788245147640145305     -2.62276629897837576522
      0.36665392279222575045      2.21606894806732679370     -1.83580549277301119382
      0.53211215199058137237      1.41696302461895440317     -3.80490724891254972206
      0.03052485552282226469      1.79811295712234286981     -4.69622983350966549665
      1.94620516013740196826      2.01283185623257487862     -3.77267060579418922472
      1.89023354494952355864      3.10159576963549499240     -3.72963960423034679437
      2.48941023172554531939      1.64333175964651290180     -2.90138547106516586638
      2.48679238157287496591      1.72647099985470298122     -4.67584271842349341597
      0.56320837315138494450     -0.12804434038281717334     -3.93038681479350104908
      0.97398673806804425546     -0.65150363440545611127     -4.97224295668282234573
      0.13859931845342968182     -0.86736038471204457423     -2.89330355579860931670
     -0.19149723375192329033     -0.37608669147516460285     -2.07039378380873184682
      0.10930288102474786105     -2.32978465420106406469     -2.85901837818655524259
      1.11983414225366928463     -2.72836676875268757669     -2.97009185373991924095
     -0.51346477860655681535     -2.71232822490450331543     -3.67034856262470787769
     -0.30253559655495698699     -2.67180544386572416116     -1.90755839816040650980
