     -5.85214503596518742512      1.34378302119779746704      2.21030959262355297668
     -4.81319326331357277837      1.51163983328833251285      1.92903997098784962816
     -4.46309895839902726067      2.44532995077357329095      2.36778651901530423629
     -4.73555846788393886015      1.56689515422920400134      0.84389064210756836726
     -3.96852379984077430208      0.36375940490614111500      2.43362167038092858107
     -3.04569621827996872554      0.57341260613344924302      3.22011386531949561629
     -4.28065631645480326739     -0.84835027561569376076      1.97481113930968099623
     -5.06686044352590414519     -0.92481409176474738132      1.34523175837781261421
     -3.59856381091750021639     -2.08769742827560911280      2.37119113013667703882
     -3.35519871404668634796     -2.02185575426805463906      3.43313159430662073746
     -4.59021644225866776168     -3.24557304098706467244      2.19224981133486362950
     -4.14043212177444885924     -4.17377678676264807223      2.54737966929675874184
     -4.85046316136232835703     -3.35709297057179911761      1.13845915139201858679
     -5.49537359338069908432     -3.05250406496532855627      2.76996220793141079142
     -2.26854584394048552909     -2.35102904485331976048      1.62292771774338473456
     -1.50792287224518095634     -3.24494571709818213634      2.00969196828187124382
     -1.97682836010111584457     -1.59359806629624500829      0.55828932253184571088
     -2.63589898139758016526     -0.87504142458119993364      0.29981429146207067005
     -0.75726283309615616268     -1.72096408421401458888     -0.24570139948466829249
     -0.59790861101362835495     -2.78029200937864962029     -0.45775103314029280677
     -0.98277047781023185724     -1.00805108728356151993     -1.58625675003417887510
     -1.14014533871247070174      0.05917748151173440885     -1.42121090532620697466
     -0.11210417796184241057     -1.14276328555567840972     -2.22953424467114169616
     -1.85599838615713585988     -1.42779011547762113565     -2.08805669618672817833
      0.50472100409529485621     -1.19784369499935117176      0.47823350460870767131
      0.43046006665293440330     -0.33537730961389605744      1.36050724105717169010
      1.67935437146178467849     -1.69524122687060407877      0.07275510456568234918
      1.67363628697864341710     -2.40118738704425194186     -0.65072700658780324723
      2.97821405106614145453     -1.32912577545455068417      0.65486641386601163184
      2.87454693873600586329     -1.30757200694696451571      1.74128252504492242458
      3.97868018014710500552     -2.43798160559539489611      0.30189738086130341044
      3.61059054116339384066     -3.39980852591228721593      0.66217030414706146146
      4.12012287462931059423     -2.48602779079106328552     -0.77906511894118579686
      4.93888197428493658236     -2.23125188830813669938      0.77663727169081464563
      3.49812991080887636386      0.06397968983326071668      0.22293917004782920488
      4.41229264430779988260      0.60417342018921260660      0.85457460306706567454
      2.92484249177199417957      0.64955738905027959884     -0.83550376986319074835
      2.17946388345001995646      0.14903455848459537525     -1.29680722348815158362
      3.25509933653506688955      1.97733019653544661587     -1.36475370579039201324
      3.67006833710604940535      2.59041038822945290931     -0.56230887646849303518
      4.32859014513440953920      1.81523703649550660622     -2.45163004224038916234
      4.61972624601085346541      2.79402702587480256113     -2.83509502586905837163
      5.21013643832604333994      1.32738946879120423006     -2.03335589185069531837
      3.94036099712064213918      1.21159093890946700789     -3.27354438668904368370
      2.00729163077083727629      2.71104084613032503270     -1.90732074490082714746
      0.99642316845960221539      2.08318103297975154575     -2.24604405299882525782
      2.08419295590148090369      4.04517299638426042208     -2.00714536994491465904
      2.94831476677669002129      4.48587484532505165191     -1.71961819075251809430
      1.01277959671598116742      4.90994498642966270552     -2.50484572720850362515
      0.12092909236676291362      4.79791443844196408008     -1.88462825047510018628
      1.33069780694089190298      5.95412331472216216355     -2.47885348246370229575
      0.76281849211978403069      4.64357643463928138061     -3.53400764612027273870
