      1.19049152585367079560      3.81777111278970160413      1.05948469366899367117
      0.11011220899808348006      3.72437524751662341060      0.95748622617319723016
     -0.15066003542852099417      3.66061276129737356300     -0.09817330244284026841
     -0.37592353749235202232      4.59233609675033704889      1.40096948954485966965
     -0.36040018368566678619      2.47263506893404549913      1.66203708731551480504
      0.45120076472527048672      1.73630692636077421653      2.22421827009513561890
     -1.67066993075958158954      2.22796092821199209766      1.63019357181661650458
     -2.26322569372204274174      2.88141446000453615994      1.14009401730361203953
     -2.29918023256676384847      1.04726668699046099320      2.23120743745514316103
     -2.02751205017415703225      1.02064356998618599448      3.28843924695319467233
     -3.82379253663669205210      1.19513221656535795212      2.14145639697202527785
     -4.30522698569267081581      0.34430990235275310551      2.62581438540193046194
     -4.13866162359436629004      2.11043241587495922218      2.64489150223199009915
     -4.13566706819892448976      1.23226092807953779840      1.09633233149549780272
     -1.80950649196247659312     -0.26594879822398248548      1.58290985125205407869
     -1.55191906857444950063     -0.31807990905521132952      0.37608386050250824928
     -1.66471449910000712791     -1.32578646707021929885      2.39001018436765955144
     -1.92755947499284618907     -1.21537233545068179552      3.36016368274904042579
     -1.09955905068504855571     -2.62690568881488051289      1.99427639139384194067
     -0.88919832377367546972     -3.16464548073296381148      2.92039117324852659507
     -2.17273459843006788716     -3.43865374823030789386      1.24927114875565092866
     -2.39649115885861307973     -2.97341984423338745458      0.28853877269597233424
     -3.08399763753851186010     -3.48528060739030109971      1.84693130290494744727
     -1.81542565670320721338     -4.45478659828662859610      1.07784862639457412747
      0.26713089452709648519     -2.53274359457090136871      1.26210174928290053131
      0.58368627412642404284     -3.35760468877655648967      0.39868831381566049998
      1.06400746078791197391     -1.50374166377208240419      1.58860810562610010876
      0.73523370222860018330     -0.88418358102417060618      2.31620856606240277387
      2.32778290912184981920     -1.12962447523548292772      0.93825436486124669244
      2.59350984977507703633     -0.15440410705603374586      1.34965810037067179827
      3.43845183033067325340     -2.09765102016895577108      1.38019546684125327118
      4.40702100993343215407     -1.72915523038695573277      1.04028695504626389479
      3.45618114151316202509     -2.17103017851713886444      2.46835880105799576612
      3.26650573054059734091     -3.08701514218113626242      0.95522553109985330888
      2.24444210615929051755     -0.89464956675072571102     -0.59403708693793833007
      3.25740400311286970592     -0.98572018018071894119     -1.29738421247976765116
      1.05500942564856425854     -0.58500769378192263304     -1.12582555419274377151
      0.25517667080461503559     -0.51835306006157999548     -0.50833605089255606835
      0.83562079232265995543     -0.28721814078290880401     -2.54422750344332682104
      1.39202055295467364004     -1.01646049194116505632     -3.13657428555429040884
     -0.65374835258490315848     -0.47692587701912991793     -2.86182144085912826270
     -1.24806677164716162132      0.25939627797182107649     -2.31905339301872670532
     -0.82299319048422281409     -0.34880858105339018760     -3.93168567615337627430
     -0.97091817166660898675     -1.48018043691886758140     -2.57335642803811071033
      1.33762972701364946104      1.11926770616716542150     -2.94812216051313269460
      1.43471161630747512383      2.03048050227821619274     -2.11640687117777037685
      1.63392791786327906678      1.30414536549381887554     -4.24208504342167902479
      1.51877946316192158349      0.51519407028570263218     -4.86472505165119084580
      2.10906287661921076904      2.56242725678534011280     -4.81997256380970462430
      3.04623094374224701042      2.86271512547506779001     -4.34656416275353763012
      2.27861600517950035893      2.44274760346209829365     -5.89186893636898645354
      1.36780492160173250404      3.34952495803451721912     -4.66641588104802895742
