     -3.32837137431340401861     -2.16667676354547777962      3.66157529979231544104
     -2.65046502043884268929     -2.00144521352296722583      2.82499719618437827862
     -3.22034566146600420566     -1.95465007589695560775      1.89765326337902329179
     -1.93326275001111569374     -2.81969802351454834621      2.77210790945855078959
     -1.91124973910018369772     -0.70033694979591332164      3.03297685224827429096
     -2.00379977542616583008      0.20430404665564791400      2.20413256305811122715
     -1.15360519385428705874     -0.61265380838981919887      4.12681099979239007780
     -1.13431505562253476249     -1.40793905333762170429      4.74944223501041662416
     -0.43016675030050116613      0.59733737762377836500      4.54257031692391155531
     -1.14777451434849786516      1.41737849726084541579      4.60554057289840379497
      0.13011940060005605657      0.34864602779418757406      5.94931316193151005223
      0.85478681320021931977     -0.46694309560177360563      5.92603781366544701825
      0.62263537083630693392      1.25142657662806877639      6.31346180849475935304
     -0.68071498981987021981      0.09280043896019389560      6.63301843672102897642
      0.68272470057152456757      1.04277191642363309398      3.56395557202017032594
      1.08608683379688319981      2.20965468419429500457      3.57452840834985874352
      1.15451448624605612636      0.14184462442955256267      2.69245118174867181793
      0.80897998064968978937     -0.80456939922519599140      2.76477977556826681749
      2.12022837102534911224      0.43636355772604945580      1.62788040572772274572
      2.89896694215565053909      1.08333083728017220970      2.03585475057537346188
      2.77704890441150231695     -0.88766655258739235457      1.21372008958069743656
      2.03131356707056998090     -1.56045928490440566350      0.78701952420076148886
      3.55107092847113792189     -0.69754541925511748257      0.46877529587155858382
      3.23723292637125892313     -1.36175675510389226908      2.08201886612849129676
      1.50880839219780127358      1.17318769609036555046      0.41036674496460079364
      2.25390978009606035570      1.65748835707025587993     -0.44679893250655178250
      0.17160340855984196340      1.25802148616840869799      0.32154541878804998589
     -0.37267437389239388423      0.85206558079754957102      1.07347831150812123013
     -0.59000483516509361070      1.89061963242762165471     -0.76658143685414081858
     -1.63028250842019351019      1.59957664196129178968     -0.61117016882944641409
     -0.54060233100673171780      3.41895613330138958830     -0.60026960539862050936
      0.46942243191372851063      3.78508859512207251896     -0.78746861110419807961
     -0.84025365888660985547      3.69176488032332805744      0.41248715954795456273
     -1.22612932649859041057      3.88996967629537282463     -1.30575014426409796719
     -0.24457986794465280678      1.37754910712994904642     -2.19000466470098320571
     -0.32911162298059803977      2.12114999768898959687     -3.17434148875719168714
      0.15565517817355836727      0.10525682670482258696     -2.30485446866797527576
      0.18445730210592914400     -0.45511255659160815279     -1.46681144419480591345
      0.53112178329408354926     -0.54090190227259393740     -3.56575995810607704328
      1.17000081878717776540      0.14597634988902771780     -4.12462868648491021162
      1.36525146329672120160     -1.78773700672300162040     -3.24006531201974601331
      0.76149858820529026104     -2.50806600142956570565     -2.68560658768748705683
      1.71214749534125476593     -2.25232049245665066906     -4.16410330431330777401
      2.23358285689648594641     -1.50784772249132670296     -2.64141438285446916723
     -0.68613789467155050783     -0.87417708880198174981     -4.46048325268938317123
     -1.81236722097588409675     -1.04300379310362512086     -3.97576636079141421121
     -0.45258984160237314409     -0.99641341944004224729     -5.77453990223863478093
      0.49661749162971174920     -0.85542842422419618220     -6.09475817036250777647
     -1.46764611863665717095     -1.32005096860926052216     -6.77859163171067091724
     -1.01541688321857992428     -1.35468239171054793957     -7.77174075107695294662
     -1.91428588692900425450     -2.29256683964562579803     -6.56105981402323301666
     -2.25363302037352841722     -0.56188054376576368476     -6.77593085450201204623
