     -3.29094853320594182833     -3.86376688342033025592      2.45448969747804968122
     -2.85605694757668970851     -3.22483425292061998135      1.68682101522873750810
     -3.54655842933638654202     -3.14043774410812792652      0.84839706480391219312
     -1.91719358436281739344     -3.65755765820074607575      1.34347738617845346987
     -2.59229485632935885420     -1.85468086527475439773      2.26890990723489016645
     -3.13285056311827680986     -0.86230542825984002331      1.78242987157975374402
     -1.75596631268154967920     -1.80102176522058354813      3.30608825762526103986
     -1.37960787569252718576     -2.67132044196743656528      3.65423933616957485881
     -1.38260344251182210051     -0.56321868304428468477      4.00375895375400681075
     -2.27171201100368769232      0.06291220361618130030      4.09729750085956911931
     -0.92500463299440749410     -0.94098170977286288430      5.41896571979273300457
     -1.71692118046027508704     -1.48880542334298504592      5.93188531653078054973
     -0.02848640863713506124     -1.56117374982166445818      5.37083388070012812676
     -0.70117188044960276905     -0.03641105188962138334      5.98614743667231508084
     -0.31293301071009399505      0.27689611672554997890      3.26505351684397693290
     -0.15211193565737621269      1.46766168479848868600      3.55337357362579009390
      0.41462542804041074840     -0.32311710110701619136      2.31507347734616297785
      0.22817291836986627884     -1.29723084634577068286      2.13067099512299806818
      1.41412352953129749622      0.34720101948810611070      1.47744272196317583123
      2.01213837498014269656      1.00692852143554856248      2.10951472394228023433
      2.35079479246511580115     -0.72386631529688505449      0.89924508177003914522
      1.79344311888430185675     -1.39699652102683402610      0.24530059793100655874
      3.14918799064206922367     -0.25092168053651259241      0.32555629761960575008
      2.79989915056278482197     -1.30006840924122823999      1.70987067978690676640
      0.77806628888419471224      1.21554322808697823355      0.36831404031000403165
     -0.39067834641902610127      1.04206740919163665104      0.00838242965560610960
      1.56701706623765191218      2.11868451881886921129     -0.22642713284779328320
      2.51771675089842217332      2.21335775873035967010      0.10429479954783382745
      1.11977862121542992568      3.03437302550122423028     -1.28665263690359199522
      0.26133008637273918984      3.59605289387430238079     -0.91365032273145652120
      2.25604145774974673699      4.02894924074840243833     -1.55817477131946757751
      1.93420428328422300268      4.75967540387002863156     -2.30161995029569155236
      3.13457157581387724221      3.50235053984957422912     -1.93475222998484053250
      2.51640613118261757819      4.55658575159294443324     -0.63936409571368668647
      0.67042186611975118637      2.32465877257111763754     -2.58737653445285875620
     -0.10387516460339853153      2.88960136394808575488     -3.36562900414778765068
      1.11529401147083317980      1.08109589239017100937     -2.81131944165513258937
      1.77899187894567001322      0.69662553444447050666     -2.15487899007493455272
      0.70506617846118324611      0.23160514056241729430     -3.93570104400070874817
      0.59583706445874917712      0.85968326034908815192     -4.82161673078819585925
      1.84258070427277775849     -0.76259325742785544211     -4.20737027894510440262
      1.97420810546359026816     -1.42541707521195704089     -3.35061376806311095322
      1.60539301192166439236     -1.36225373293685403375     -5.08718540331609769822
      2.77210794804870452879     -0.22244910427124545138     -4.39342525396798500026
     -0.65223577294452417252     -0.48837735134384874236     -3.72583300849151832779
     -1.16407081254991373598     -1.11859402970408750022     -4.65809849251926966218
     -1.24323362120217595361     -0.41244344056974641122     -2.52295446848521054406
     -0.77955346908324196775      0.13210796888056663967     -1.80471794509431182618
     -2.50977874089833807858     -1.05123124154408742470     -2.16453146236915827672
     -2.76143800698895214296     -0.82131720965773347132     -1.12726095493228184452
     -2.42924396356926441953     -2.13443028754908992184     -2.27590691144266443757
     -3.31088883129103184189     -0.68679398845950290209     -2.81077344753069313654
