     -0.35649961055714163294     -5.25733980905079789636      1.68879460710463225048
     -0.82547487707393818468     -4.29249979885003263291      1.49950218818909819518
     -1.90896778687517620909     -4.40531666815126765613      1.51008039407285932221
     -0.50739882534007285653     -3.91880727758902880353      0.52701137597502700771
     -0.40518132650416094354     -3.31451293366854171651      2.57292689654604433969
     -1.25062696069177414770     -2.78012498270279939661      3.28989893583545933708
      0.90174754267901902072     -3.07193005071669800188      2.67607780307113918283
      1.52385167349259442737     -3.56997629586865494744      2.05541381374804910109
      1.50205822860194548873     -2.16960789306704482371      3.66848454504618137761
      1.01246355351761563313     -2.34136006805034257994      4.62875145955957023602
      2.97972564672067186109     -2.55600891591252166180      3.81995463362187548384
      3.06252199403219949048     -3.60774253444570325300      4.09803057721395891377
      3.50976155396117572849     -2.38692282777697295515      2.88124691286670131518
      3.44003233410289155358     -1.95046501464123944736      4.60189756557774209966
      1.33603406309953798292     -0.66506217433639436276      3.34091825775344419824
      1.58126642627530267227      0.18632220912228006360      4.20213530408352031742
      0.92000162200017132630     -0.33199940764546220784      2.11332804803423845996
      0.72660907599143897961     -1.08697378935099897568      1.47107273148559425380
      0.67156428300040171830      1.02934174680600287743      1.62707570020906455710
      0.43529636013810235617      1.67787982136927427135      2.47303623572502218053
      1.95592631865779909006      1.54805459693514624320      0.96132687065463395815
      2.21063040462080984128      0.92538150614436043284      0.10193036168184096968
      1.81473247952289207241      2.57699844535996636097      0.62753597700298691109
      2.77953245804524895490      1.52444067705857144723      1.67650302202809498020
     -0.52776304733421475213      1.08024235307435567677      0.65610946395871749814
     -0.93147728269054563821      0.05919293900459211832      0.08954241433972792708
     -1.07257329667082168534      2.27964308419288252949      0.42005536307359170323
     -0.69019337105973410651      3.07953730970178796156      0.90616207770676227007
     -2.25189125750024077277      2.50213408621030364287     -0.42977979825297313310
     -3.06149252183206765920      1.86926902885957280098     -0.06151384554318961584
     -2.68091579794275514104      3.96564385052417422983     -0.26161041327097617204
     -1.89474014864306106176      4.63133311489640142611     -0.62175917998448249069
     -3.59158634320670966389      4.14940606918464993669     -0.83358767828475288653
     -2.88038666212379323994      4.17667422680069044816      0.79009392701126957004
     -2.03984252608709049071      2.14565842497897740770     -1.92119849162633915540
     -3.01146647992407068273      1.90725266302922147332     -2.64478322046656222355
     -0.78347946473879959139      2.06872572176088942442     -2.37904294191268350644
     -0.03761538145822915929      2.31671810049784676622     -1.74555988965763164700
     -0.41058057973028616594      1.63685088229531738868     -3.73100341573407900952
     -1.10994734566106445506      2.08213384048408300941     -4.44088386083354969003
      0.98477320407382029632      2.20075582346558817903     -4.03226235418092482377
      1.26543023291029288480      1.95947548781382341332     -5.05840678042300417872
      1.71962104494444489866      1.76748310298558153342     -3.35181157931308515430
      0.98031368745552605048      3.28573417019821123475     -3.91739962425692622716
     -0.46744120923076032392      0.10215352409263396549     -3.94367862010373393389
     -0.35610902325618892794     -0.36457387094713561426     -5.08296936392329801180
     -0.63810612676953903932     -0.69067545954562969968     -2.87376346754955269702
     -0.72873544482038699055     -0.24425972919169516850     -1.96822860138401112273
     -0.70944702784404767293     -2.15154699549988981389     -2.91227759921770257279
     -1.53244088517115417680     -2.47080802270098764950     -3.55507564010487264738
      0.22411963203921878018     -2.56300828971470240347     -3.30154787453378606443
     -0.87563320914529707562     -2.54291399742264356831     -1.90675322261873070318
