     -3.62117066297420997500      2.35444283571872814420      3.07197651077153821575
     -2.91774544732888507781      2.08121500922476476703      2.28632377703941358504
     -3.43741375263267778806      2.04796911044014429137      1.32948200115641235186
     -2.11675395850637659834      2.81831089577850724126      2.24150343485495895379
     -2.33812494714896645931      0.71920936263542423195      2.58886659890092207803
     -1.12392967668378118695      0.58018753953813329005      2.73144850482379997203
     -3.20166636848491981127     -0.29436578445865752007      2.66077477976201226539
     -4.18111421743228195425     -0.08714486023890707922      2.52561642304615041610
     -2.83937640601929075501     -1.67100341924946849126      3.02673362066190598796
     -2.32575198836755925313     -1.64266732346463495418      3.98942932358728974407
     -4.13942061272760053470     -2.46620212510262204475      3.20623260691916733833
     -4.76781155924458044382     -1.98723599946456630505      3.95861466047820087510
     -4.68196166289536108707     -2.51714756106176418271      2.26075628855615473611
     -3.90751853750463862269     -3.47929468492495530541      3.53797746643980470793
     -1.88731740870970265966     -2.36720667431966269589      2.02498969774889614470
     -1.20714046366144733824     -3.33249408811992786639      2.38552332559056834427
     -1.79930173423526662546     -1.86638724134145750355      0.78597857067361076577
     -2.41263492197375439829     -1.10040112346001062171      0.54639253901995998852
     -0.86137171738884898975     -2.33594916318634959751     -0.23990011208604195003
     -0.83963722376070415443     -3.42700455318546071126     -0.21608039490475433597
     -1.41058796429684063511     -1.90569356879101725610     -1.60706240677459355481
     -1.43548669246297144753     -0.81694448845895129008     -1.67676247976320924593
     -2.41869482920512934854     -2.30011342247409311668     -1.74346215468826137851
     -0.77219631672791788635     -2.29752532169777889948     -2.40022515062408725584
      0.59392578064693246631     -1.84789161564750803457     -0.03254075751776953906
      1.50332381168674311667     -2.33692650347900032770     -0.70941787421975688321
      0.82226248110156996418     -0.89292502327529077455      0.88356793039651027044
      0.02758903002173146435     -0.55451026499448419216      1.41305308392292983122
      2.12261260014085761938     -0.27954108296241220177      1.19532416277658004589
      1.90269108719991830725      0.57791215506401949487      1.83365254045132952676
      2.95251812955274317574     -1.25186569934087188471      2.05096041352929603363
      3.84882783635607372830     -0.74967973090225292765      2.41693650373896096184
      3.24747798229897499667     -2.11769541223616730719      1.45719201779978480005
      2.36548518160336662675     -1.58607312472854089513      2.90745419968730267613
      2.87065912321990657219      0.31824055085557778622     -0.02617081448754584455
      4.10613480906830385919      0.33967283446593504737     -0.06802997531407675713
      2.12138834840684786798      0.79859301746880195783     -1.02630728620992295319
      1.11868314980633209998      0.77056603411366531020     -0.91113800774134412475
      2.62619100958657769596      1.37138118641063444514     -2.27903313380841821001
      3.62465454688691490759      1.77981465472156408225     -2.11124551821132611096
      2.73376833932089935431      0.24377171337184444511     -3.31696501943988497629
      1.74757299047745995324     -0.18117076585391289623     -3.51079907722534834136
      3.39459270506898036501     -0.54078598349314965787     -2.94570628808334067372
      3.14357819590696108136      0.63422458159488492857     -4.24934738462679462145
      1.73497941272043298966      2.52552478003766056602     -2.79223568171833402829
      0.55504728767873723339      2.62748757751034078822     -2.43365005104491283205
      2.29579734425870718439      3.38865129684707477864     -3.65033593180366899844
      3.26290488055774607901      3.23309955748043664769     -3.90356559867013785947
      1.61178588194814609302      4.53530803405873861323     -4.25102438362665857596
      2.29408191978300246561      5.07639282597194974045     -4.90963405693980448063
      0.75334014120506986867      4.19674521948576906283     -4.83503377809125645115
      1.26225506386377639423      5.21512583711927568686     -3.47108766471221175109
