     -3.11063582114397085832     -1.86083827378293475974      2.90141096838073853093
     -3.40344643167585303445     -1.38482601706532970631      3.83646215695129155776
     -3.57791437513233079315     -2.14841183301832217012      4.59353701931471292141
     -4.31523529561725993631     -0.80886197741213783363      3.68257994047704872997
     -2.29424091673328600649     -0.46788132902470247476      4.29911527074633781353
     -2.50278104334127871056      0.73744119093426052647      4.43452782913212306681
     -1.11168909235204171893     -1.03730950929971910135      4.53300013176414307026
     -1.03724222622650552594     -2.03698604103801139686      4.40921983509637360754
      0.07314777762431284858     -0.31636848199641187662      5.01766456248287706643
     -0.24143510683945124118      0.37010690928562506308      5.80578727573560460229
      1.02415467224051148776     -1.34529801373605861770      5.64419517975488105321
      1.88558941395959833720     -0.83431259630227294632      6.07644982108853337621
      1.37173761602817201322     -2.04663531467934367569      4.88391166754950933893
      0.51007692899320622448     -1.89391482196242466607      6.43481166916046465332
      0.78566320756322827190      0.53359387941902070018      3.93719968119671115403
      1.61579902188406832053      1.38592487053462720681      4.27068619607318922249
      0.46907707831036699053      0.31612672986976098066      2.65494650605162663126
     -0.22693618130273199296     -0.39016293300050230997      2.46348784757165129022
      1.01246198487171423785      1.04198933649161462611      1.50166472708372555900
      1.32722467407313549081      2.03778822616531618550      1.82018257696675767043
      2.24776070481515510835      0.28579139986202978241      0.98801385732023527808
      2.70066035892364153526      0.83046344002961047792      0.15847244793741679936
      1.96190843349003007923     -0.71082499031191270777      0.64733518852503169061
      2.98484313722413618919      0.19310857882620721671      1.78701453454735492699
     -0.03865006707351575227      1.22548245774248343309      0.38463301374028030510
     -1.03134787541977046565      0.49258644881776175728      0.31620379510562812708
      0.19666505339355119797      2.18906280491946114708     -0.51361889307013286476
      1.02035971984139495206      2.76260766959523307307     -0.39188411095498959513
     -0.68877611287653628391      2.50305516725457621874     -1.64380428703928549439
     -1.72358137885301454517      2.41195397331701499866     -1.30859947153572142575
     -0.45219594399186330280      3.96940913519965965506     -2.02978718599761842611
      0.57037869302749077960      4.10365843995660117827     -2.38620311750481084445
     -0.62182698196134844615      4.61342608167891388149     -1.16558147921599397634
     -1.14496267255014649855      4.25762660160279526878     -2.82167130471648652801
     -0.52518470939486128213      1.55832810257614151617     -2.85990888611540849951
     -1.36892800366326872208      1.56079466142547573781     -3.76262015311098085846
      0.54460106480609349333      0.75415857300426436538     -2.89969470304687604312
      1.19422827204999615347      0.79784123006865326211     -2.12997165755336670401
      0.82898257618261839141     -0.20230523716546422452     -3.97404678129894817218
      0.67342213188672617186      0.30203177436214517781     -4.92999739218662647033
      2.31040770302640829925     -0.59579773757260112710     -3.89290702470443683580
      2.51065038736241152861     -1.10877794133793017295     -2.95073424590369937093
      2.93610363215241454427      0.29563580570773578815     -3.95892622946933681050
      2.56165887094984201511     -1.26168257533160277362     -4.71968133413745505322
     -0.09822976765986082825     -1.44046912071135868594     -3.94561443734254790883
     -0.61485014197094811639     -1.83220514705913428699     -2.89172057328715803592
     -0.28532906176386713115     -2.07933607235016060244     -5.10892604585018972330
      0.18076000531622296585     -1.70709210565533453519     -5.92600027990754263385
     -1.11181385438077495742     -3.27496420060846693545     -5.28383792899040471980
     -0.72923080321130917536     -4.08964807835844457173     -4.66536522386181040645
     -1.09882455217018959459     -3.59051628252186461054     -6.32897553599356665899
     -2.14303470269046325569     -3.06456685734454348236     -4.99243541695885539866
