     -4.51758701243724924979      1.87631917368589840045      1.28982657213789964068
     -4.44322086964846274526      1.94775204213896291350      2.37426025227784887051
     -5.43693526048106789972      1.86250042440963103907      2.81240767177547645872
     -4.00552421907427103065      2.90725001344508582335      2.64743982230575891634
     -3.57248891405570123680      0.82522527663410460974      2.89142386981401111612
     -2.54188564285497164974      1.07810164793930529648      3.51435694620535787891
     -3.98422687092515781515     -0.41466886148412002155      2.62632374178432126399
     -4.85332593126969857877     -0.52415605029354239708      2.12331954552726553942
     -3.29250013454288215087     -1.63243685573425123536      3.07006229372526995292
     -2.89995328572000499179     -1.45875830687559782106      4.07356714415131637708
     -4.33548367344099006004     -2.75447552692246500072      3.16642335535456931339
     -5.14364953660730783724     -2.45442662869142846915      3.83513502915281234706
     -4.74502690784859826323     -2.97176176271835501552      2.17864765272940852370
     -3.86963288128194760063     -3.65702350710587387184      3.56438758463283411615
     -2.09017772853842487280     -2.04175179336351186876      2.18401963199008708472
     -1.31120731113232102949     -2.92152837660133490871      2.56666719899299655694
     -1.92767331916758499766     -1.42420298132462130880      1.00737972239990614121
     -2.59360546947890480141     -0.70881820603141820758      0.75784803300592584741
     -0.83821217124714808566     -1.69960284783360604521      0.06547071343296420598
     -0.74381234668680318300     -2.78249132767708040603     -0.03929413697321621629
     -1.22779967699775593992     -1.13272446504620805108     -1.30677480949782620634
     -2.17582591109619727376     -1.56431299364677767194     -1.63156492937865271742
     -1.32661605423930728520     -0.04739842901740847630     -1.24944669616541848001
     -0.46116312194999903307     -1.38061673687700747770     -2.04218689148311893788
      0.52905958108116124539     -1.15887057468540621841      0.54350467914522171409
      0.60710735371477164701     -0.19971734393869683410      1.31920018431847396734
      1.61855404263240276741     -1.75435418997772418770      0.04352300106072352209
      1.48867882886181845947     -2.53641717261697952068     -0.58363643962747657756
      2.99737789693933853741     -1.38722026883073357162      0.39564234644355283921
      3.04858351795753046432     -1.23817375274430063747      1.47576943388233949861
      3.90265175616414961013     -2.57530864926680536087      0.04349735225683386969
      3.88875904162114460760     -2.75183393019479360930     -1.03327570456566641965
      3.55886703450108354829     -3.47162452195713422398      0.56198314223058298822
      4.92621063320967156329     -2.36232817772819769786      0.35505661679177863421
      3.49489725538251105874     -0.07821677777108256013     -0.26511545272135378370
      4.50552532698335728156      0.48562865372700708688      0.16752217813113440270
      2.79691732569607420800      0.41074461485343977118     -1.29739542890090620020
      1.97855960349211601468     -0.10254314758903874949     -1.59020860572054534288
      3.09099036047277442307      1.65296449503931852654     -2.02028307740391044334
      3.63402811240014589345      2.33225538326632886310     -1.36023900095820815537
      3.99494448980422500739      1.31811701149673665689     -3.21640221159478434387
      4.91081509193736298613      0.83913496712733692817     -2.86736120812635864041
      3.47591991826027646439      0.64471423868888610986     -3.90035825874197783492
      4.25984872852412799205      2.23231987743826820747     -3.74921957183518106405
      1.80293333444495562645      2.37939029154340841998     -2.47078170757445603201
      0.73512870262857443748      1.76623839495299361779     -2.59175482029249426574
      1.90702588362998226579      3.68851207467219266434     -2.73752552878480370779
      2.81650597532991664451      4.11713694273697061732     -2.62472840822855024712
      0.80396959067602369320      4.54166213075526492560     -3.18346793245185200050
      0.40319034858843005864      4.17298655955945374529     -4.13007309547702927688
      1.15514168394504035398      5.56572952298030276808     -3.32496034137260254582
      0.00534283184379080820      4.54308042745460394229     -2.43861145778028332032
