     -4.57588403689450817780      3.32049215388389562520      2.99572817668085589204
     -3.62523378437272159047      3.12735119258299842926      2.50007713133137876582
     -2.93869730749339375109      3.95045638720237013430      2.69503174451192428762
     -3.78792636946514482688      3.03448937458506895481      1.42698012658524286955
     -3.03907275260007025963      1.83883314853921464582      3.03095864679453264046
     -1.93874632932223311954      1.84016617319168829248      3.58178998386166824730
     -3.77198962208091392867      0.73875734088780176112      2.85830356029509147220
     -4.67176538330182911096      0.83864237795111673535      2.41024061300896930149
     -3.38778288295526586182     -0.59812380716332813613      3.33104307459840276451
     -2.89748781090303975105     -0.49241903797446112678      4.30043282883830269014
     -4.67488050497225859914     -1.40622023847672372732      3.54652101037533462602
     -5.19169919673920876591     -1.54896345549068059633      2.59617232523722263338
     -4.43064225739002903737     -2.38214087521068007547      3.96831708588039688834
     -5.33230804904330302207     -0.88026918734946069112      4.24042390434251625919
     -2.39291283648860586553     -1.34047987481323604975      2.40512161794339540677
     -1.84195041595716624272     -2.37631331532384137972      2.79333599438628965572
     -2.15660165777150503175     -0.83370111815624659002      1.18873845758217244750
     -2.63183770578795250827      0.01947734253619473957      0.93626215869744511267
     -1.23993183777744353513     -1.41977517132967889779      0.20578530418877663544
     -1.43380409122377483477     -2.49333717512982921960      0.15666670528668724671
     -1.56205157332088195865     -0.82638515501646647721     -1.17273363257536433757
     -1.37499067740434122165      0.24878380178570713710     -1.17080310154712607940
     -2.60863944927215829495     -1.00970396578005283672     -1.42084460394579870091
     -0.93575204277721713009     -1.29389018541896483327     -1.93378623110475844626
      0.24916353052115242095     -1.23385359994476306866      0.57776391875095811645
      0.62251208384435496868     -0.29769399940767099499      1.29329585635246546715
      1.11334191591210229788     -2.11116439620622342588      0.05326215454300942814
      0.74541604686488649456     -2.85707430759465275116     -0.52125329605445724912
      2.56059326662109576489     -2.10076705689819931422      0.30877344242709070521
      2.72058357409405937588     -1.92717755757932596161      1.37450379745701734002
      3.10498984712479808579     -3.49617207818227138105     -0.02522964367697473967
      4.16742381707170839178     -3.54392168196238799283      0.21778612913542472196
      2.57825937895801571287     -4.25112428321359026029      0.56043217815267987181
      2.97414999462778650852     -3.70582720004589649676     -1.08811254485944775006
      3.33191712531533124064     -0.99318745017237575201     -0.45013594138778850740
      4.48002854553651541636     -0.69420217770582559602     -0.10529676098602409884
      2.71523252918701718528     -0.38137577862724020283     -1.46858954831570298616
      1.77484857988245603444     -0.67590906200736522447     -1.68731635880174413167
      3.26909492665929013455      0.71209437428572086581     -2.27463865036417711707
      4.01121978975212911678      1.25290890929317355607     -1.68408414543539564079
      3.97461390756598609286      0.10667769220349022918     -3.49761472522056138246
      4.75816873720750432852     -0.57930157462140163815     -3.17273527422055501290
      4.42891733000255882757      0.89879250492222806379     -4.09427040145991050224
      3.25555114341563989200     -0.43564198752519894819     -4.11364377035908201918
      2.18337752137184315515      1.72939323470106076641     -2.69422786250567858346
      0.98836763218855028246      1.41009833510129767298     -2.72248740851312565070
      2.60179234579040929987      2.95491574141436119660     -3.03891754127704194488
      3.59624928484503891823      3.13692881770535914043     -2.99989018376099148000
      1.72727401355779663916      4.04665399042196938240     -3.47110744056133313507
      1.18281712668338823136      3.75720326384479186288     -4.37243534155921675932
      2.31916799930249650785      4.93798788015952716535     -3.68845824326770399537
      1.00751658141105360222      4.28501271712900333455     -2.68513527548529218336
