     -3.12687257338509283500     -2.05542844979533745331      2.74860558146305589133
     -3.43700626627072924890     -1.63656170732643313492      3.70516932024766632026
     -4.35309610322920015335     -1.06226781462735808681      3.57198082221491164390
     -3.61270511953690043327     -2.44383490056353469555      4.41517256525321233340
     -2.34414774106402168385     -0.73600554137239448949      4.23416002186655937578
     -2.56783590045698195681      0.45740559000003733203      4.43506150376602015228
     -1.15843911387478848418     -1.30552165677591558435      4.45124491085057272244
     -1.07126640083794066882     -2.29568880301501021535      4.27183752892591428463
      0.01194009884649178607     -0.60110857368501613429      4.99208563352218082088
     -0.32041274214089626726      0.03601733380661405887      5.81364538738320302258
      0.96619343548967639990     -1.65414278309308349080      5.57188750711003599747
      1.33134814615655749925     -2.30734963154899386240      4.77772015566115104690
      0.44810600134183664611     -2.25224908552565095121      6.32301001544676122279
      1.81623316473170270946     -1.15970538946685453041      6.04409944071203941718
      0.72881692139874987291      0.31642174404167561219      3.97142685857643717995
      1.54503214089902551898      1.15693655536838102549      4.36402641837744376119
      0.43123991496475361229      0.16912511752521194874      2.67472197242633402681
     -0.25433172642269014085     -0.53229633354265715184      2.43402415281313233564
      0.98133273448866376043      0.96515774513949836866      1.57202869932657085528
      1.28084363861837369214      1.94439732463850756261      1.95087913988178285329
      2.23150483322773895978      0.25234805977104751706      1.03294842882634951842
      2.68896907430580656140      0.84809966231135403003      0.24191671501252845489
      2.95920664183770254496      0.12193315748784674946      1.83527301035953382957
      1.96119506693096345984     -0.72614376467853858355      0.63231882103460845812
     -0.05726303665934608100      1.20109597850672789043      0.45313723886707352184
     -1.04076634377146759469      0.46301627794218291889      0.32973681667830523345
      0.17886586039643667667      2.21670747041273541456     -0.38560778483494151381
      0.99447879539238859259      2.79090892225631215240     -0.22033768804276021580
     -0.69536776094671115533      2.58539688588399485525     -1.50797134960031797846
     -1.73333119727155504641      2.46458737800457639011     -1.19250247728804681380
     -0.47018428201802264788      4.07374831722621788543     -1.80671762524508361381
     -0.65811468748536261497      4.66565689835674213271     -0.90966109852139864778
     -1.15584797654765392139      4.39942361294364836510     -2.59022027688870792872
      0.55534300892336418976      4.23871540183000572455     -2.14107330146194430043
     -0.50558567940711085509      1.71328057542212897069     -2.77350587442933393945
     -1.33759059669502589074      1.75843287983216911563     -3.68593425214925218825
      0.57352029499826795433      0.92384794551305671195     -2.84449573423371360192
      1.21263831497544760651      0.93033091437161430370     -2.06482696843918445140
      0.88237743404853652418      0.03318948710064853480     -3.96755541040572667910
      0.73354805184282612096      0.58955572535039180160     -4.89529614495344045366
      2.36692648451680387467     -0.34887062107989419424     -3.88891310922917021742
      2.56070569480612597602     -0.91261580531022723495     -2.97481445396114274615
      2.98344749387824004216      0.55133146318613701631     -3.89567668664219457497
      2.63622624611026923347     -0.96389558063099323171     -4.74874301201521209492
     -0.03126696832327416353     -1.21415139401547556020     -4.02210409557706594086
     -0.55703893178977703649     -1.67067509621552789945     -2.99926688927338247481
     -0.19621464803666566201     -1.78757555971234105563     -5.22228242167395517725
      0.27619619507608939024     -1.36453610115582524287     -6.01049590797604071923
     -1.00699758955318974252     -2.97981373951159289604     -5.47604813772189391585
     -2.04417200454363712225     -2.79709858755773588257     -5.18711335053401967343
     -0.62336699862542299666     -3.82440825589645472249     -4.89978798164939277626
     -0.97701329930937463875     -3.23512324812661766771     -6.53716663385606100434
