     -2.62877502535851714782     -4.07219764456032606859      2.87926354951595486753
     -2.31399200786649394956     -3.44312766298884742611      2.04748027590825865119
     -3.03638600923158197276     -3.52319835573246287197      1.23593522000908162539
     -1.33496149136757713549     -3.76772050081999765325      1.69714109908075694300
     -2.22821626895658120304     -2.00720217120027744073      2.51275304585584935424
     -2.91944765910311332391     -1.14187868989793428476      1.97694827927474281459
     -1.37463988954166849155     -1.75461249138571928619      3.50556194107979068875
     -0.86765620609525362372     -2.53336742051677399346      3.90152018658734922596
     -1.15791720762907868192     -0.42480205283129823801      4.09116945251890129498
     -2.12324717326997491895      0.07745073546520131469      4.17592552855496901287
     -0.60563009369914511115     -0.62008901791464055009      5.50953248074045021099
     -1.29484020854079528995     -1.22928752133617003039      6.09621446848016912412
      0.36766617235808590758     -1.11179096230839058457      5.46924160108719714657
     -0.49388227129216710765      0.34954461994575991568      5.99673604197726728415
     -0.24265716182673538470      0.49321658284186425947      3.24546611495985670715
     -0.24287299447640164907      1.71411305321775664368      3.43606057459840252832
      0.53128780603842640229     -0.07472460657593127387      2.31258285640900718150
      0.47882903894748568563     -1.07695051250102968865      2.21031988200440920878
      1.39795927376097872674      0.65798656189859838772      1.38416321619074000893
      1.91670552324522724952      1.44308374529772454054      1.93815047416118080292
      2.45762883308317103825     -0.31592188544675214867      0.84801623487745236840
      3.00996014850692583664     -0.75699811674931360983      1.67940020876168549790
      3.16187880515569696982      0.21536540498528999876      0.20614948056918974695
      1.98030151432003465040     -1.11037210432251565173      0.27147826886471559948
      0.60956285606364035701      1.33741592359592975647      0.24155206963582293023
     -0.53389476820689729664      0.97506159626508126514     -0.05308775024969815404
      1.24283598411356166480      2.29031775049653685272     -0.45326289866742802692
      2.18077940120641144972      2.54229319965323696806     -0.17229950042776584485
      0.63613533972826052931      3.04661103878693273472     -1.55893944485765723051
     -0.28064359096194674281      3.51203403668289571016     -1.19226967120553628554
      1.61058816533676862903      4.16399984123016420057     -1.95376003710892542919
      1.16446383771343220381      4.78066645769333309346     -2.73539038247247345836
      1.82331147975335894351      4.79501184247102774094     -1.08948244765920310151
      2.54214885436902315874      3.73570045168953379644     -2.32750629184112645120
      0.24980428963608988790      2.17886766277979804229     -2.78175107081610661908
     -0.62161800581235848728      2.56633723304678085242     -3.56588335432110792311
      0.85885623577671132978      0.99505517923918795908     -2.93059337671945563386
      1.59132360859959010035      0.76055675174749459710     -2.27658388167944814029
      0.53677657311337168000      0.00899423961339887792     -3.96891120710684930373
      0.31091081066136228017      0.54234033187910446472     -4.89399840630622673388
      1.79423227450891054069     -0.83646605186962574852     -4.21421913898329858483
      1.61591215159954249003     -1.53220958322923750394     -5.03523571016556736879
      2.04623291317073485729     -1.40335281902018982336     -3.31653992401184760652
      2.63130768424510019798     -0.18940226325202069724     -4.48068914748341917687
     -0.69727579174829645847     -0.87298828914220050201     -3.64656110550090684086
     -1.14470182725021918380     -1.64121540498374729466     -4.50557457602711775024
     -1.25363699050449795003     -0.78299779543725156472     -2.42823228117414080529
     -0.84867749326510688590     -0.12326598279181714968     -1.77389217523124687048
     -2.40456912438915315633     -1.56026938337431930748     -1.96795241805539156132
     -2.65240034100498967007     -1.28458141824498683903     -0.94096713476395488218
     -3.26981829113838795564     -1.36378498757480803860     -2.60431580266911666399
     -2.17504168247496387778     -2.62724854451404743472     -2.00086341619818108839
