     -4.18589263330438310362      0.22166374055814377919      0.96670098719574748536
     -3.66944857174127037069     -0.63115583551298704013      1.40513400568597845997
     -3.51340661301244860937     -1.39325751179958778891      0.64310651152424225252
     -4.26844132098627948579     -1.04556381450227764418      2.21483486351641989387
     -2.33059585941714253465     -0.18942479822947527746      1.95102446567717735526
     -1.99947429680529920049      0.99558775810566579878      1.89287012730170789432
     -1.56258361278014845652     -1.13811780318723410055      2.48734801255256599006
     -1.90692322617522203032     -2.08646539226998495309      2.47925820245305894574
     -0.24393215557965844398     -0.89085878910384663776      3.07880718276706222269
     -0.36415152693160324215     -0.14664969445713377239      3.86871886513776930272
      0.26023062047061185087     -2.18601393986967096339      3.72904952433847958204
      0.38563602157925336300     -2.96131054606208232727      2.97136241451510185740
      1.22056986416703261433     -2.00448967921991982877      4.21389416085815504687
     -0.45367355971872153075     -2.52736250611378565623      4.48016840982957997852
      0.76657665235830996231     -0.33270662992974059380      2.05272875244701724640
      0.77320732954911464141     -0.73441632567599368642      0.88469811226703176654
      1.61694919141719339883      0.60573511186519857219      2.49122357386265091961
      1.57168231513425404877      0.85754017787709047038      3.46945393281165159749
      2.58140498222918823856      1.34202915695744939839      1.65740013609869651923
      2.92712433942734495673      2.18382392634395117170      2.25985127759688841920
      3.80986185662868015456      0.45268206684435946530      1.40089544538607335689
      3.53827617922832571296     -0.38805009068186935295      0.76142728368178869136
      4.59178374857820159605      1.03410658259766763400      0.91088687315191174676
      4.19790319149741542049      0.07389467799396333414      2.34731747402682211501
      1.96805627068952326830      1.98336603267116329263      0.38290346609397529765
      2.63853575544605156722      2.11225984443278314018     -0.64674963498093307468
      0.68158773550786921902      2.36089476483089510950      0.44553843116176894412
      0.20865717849016407470      2.23613376180235601254      1.33001023183862465693
     -0.13864878105331385205      2.85138254894857734456     -0.67130317378236104009
     -1.16525455358979379561      2.86905711457636991568     -0.30149490063324335676
      0.23304631804283204577      4.31193966963584252028     -0.97941031642284170911
     -0.47680455596246157368      4.73098440323719504619     -1.69355035513232521360
      0.19825171303509248055      4.90490730419767029247     -0.06456414328491714982
      1.23606577326788635851      4.36372978125994670506     -1.40405362843980308085
     -0.18250451140356202528      1.91350710124146661251     -1.90729311895084041595
     -0.35207272750683782370      2.37390671759134841423     -3.04215540087815927706
     -0.03107206781142289251      0.60034168447407354474     -1.69408819417714240352
      0.10297661335941740712      0.29075073212919322341     -0.73882117677372571851
     -0.00107223214146247780     -0.44224697628254494575     -2.72536597981113581923
     -0.19531525764454454874      0.00685872229861754067     -3.70088235270093024454
      1.41562306948428262565     -1.03373168368080170509     -2.76298713387682859377
      1.48988608200461269959     -1.77286448445725430823     -3.56153129752733965674
      2.14282809750096836510     -0.24206081599939424653     -2.94923343815030847281
      1.64496276356023307663     -1.51402059422806112288     -1.81054552586669914582
     -1.08098762441393803080     -1.52814241444408449588     -2.50856007993938678879
     -1.63869435100445470788     -1.67295118283570465323     -1.41418822264257859622
     -1.37313287953668794472     -2.30478012670992082889     -3.56126903611368250679
     -0.87158750707489285325     -2.13134698731697280749     -4.42254583075627305533
     -2.35940142629852500633     -3.38668602170917232286     -3.55510812993935010340
     -3.34740299517393458117     -2.99271442914296992299     -3.30770841958633754487
     -2.08449348410301071866     -4.14086717332139553349     -2.81470893601508720394
     -2.40471533148283800330     -3.85882713572712265915     -4.53849429739571608167
