      0.92472036933543311221      3.84514500766968847500      0.72356236989287758821
     -0.03550132752768933586      4.34557378142398764709      0.83999437356545569866
     -0.44402266791177325000      4.57333532273320919614     -0.14358587615897930312
      0.09746791361978994483      5.26782757409546054106      1.40387006000187009036
     -0.98731441691225685364      3.42901048015333120844      1.57542457185879780646
     -1.43881998048033810100      3.76154534442755261736      2.67180571334090855018
     -1.28890268033388921687      2.28065915849663713999      0.97197909381646518945
     -0.83472292522983160268      2.08731630109853449895      0.08584854422505162896
     -2.16287532327290943357      1.23656385935232893125      1.52087842846787868467
     -2.09323239162608709663      1.25027079990255751696      2.61040558924930055085
     -3.61543993613866332382      1.54083091772946656484      1.12398698506010807918
     -4.27958037033469196331      0.78420993888140877459      1.54414409465381230468
     -3.90966519613790319809      2.51816749202205558689      1.50883112369326877200
     -3.71464101161718884825      1.53846457566875804979      0.03729713297025689933
     -1.73916922418031472120     -0.16632402524801176424      1.03968466484644350700
     -1.23220783881880979749     -0.31843720728061819525     -0.07419534025089767615
     -1.94710719975465651466     -1.19586170550913517552      1.87168842086967224247
     -2.39214907005963040021     -1.00119454075207259258      2.75862493609889414259
     -1.58347876587943092730     -2.59651431500131657515      1.59479539749452725594
     -1.63503909804703129183     -3.12416786761444331688      2.54881469152165429648
     -2.65494629523163538920     -3.22449712308985780851      0.68739184787401319543
     -3.64282754587744195263     -3.08393307325796861562      1.12794788731052131325
     -2.46850143049081705016     -4.29387705867308611118      0.58108623880724796784
     -2.63206532392393777187     -2.75909733259729783583     -0.29878129902221672864
     -0.12231013897059060669     -2.78467930293560250732      1.10412403865281527615
      0.15120140445220464631     -3.56820373709571159182      0.18881000408766918097
      0.81296156025083898822     -2.03015281200365338421      1.70084284972293220406
      0.50487448401173307122     -1.43924336283533116365      2.46064268687836884553
      2.23656490605005231487     -1.95101051075961340331      1.33692477157724143311
      2.64843304793700040634     -1.13585920443198973295      1.93437545245896047597
      2.95920485499492880166     -3.22607527458316578617      1.80473059568147609077
      2.63978434832318376024     -4.08089423908868287327      1.20792408857326249993
      4.03720306834249864636     -3.10108484847033727405      1.69596410955133647391
      2.73480875996786654269     -3.41621220251774992960      2.85510841051002817181
      2.52650750357725106809     -1.53731976293289385183     -0.13152679843963807627
      3.58159646271271547846     -1.87119891305093766221     -0.68255789396482080544
      1.60738020900167155602     -0.79640477414864974115     -0.76255703511850425613
      0.74976204483244024424     -0.58419963682937003924     -0.26769704575216818343
      1.71180033799246200665     -0.26495452043901263073     -2.12584794327484072340
      2.74513070322809937807     -0.34646509736647812527     -2.46778955631977980900
      0.84096219890589496426     -1.13363254196112528405     -3.04576226810067085538
     -0.20543735035550106383     -1.06246244670317868675     -2.74496797526568014902
      1.16115566367214873011     -2.17468825252504860401     -2.98438884028249029612
      0.93856907582821591518     -0.79757298983816360405     -4.07870775327132939481
      1.32662182984732268665      1.23224599669012380154     -2.20696998478985273451
      0.69857743523982740452      1.78698170820520285673     -1.29697768267190172153
      1.70311076655482018793      1.89324880419712404667     -3.31028703392018197604
      2.20974974601666174223      1.37461296746761196808     -4.01571614421536704498
      1.43047057483965622815      3.30808006330160431219     -3.56995871458763147643
      0.35299114031581374507      3.48423752791003638052     -3.59273934987525578322
      1.85608302699961380533      3.60218628691525966090     -4.53137320591305492457
      1.87226407226287649976      3.92570477119856375836     -2.78512143211785367924
