     -3.28272601175944744867     -3.95896942478254931785      2.30948288181863858881
     -2.84135832144764854945     -3.29907084631141023223      1.56355444208592087030
     -3.51485211524398843963     -3.20921287821294942688      0.71196683877073574376
     -1.88870671157049740962     -3.71095353336054678550      1.23278811432367563228
     -2.61150913845356580367     -1.93638965285723396725      2.17673268844326806004
     -3.15679195566293735453     -0.94323788669485086888      1.69716148651828802052
     -1.79866936223022610974     -1.88980350275123165638      3.23275584969179696770
     -1.41643894214954180200     -2.76076915993279703443      3.57274608620016387306
     -1.45969500165893739663     -0.65997190884324241633      3.96139246385837884290
     -2.36022659208652241247     -0.04924155944019772274      4.04715196087433959349
     -1.02690208705549479440     -1.05758480286501965750      5.37896293047775575502
     -1.82109209326050947020     -1.62695884672271673388      5.86414803631482328683
     -0.12003466137513192635     -1.66312862984475740014      5.33886406037438021599
     -0.82941830762746870942     -0.16066937650798326920      5.96767945953386380609
     -0.38751924909142054787      0.21009374382922338387      3.26203687455305679777
     -0.25146018649955920177      1.39746504666389692595      3.57596649873114724727
      0.36958090131506460274     -0.36070475140688634808      2.31715188721774545400
      0.20229482521648869953     -1.33384880782303283375      2.11057884580712551426
      1.37637786661564964774      0.34043168376104404604      1.51420998264334860650
      1.95030739777111983280      0.99700736048689198032      2.17139368469736737666
      2.34181878484715522148     -0.70517979984316192521      0.93674027671543891316
      2.78223337972711437516     -1.28981123044681078582      1.74609713104744446177
      3.14495577356288169568     -0.20941062480805394674      0.38955562470340904246
      1.80921793831529220675     -1.37412403551337014562      0.25833147965075964336
      0.75097582991196010216      1.21995731801955153983      0.40783736454848901198
     -0.40690163926978012432      1.03569444783060493620      0.01928158489230888395
      1.53844720186810834939      2.14605226047427466440     -0.15257461722919757330
      2.48021019101275230767      2.24879358744327095820      0.20054944919541309312
      1.10000764420290186862      3.07483623943208606022     -1.20505592721532139855
      0.22509758796203949149      3.61628986636797966625     -0.84048870984018542174
      2.22627945335836008312      4.09145435038190274923     -1.43308834943460561284
      1.90923878878814767823      4.83121260489522352799     -2.16962997590424100380
      3.12079638521299740361      3.58544306509865240429     -1.80013600182188326926
      2.45854755725968177060      4.60542954064137965986     -0.49912681908281625320
      0.68987615679572067418      2.38322977744894082264     -2.52829859923332112004
     -0.07613989777874967391      2.95107293306020235235     -3.31261134219106567755
      1.15873061061664350824      1.15101102756590734089     -2.76562273041348749558
      1.81401057481648941838      0.76422719136381900285     -2.10212230764881358169
      0.78608252159613500876      0.31691310545249234965     -3.91434787929334593315
      0.68624031152459896710      0.95997296753691108151     -4.79057003669405023771
      1.94449176280210389578     -0.65463549464493808738     -4.17959354877345568013
      2.06789262338987311907     -1.33153860264581291872     -3.33267719432763387388
      1.73567001112318708422     -1.24100315668910488043     -5.07541260354615886286
      2.86931461239861373969     -0.09706362975575529017     -4.33518714056171816651
     -0.56408479231473351856     -0.42736422604674717540     -3.74765211678381904292
     -1.04585126397562278022     -1.04743661974815394089     -4.70247063248595953411
     -1.18198931672381757352     -0.38322374916319018601     -2.55676722976735293358
     -0.74241557035956129429      0.15454351472018135194     -1.81853927279002625106
     -2.44589588956645132001     -1.04777798668127508641     -2.23808040043340605862
     -2.72340233303671963583     -0.84142734414348874239     -1.20244893422925014370
     -2.34616715052903135330     -2.12732603717210055905     -2.36785213387749537972
     -3.23844810128371740632     -0.68329352681506871914     -2.89476348011047202036
