     -5.63440478653623610938      1.78148538126190447706      2.45328245526334853821
     -4.63047203373696181217      1.88575388580233682667      2.04345761597435959800
     -4.65874317558840100872      1.71842948549316765217      0.96743128367912878396
     -4.25602742586114946022      2.88835762361669701193      2.24697364426083012745
     -3.72126330321726106476      0.86263040501341614608      2.68552966622878885872
     -2.73072870878179019272      1.22579305715596675874      3.31884576753277071859
     -4.05501658733995640205     -0.41673504148460077667      2.51530482817963818576
     -4.89678106452907968560     -0.61787607498929275618      1.99443181812426884036
     -3.31643855367330830930     -1.55103567145101672864      3.08645562847429122399
     -2.97305498619615882205     -1.27073112643348062889      4.08385040364327522866
     -4.30042010154497944541     -2.71847179102683300655      3.24439269769678650945
     -4.65902390232698770944     -3.04178960916612650678      2.26586895785740516374
     -5.14891549895156774852     -2.40931470265090519334      3.85661338611921200581
     -3.80242324424592270660     -3.55596406868568237769      3.73489362178874895193
     -2.06033671209630897536     -1.96486126334129718174      2.28075962146937571973
     -1.25054351901648619361     -2.76315284010511952317      2.76468776785914416294
     -1.88579530291127284158     -1.44113631359177585267      1.06112723281546816878
     -2.57911011874838580482     -0.78863534867566553732      0.72786437925261815440
     -0.74735138239027543161     -1.73292296667807055321      0.18433235505389597431
     -0.59076339141282774303     -2.81364752453777233754      0.17732547614973506733
     -1.11336378138255231995     -1.30767304657802774237     -1.24443799762891837979
     -2.02344675269505769322     -1.81860279543118563694     -1.56257443414284868943
     -1.27264913766047205179     -0.22880102789890627291     -1.28502295782698605642
     -0.30652726907063965189     -1.57297438220317076230     -1.92901316533495004180
      0.56922635566053270129     -1.07651871593007419925      0.65982834945114232639
      0.56533467757167865653     -0.05211508050966269512      1.35145826647973366086
      1.70779574584877869015     -1.64920740425058509615      0.25084423533978938980
      1.64467109524666188491     -2.48779794647742180658     -0.31004810778006702821
      3.05013740909415576041     -1.17551853699147912380      0.61645096686957301380
      3.05128689343686954061     -0.93267334806676538417      1.68065784902137616008
      4.03107730517080042887     -2.33566238246462543060      0.39987754504693656665
      4.06850833944479628457     -2.60343087544170437297     -0.65733262732559505359
      3.71621251838934174572     -3.20287991348576195350      0.98227904460759607463
      5.02881544589047368987     -2.03901247567742149869      0.72640482902992620229
      3.50168851835007455264      0.09891452132331110536     -0.13822676482517137764
      4.46292526814097012533      0.75412960963497233102      0.27792607247950729121
      2.81896829220649003389      0.45792611701208790764     -1.23223999174308151972
      2.04142833172928872543     -0.12417045672159082725     -1.50702797801353227669
      3.07352990867815778486      1.64905611948882135920     -2.04989726047179310342
      3.55316392070204045694      2.41175562145573474382     -1.43327340121540203199
      4.03994414999800000032      1.26598814479619758977     -3.18094072972068264704
      4.96605062356677606772      0.87134396571156147449     -2.76063709355007880220
      3.58488104867175660928      0.50848566600055866704     -3.82106668626573187098
      4.27569490154541398397      2.14528655261910650154     -3.78184950839247280285
      1.76666609818130093679      2.26002145469973436676     -2.60538147233806682834
      0.73894087236080496783      1.57894660311891366078     -2.70889174872917193326
      1.81036110120409832192      3.54558205462473985392     -2.98116339820196873944
      2.69036838018799873140      4.03337767068030039752     -2.87514866591634810078
      0.68108670872713417133      4.29354016050353326506     -3.53682592482922775190
      0.33778611249116036186      3.82362035927291188386     -4.46090767902580420667
      0.98181062392922147097      5.32025355871270999586     -3.75472656192361808891
     -0.14475990651073522564      4.31263471294733768957     -2.82252161054715466904
