     -3.12128668619621629787      4.05644394415676234900      2.30393310433751352662
     -3.79647093073798025387      3.23223902642326343937      2.07665731504165407273
     -3.86700402788695107859      3.10565033575127991128      0.99701396287416144126
     -4.78435969249844372797      3.44802779409113391296      2.48189834290841027098
     -3.27082527799643019151      1.95761912679535265980      2.69693098887634263860
     -2.22208689886379007206      1.96919996115427475836      3.34047498607361692535
     -3.99683796607123742461      0.85764571902155328775      2.49666172784921247541
     -4.85364763004087862441      0.94917197643073225599      1.96956212704971744820
     -3.66784847247018186422     -0.46579392586343382199      3.04312497699888329095
     -3.26188704215845026724     -0.33202793418261150604      4.04740642163491770589
     -4.97654632749520597912     -1.25745788538806024803      3.17215596529148680105
     -5.41093331783700559612     -1.42743739071284858611      2.18572060653721633727
     -4.77908796574495919884     -2.22081830257985934907      3.64431298158029681744
     -5.68615092607917116396     -0.70463832321423480742      3.78956065858978830008
     -2.60419346770729198681     -1.24480011563651560280      2.23073536309977527026
     -2.09885735673739093343     -2.27127149992432020298      2.69786791486964983022
     -2.25903036398706325016     -0.77952379693441531394      1.02382357153345782130
     -2.70240172053198657309      0.06828182042256634998      0.70420732349761494540
     -1.26684293433891204117     -1.40364473757881991212      0.14291470928900545934
     -1.46622618335829635328     -2.47685841656927907550      0.11139993440916221012
     -1.46319316393221776629     -0.85318564030139887322     -1.27646144334310629453
     -1.26651439203057769589      0.22014638687986073928     -1.29257401517368997190
     -2.48625158066922624656     -1.03717684656520403585     -1.60813858982208701676
     -0.77824378597720822448     -1.34955916029441258530     -1.96527984978056968757
      0.18640991930054359726     -1.21610796577366642168      0.63609420880244849084
      0.50583788787893502192     -0.25979041343813630283      1.35107141704056132880
      1.08396391339138320475     -2.11602397138326470127      0.21641741684804580159
      0.75964478611782226825     -2.87764698992723522153     -0.36372612128470066528
      2.50385234250136301526     -2.10741167482950864098      0.59559185315129936633
      2.57311455877074601872     -1.90035955024347202880      1.66509807526687514390
      3.06136160671831447644     -3.51670746508568443645      0.35444943770217651746
      2.47879136097989460907     -4.24851336632183773645      0.91611626256800471335
      4.09839123301006402755     -3.56393286050787772012      0.68977307733422354996
      3.02054284501361713922     -3.75991592155647769147     -0.70855473725140560859
      3.34846134993928501444     -1.03051607812039458523     -0.12866500918276393972
      4.46545559898019739364     -0.72848294886860942565      0.30442381167117171792
      2.82781412951005739487     -0.44787924949877128133     -1.21555137832345860893
      1.90694307069456958637     -0.74280818654531999279     -1.50525236594324196560
      3.45970462059050376524      0.61489720905873623824     -2.00509321384345229333
      4.15343026936107762026      1.16945172615242554137     -1.37011423766374118571
      4.26202787087210843708     -0.03489521748466321155     -3.14263621791175173925
      5.00794873710579757642     -0.71538843379399852385     -2.72959454513478450011
      4.77375409176593556992      0.73419991043299204225     -3.72269175968211030181
      3.59345753253215249856     -0.59194340387345611987     -3.80094062348101724425
      2.42415110775430475698      1.62555182455178837131     -2.54909737783514600551
      1.23296157361215996673      1.31384759053651967164     -2.67035920922601954786
      2.88264338658039376284      2.83626279253852286999     -2.89514816532528618254
      3.87176826011373442782      3.01251012345756041810     -2.77612983722664719011
      2.05930553462922949493      3.91943268566738955982     -3.43581495838808059773
      1.59173271410200722897      3.60461329466381785736     -4.37116057047681572101
      1.27686594266690223165      4.18825014124014582961     -2.72297321591522711870
      2.67639186685397545418      4.79907428357111065509     -3.62944110051158830288
