      0.31888431019049717774     -5.48123629532437117717      1.27976044676313160942
      0.07592482415890465519     -4.56574330010839002369      0.74168603605808891555
      0.94676039377895737648     -4.23442238410218330102      0.17735398369864779911
     -0.75151247929331832509     -4.75309910230213805704      0.05822784587840965781
     -0.31554477062019115063     -3.49352208122231244758      1.73305451082283945574
     -1.43153438494166551642     -2.97858853078356800026      1.67753036813960432205
      0.60583477463782964278     -3.15379426982662103285      2.63511239515691864099
      1.48582875855705776047     -3.64944423505251647200      2.62040417757358357065
      0.40708802492962148367     -2.13771603188222236724      3.67741053850514187928
     -0.60594909514957007168     -2.23914704444494905289      4.07081991795771180875
      1.38560013719581909264     -2.43918079662072573299      4.82045243158145275686
      1.21899544483367439085     -1.73935770742365725106      5.64053462277329309416
      2.41429304114650156166     -2.33834275723768225674      4.47070627822325761258
      1.22625180884753759436     -3.45387975017857584703      5.18831558947476434440
      0.55299183070146118446     -0.68190186611826830720      3.17244467461273682574
      0.09630644396556835296      0.25374095385709222183      3.83797112809290208446
      1.17661993255792274304     -0.47879296090416417764      2.00554538571707130501
      1.52257848711213705784     -1.28932029293850614060      1.51460289677765858052
      1.33413065510045525386      0.82653215593326134769      1.35649620927185354802
      1.61378013185711499666      1.56088766047079374744      2.11471471937056376689
      2.49164959744566294475      0.72566256852823673995      0.35209288687520562400
      3.39842265835035295396      0.39826990290713570886      0.86336003404232031233
      2.24469429405502296504      0.01117129254291390414     -0.43524683962688875960
      2.68018018935988200369      1.70093353191530716195     -0.09905000198153476876
      0.03200763092807767940      1.32129491729572845493      0.68684043509765180247
     -0.88329921063053229435      0.54015659590546027946      0.40819203126739239673
     -0.03335655740252224666      2.61925228226659800868      0.36612437691564597708
      0.74818886108240922894      3.21159077504555989790      0.61207514310365318533
     -1.20109517940010879222      3.25673745426060312624     -0.26044165017167814069
     -2.07293481674016799587      3.06627352527449614783      0.36818227310532314345
     -0.95378121802535442697      4.77078287722853389141     -0.28283815839611858856
     -1.82853992941306353615      5.27944631146674137057     -0.69064857528246936802
     -0.77897892200340157487      5.13445250097875494077      0.73086380699020103702
     -0.08699701171849076597      5.00093017876640644204     -0.90464946488198438868
     -1.53208101514180405900      2.71970644570276709473     -1.67449419621219797172
     -2.67562643619316187227      2.82939164187891467606     -2.12687230021414341863
     -0.55685499652642200807      2.10741480900250843789     -2.35899655532018570625
      0.36448351441554771579      2.09082994969567126375     -1.94658089772105324933
     -0.72799240804965925644      1.45185317386790768701     -3.66095906015260474931
     -1.42179097234054530041      2.04582795747746803983     -4.25853519088523757574
      0.63176119447656253758      1.46852692201777146330     -4.37297456417896412972
      0.52656251705823353682      1.05671046150701908317     -5.37759677355756338102
      0.99742102006532951108      2.49340209208648699857     -4.45245307181140415054
      1.35387920143072859602      0.86852691965323658430     -3.81688241295397912012
     -1.31834758315186184596      0.02027846764316609471     -3.57872362279629019355
     -1.63498540621572585607     -0.57425792236739348073     -4.61532097753710246479
     -1.46940695704344492789     -0.54655650985290205046     -2.37131301598136090547
     -1.20460102821510384175     -0.00090412428920766017     -1.55919201546588315210
     -1.99141857249856246703     -1.89215665370800523171     -2.13148474935589193890
     -2.01328708045869175791     -2.09657570620008071316     -1.05917063492816154735
     -1.35592268533140813958     -2.63431116201263915144     -2.61888825048411622021
     -3.00528096173409142722     -1.97833284027546030259     -2.52756216395020860688
