     -5.85709861880312132598      1.31419285897115423190      2.21496894520993903299
     -4.81974183683732615435      1.48772902342484591998      1.93126945287076945412
     -4.47503197489436121970      2.42541491296804867517      2.36573703415589919885
     -4.74429254970774749722      1.53920379902778825532      0.84578010146985604933
     -3.96672900379934167958      0.34740000766606543570      2.43892831548681909837
     -3.04397551945913447113      0.56618966708896978357      3.22301521927489664776
     -4.27168771947243453013     -0.86852807668605036540      1.98542774508451258519
     -5.05842964386233973073     -0.95261884122892281912      1.35749484238595941044
     -3.58083073719529076939     -2.10181190453505761795      2.38552309713599486329
     -3.33612024791357164588     -2.03018600480102762162      3.44677978413083296871
     -4.56517957450946099129     -3.26684691348197198124      2.21283354340809301775
     -4.10873197233666331840     -4.19067886771407582813      2.57084953945117611340
     -4.82645855669864509707     -3.38422799244374772343      1.15993526663951107558
     -5.47061072800850034525     -3.07742247572580307491      2.79132254492812226232
     -2.25037459013735574587     -2.35939147721185316087      1.63603747162646628865
     -1.48326687230783327287     -3.24677924678961948857      2.02502282405362343809
     -1.96540975313217125553     -1.60427933343399842236      0.56792868220490821951
     -2.62960396749926639259     -0.89107554458753257531      0.30774898813187434587
     -0.74638726756088924486     -1.72683972416402009564     -0.23763100482008872594
     -0.58045597250149327806     -2.78593190948403357510     -0.44577762029673029254
     -0.97880764424563448944     -1.02071785647038915101     -1.58059786007026970012
     -1.14289036464310056473      0.04610200690299940535     -1.41948908822214692194
     -0.10835861336264333843     -1.15227156066871505580     -2.22482237594179466100
     -1.85010915258817143503     -1.44813897518619905114     -2.07925193769248073394
      0.51335719999596851615     -1.19261993886275829979      0.48208632104148074760
      0.43493096797262070785     -0.32718046431106084793      1.36108218805896052928
      1.69054038163045605714     -1.68391975291351014832      0.07656831246258180568
      1.68823097895560469972     -2.39273973362392577968     -0.64411743153270017981
      2.98795000088562145990     -1.30701897793531118808      0.65501854287125982346
      2.88596801096040822543     -1.28185408942991352355      1.74151649870189628722
      3.99506244613537875310     -2.41069095213904027730      0.30471358549132104843
      3.63388492184040368116     -3.37347530540082640726      0.66939793744358999650
      4.13500182269212679387     -2.46207875119767871652     -0.77629088586641248337
      4.95468545179073593943     -2.19581083378900432379      0.77699830105454481544
      3.49800559337412142469      0.08774163985314534231      0.21672341022084179452
      4.40967014757354025534      0.63639442354565400883      0.84466763466726790810
      2.91911948828897926944      0.66537214537731870223     -0.84303837746850318613
      2.17626137309699707600      0.15816589651672452455     -1.30109611044731088292
      3.23978463608228350878      1.99317703217895436651     -1.37807461345515891438
      3.65207624473997993775      2.61212276544253185762     -0.57875858934139723377
      4.31248774851209848435      1.83382014662061676447     -2.46613265850766971710
      4.59656328306194339461      2.81297214004900864026     -2.85394438738507139064
      5.19791104960886052311      1.35340579843702268903     -2.04744421640784501903
      3.92684089944012626461      1.22440635556746713064     -3.28500078733559597310
      1.98628944163102549858      2.71656022110266315295     -1.92139857892997367728
      0.97898734058626990517      2.08076773547419247024     -2.25592341278691810302
      2.05428406071294311630      4.05076237629077517965     -2.02660651624876875232
      2.91598263498162024732      4.49824014007002137561     -1.74229028644381922497
      0.97639613051112772446      4.90653425617097571632     -2.52588091614450283018
      0.08634141267308481638      4.79112209979949899008     -1.90370688911709984303
      1.28751277407910902362      5.95286456698122989906     -2.50454362988910173016
      0.72645643966306028272      4.63447348868837671887     -3.55355795531163964895
