      1.28705493388430536328      3.48269293400931978510      1.82469183015104863266
      0.20392710713212605644      3.43495560136945821128      1.72028300637385345162
     -0.06800412310321796161      3.60100167534502757505      0.67866553189501144239
     -0.25804821983590664480      4.19932119107253054580      2.34365146803592105940
     -0.28847239034711091854      2.07244783180192726491      2.15126168593195865597
      0.51129269161800494636      1.21760499320562232128      2.53407032448571856165
     -1.60422230088065886910      1.86673346471387757717      2.08668592385752482699
     -2.18623142711444584663      2.62090390037211706797      1.75379892626799804844
     -2.25391036036451541946      0.59874321921157191984      2.43365558182258157061
     -1.97313383533116426527      0.34381723099177691205      3.45758369523628861231
     -3.77551843079092730449      0.79321901309336140251      2.39829743002433870558
     -4.09613722846651562293      1.05667060582113769840      1.38897814168271049873
     -4.06474310280727113565      1.58769585675193303231      3.08787667479070337961
     -4.27173007354692924054     -0.13076030743920127875      2.69882466393027531382
     -1.80035537262174338835     -0.55752904260998015218      1.51608957438590197242
     -1.55521980924634628529     -0.35872178853394603992      0.32198651070842804200
     -1.67230858825279948832     -1.76669289267369644669      2.07925771774325207630
     -1.92356369307644725630     -1.85843173590486920865      3.05441484852539790751
     -1.14067840598488645654     -2.96604448841475720755      1.41004754927751108085
     -0.93406757697773379334     -3.69148876426628458347      2.19881042827527561911
     -2.23895381707649843150     -3.58004895052089100460      0.52547809145288226773
     -1.90652601684894329459     -4.54407495534070804410      0.13853242294156140058
     -3.14546540345105674064     -3.73335428290809101526      1.11242465051537120502
     -2.46093150462253884569     -2.91787140630072849845     -0.31223492272831621097
      0.22095985798120434951     -2.74713076354939511603      0.69534087209419193076
      0.51059727907514884659     -3.37720363405596257778     -0.32701143370743662731
      1.04409848527248638739     -1.82677754814175652420      1.22056120598008210898
      0.73630352855275826851     -1.36838461158388202676      2.06701558123456807792
      2.30999925216890478197     -1.34948282171395561591      0.64633386527696778945
      2.60170913201417697280     -0.48881785194433718944      1.25055216692348714069
      3.40234049726776044409     -2.41142314343314856373      0.85857463764086883184
      4.37587338439632844711     -1.99921018459191790484      0.59068027501405750979
      3.42847510008848921359     -2.71340915802552196112      1.90639127254856299842
      3.20393448478715292538     -3.28495110862192696288      0.23681083688429266365
      2.21784403570701371677     -0.79440861649152627599     -0.80055107798302527211
      3.22190232390138531215     -0.75540145129471525376     -1.52126477766305390205
      1.03090845845036027661     -0.35526298687956969768     -1.23845769393203153363
      0.23856188322808699609     -0.40432483359782384058     -0.60976985100031977360
      0.80523516010940521248      0.23989794065096645137     -2.55888531465894564221
      1.33933773516411802618     -0.35888880483322160853     -3.29945177305565673365
     -0.69095415301793272622      0.15191789201412470023     -2.88866162999783293586
     -1.26326178107261011263      0.76887026131452762545     -2.19453224105017064005
     -0.86713993286194557264      0.50661009996712624837     -3.90493882774839784489
     -1.02824490607562935018     -0.88297130523685107839     -2.81404418389239685538
      1.33543928901760233785      1.68945822971691961278     -2.66378932525559264377
      1.46099084087463104709      2.40219774600846092127     -1.65993516914027372522
      1.62387298391280077148      2.13749638992353885314     -3.89357797817571293919
      1.48498764996133703065      1.50042425747080554466     -4.66703376767996935826
      2.12221707705492068641      3.47953977518249013556     -4.19944273057117811732
      3.07033965488807991662      3.65389250042908964033     -3.68637644704369282778
      2.27905424290711522417      3.58561874552457426901     -5.27470208046367705634
      1.40056538436007071979      4.23133608294637930669     -3.87296616616091204932
