     -3.57688302739684926834     -1.53393945384447238922      1.51684040418827215113
     -3.00405994459081249204     -1.81209547693657868628      2.40081411313060710810
     -2.40064996253360662948     -2.69249258839381377939      2.18286013400255685113
     -3.68498543866107253208     -2.03308576930925832826      3.22191974561261851306
     -2.09828027410576956058     -0.67034504458306398700      2.79896056129616122021
     -2.08457113564131946148      0.36861053826848377835      2.13993842633559383515
     -1.31921342631571270054     -0.86957306753023488888      3.86271437883527113399
     -1.39450689623360202241     -1.75660098988391100150      4.34024840117280330531
     -0.43729523940790254732      0.14910103732461540971      4.44994042795977939875
     -1.04019918581307213579      1.03004985722083142186      4.67760685324648406436
      0.10692256188502975711     -0.40758047226542104546      5.77229003604273849248
      0.71902838709796612626      0.34910031094409799124      6.26519003599213242239
      0.71798165471594699305     -1.29194341173690041558      5.58419252666105681016
     -0.71994429829986550384     -0.67293266650075500568      6.43277614516795370747
      0.70933396687058236640      0.61222886799274223169      3.51969300399151352465
      1.26122914056735657695      1.69995508162424302512      3.71118285984196161209
      1.04650860979860294009     -0.17807214643743088378      2.49234057926164442875
      0.58156000649946937298     -1.07166723866103974494      2.41734456727287350120
      2.02590549959984977946      0.17044484164916415270      1.45699241336307294681
      2.88659778658420762554      0.63880626856884714648      1.93791651695501077057
      2.50284506336350709432     -1.13545943815458327819      0.80658194872430000189
      1.67143044630135562123     -1.62948720306485594911      0.30107337707677173100
      3.28406627267009287863     -0.91927051530534009682      0.07641831951066976880
      2.91117105033869583153     -1.80219390649285005068      1.56762491999673447829
      1.49543773607625984923      1.17122157047653141504      0.40051772166548549325
      2.28236588493055014837      1.69056755753132148534     -0.39656844799235174692
      0.18007126716116936271      1.44100932241678658663      0.38103469269844325584
     -0.39923397950852318461      0.99026173877476508789      1.07933048613767801349
     -0.51163959777588474687      2.33060329011849320935     -0.56474587229547934530
     -1.57825359381171415052      2.15788715265383546082     -0.41125852150587832723
     -0.25128343622093873844      3.79456190616641642066     -0.17064999104069622504
      0.79466013744285646236      4.05027895684140393229     -0.34337561429822294201
     -0.48849470059252542153      3.94269768994855507316      0.88370786703409220930
     -0.88196121495097412613      4.45555297085556389902     -0.76633169358054653575
     -0.26958307251430768670      2.00388677166039785860     -2.06262150007565470133
     -0.27466929546620866276      2.89670524532838413734     -2.91787643434481624993
     -0.04988665131513252138      0.72208519541107318851     -2.38064091378984254987
     -0.08571194944024185247      0.04464307478858878936     -1.63280676688576042999
      0.23340238060059212422      0.20711119877251180088     -3.72480725291768566265
     -0.20480544581514759095      0.87756787710131656244     -4.46667096085981363274
      1.75648188319469000795      0.19364421686109453691     -3.92586959586932859878
      2.15721026378397295886      1.19976047893110315812     -3.79472273768952339523
      2.22335577507036674660     -0.47474640555121694341     -3.20060291417133324643
      1.99573967361562720768     -0.14970798501247062351     -4.93314285016917963844
     -0.37661581306442570849     -1.19507841092686573070     -3.95157691118187415213
     -0.66019893627061088104     -1.92881904797141756625     -2.99636741819716601043
     -0.56242112840981561828     -1.57673566200733983322     -5.22266081626666345272
     -0.29654078439123310318     -0.92486011405494028548     -5.94928624122388871598
     -1.11635882798056962351     -2.86722260974370746212     -5.63656468814281819135
     -2.12369150914542936803     -2.99047988450923529768     -5.23318666389601805378
     -0.48713329888620082730     -3.68097132322680753447     -5.26980985803615809004
     -1.16423338360927797197     -2.92298218612665650085     -6.72590679874358254864
