      1.43126019827439709964      3.68962053929819644438      0.70850755450273072977
      0.56781074911995554899      4.26462189911600653147      1.03992808121663604659
     -0.00014629194451720796      4.59390399259990100944      0.17090954270721064878
      0.90080953790051099261      5.13108628890768247999      1.60961214208815239779
     -0.30920340653956512877      3.38890766787620378864      1.90645261272269395114
     -0.50163197690426686304      3.68543295635855594483      3.08608489310882472267
     -0.83722301811712884767      2.31547294923265534194      1.32100759162663061730
     -0.58702204944576297230      2.14280424429517246665      0.35329221292606965976
     -1.68765318930974572709      1.31870743171936100069      1.98318632039704434433
     -1.40519548965708529487      1.25241707443341687700      3.03576918301881093498
     -3.15157096887057086576      1.77739009674705128461      1.90194499287302920543
     -3.26476288433531047772      2.74878143664448026939      2.38510827207874953615
     -3.46116375871007830867      1.85739248712725646406      0.85863621502738796121
     -3.79351602542861199296      1.05629853716738186797      2.40990495275012506227
     -1.50990710498272862061     -0.08058625716744359513      1.35904517435071414688
     -1.24861595948268200296     -0.20158251057660867001      0.15989390547567075562
     -1.65378119556324931771     -1.14140552128082428673      2.16488574011746504056
     -1.89477703563131338882     -0.96828985692195101986      3.13161524098191401677
     -1.49444750273860793577     -2.54694312522665944343      1.75281786716748499977
     -1.41130937665358269228     -3.13122347008011514546      2.67093228675898908264
     -2.78046981593836983748     -3.01409094115458398022      1.05017584248504691757
     -3.64377462768433435514     -2.81615488640625688532      1.68679453096080211871
     -2.90415049656971202552     -2.48694197242717018881      0.10335218606908075367
     -2.72720579687175757044     -4.08618255967011023699      0.85673717633289858675
     -0.18406221671693356878     -2.83097835351661286651      0.96962400685446237247
     -0.17531015614361869503     -3.57204379039415398367     -0.01894278601954092062
      0.92108317231428493699     -2.20492422606991134160      1.40185847063343937968
      0.82876145012734836470     -1.64166206646196410901      2.23588476073658792842
      2.24656992005390376832     -2.22855676872921648624      0.76320929601330489422
      2.84739958015408589631     -1.49565330917091676710      1.30442142208932687630
      2.91445804986040135631     -3.59167303166427087646      1.01356988744551324011
      2.39993634862086846482     -4.37227903621503610765      0.45245973427114594134
      3.95734997754372797019     -3.55619929197225337347      0.69631455319395640924
      2.88187633539431997676     -3.83166869314011293568      2.07712041828128413101
      2.28384269604908807239     -1.74397270772925816473     -0.71169604834810418215
      3.17160568773245366003     -2.13252682672101112615     -1.47930651724148187753
      1.33850146358139165947     -0.88309563672729085582     -1.10814246553855078048
      0.62011230107802406408     -0.62925344062671983991     -0.44112860248278773501
      1.22724466946033894388     -0.27206856878794960508     -2.43711682302929366628
      2.16012909367149541495     -0.42204444205402613655     -2.98353568661465962109
      0.11021806561844042782     -0.99543715777667773903     -3.20405383493343443035
     -0.84450721302528219958     -0.85178824106031825192     -2.69576352508516414730
      0.32960930265237414760     -2.06264749158529347994     -3.25898228002302570161
      0.03724069033159270459     -0.60031324105254224577     -4.21795268978098025769
      0.98658620772725913461      1.25555025050880164628     -2.36628677543181753506
      0.60788737098003831072      1.80122608466066980171     -1.32269559771660216718
      1.20464688900636018865      1.95347830584937809384     -3.48937319210538721137
      1.50857456496761899167      1.44065933563516934690     -4.30664981990301054537
      1.03053407834091248496      3.40129214872444540774     -3.61986966674914922848
      1.67730079144302024474      3.92256560273628762658     -2.91094221002986364155
     -0.00722407887325948912      3.67392836069681161248     -3.41679371140190024647
      1.28728244413386416767      3.72064973203237681076     -4.63182483482842943801
