     -4.27163735167218927558     -0.71385227087463754003      3.75239107502495317092
     -3.44116898015417094214     -1.41787348184624528713      3.79046551847215207331
     -3.24324196332783598606     -1.80273357516917553944      2.79078854484857119544
     -3.69360849195565199565     -2.24397578529724173180      4.45416272703545157441
     -2.20548796271105951305     -0.71963255068769904632      4.31077730061999275790
     -2.24619991198787571918      0.47479851931591349201      4.60455422499631072952
     -1.10353905242466665548     -1.46257886659143299113      4.41622286371929462234
     -1.16769608921756185005     -2.43900375070364061614      4.16583239928844761835
      0.18141408262909358706     -0.96966003432679481744      4.93044113903795810927
     -0.01426708772595862776     -0.35606317059962211413      5.81166530540900527768
      1.00420115237117713036     -2.18522620534915867907      5.37885059500668294419
      1.93906779580670440843     -1.85013649243117450638      5.83024757841670471237
      0.44524213961938002848     -2.76042524280669621106      6.11847323634457218589
      1.23141440924828127201     -2.82130172969220804902      4.52182026287452565327
      0.96861941814986496357     -0.08634951752841146799      3.93164741766744940676
      1.91531434932695865392      0.60115251629456289972      4.32903451500520120021
      0.58716261718843820727     -0.09333101570660426449      2.64862991093864375003
     -0.20279930207332771963     -0.67296742615905447149      2.40384886572227562951
      1.18799321139457303431      0.69925626708557819811      1.57020025166300047914
      1.64301706286769322318      1.59636258731253954934      1.99481552629578873237
      2.29456290761814463153     -0.13741467788397629390      0.90904921182239861732
      2.79122154766429320105      0.44685015410824530102      0.13323384981306157782
      3.03631193419061284899     -0.42718663983885707403      1.65478596241533870703
      1.86739620059121280704     -1.03619466745477750713      0.46100809744071463703
      0.13778945796916328148      1.16004617051230218827      0.53530370997549503453
     -0.94589499909272023448      0.57668653344433040697      0.42310927485720145613
      0.47307785412696395921      2.19316984619950172686     -0.24633171622506383480
      1.36958862861636276875      2.63481581089837657572     -0.09315454822443267058
     -0.39591307601932923532      2.76254405325060714560     -1.28584316510873919448
     -1.42299213317857575767      2.76337636273152220667     -0.91626021586499051264
      0.02356195843308940205      4.22352178609582917801     -1.49734185884851100923
      1.04367718536174169941      4.26943506250926319012     -1.88201181521436122779
     -0.03194684672087249461      4.76679529702836646265     -0.55280139863795985100
     -0.64783620863437962889      4.69888107003342980761     -2.21381485623861484768
     -0.39736239052682625905      1.96994082301213513375     -2.61624151783574054875
     -1.25999564967274313432      2.19822314474954705332     -3.47096223226576050536
      0.55313030017011266537      1.04619571973874703197     -2.80590378773113791055
      1.22567290304119080879      0.90558244355009698268     -2.06812902364362427576
      0.67402579320687638909      0.20810044976597791289     -4.00294549795412191173
      0.55878031099355007782      0.84771848320112841435     -4.88044404185709534971
      2.09100878515644872380     -0.38074989527893909891     -4.04108873856002936975
      2.82839888464295308168      0.42330907841689602300     -4.02519210394940518682
      2.24893606559697500913     -1.03285869299331611870     -3.18042129030952480662
      2.22555710693935093758     -0.96091553762279269257     -4.95508551344130054872
     -0.40968154947960372381     -0.89300226112668290579     -4.08499528495439623299
     -0.94216013630873107765     -1.34770034585169606878     -3.06481774694870034992
     -0.71584645887199960246     -1.34640190288461814028     -5.30857317092810809811
     -0.22888820994125494424     -0.93497429521437225297     -6.09407547744326727468
     -1.70021151334710918235     -2.39239874297479948595     -5.59161726516876189663
     -1.76123311063086918082     -2.56909046919606964821     -6.66730814289341733314
     -1.41193575369719348522     -3.32281310745155877839     -5.09784172164584425957
     -2.68459983354869935468     -2.08994982771264359300     -5.22815723281828237390
