     -3.34484506620132426846     -4.14089853627627846322      1.78052140263493829941
     -2.43796180427667241730     -4.18981631871098780806      2.38219539572981853226
     -1.59587850080959969823     -4.47007630029345115474      1.75054720644487749048
     -2.56296625207278827574     -4.93150364208707170377      3.17022020236167811902
     -2.16785598436542858991     -2.83973486529576923942      3.00671248979494842857
     -2.92823028884870018018     -1.89602295950355159704      2.79370089687159062208
     -1.08019888827626919792     -2.74752401717950789362      3.77198557460130867725
     -0.52545341090950437035     -3.58140563020185354048      3.90325914413617880427
     -0.66835676351759010227     -1.53221056627635165981      4.48735116462873229182
     -1.56412682262777091857     -1.03221073719651657008      4.86001108279071125651
      0.16319562839052492720     -1.96383808529093562001      5.70320033005664939196
     -0.41463905867612382838     -2.65002062877051391965      6.32416515045830696096
      1.07945398989667418199     -2.45716615621124834234      5.37496590514384386950
      0.42481271536777326370     -1.08880757404847261505      6.29974324333050272884
      0.08753279490614332414     -0.50223797797847902213      3.61215008919954572164
      0.30261469608072749660      0.63585779168928380223      4.04307781279015632236
      0.49722285780269803723     -0.88059406445711652101      2.39508131163563842136
      0.28218405706526844545     -1.82080385850361059497      2.09966477451826216694
      1.21788630238127715266     -0.01828826518631819845      1.45325532836830473293
      2.01507633183933299037      0.49095204534062575341      1.99887133755728307882
      1.87762331048058106475     -0.90627741192595567821      0.38910794877610732634
      1.11365432451073309572     -1.43111241564004521010     -0.18698527535388412280
      2.47388742711495979165     -0.29338507475390873669     -0.28827318802907397899
      2.53259938030846409873     -1.63581527362449308249      0.86795225730458969160
      0.32171888750425514658      1.06997083834631956378      0.81849869813700570909
     -0.89963119192559359849      0.91529218421933267180      0.70827896351922048357
      0.94004620346836453848      2.16480337415393186973      0.35959386751646832403
      1.94097260656382109012      2.23374251041045468469      0.48293394274017886758
      0.25101151985658115562      3.30695241848146359587     -0.25738048024672627312
     -0.63746369264189794990      3.53360118790944621736      0.33486400230357460384
      1.18909953320619399264      4.51880235123349116577     -0.17681075943839158482
      0.68172919900981998609      5.40270306249391829567     -0.56590908078825385985
      2.08875708979414120847      4.33720569881150996849     -0.76709317585526448635
      1.46842175286083476138      4.70482208385336253542      0.86134787287000946776
     -0.22600391230305433288      3.05300695784312603465     -1.70844370267738243641
     -1.05701356972056670358      3.80710532074154084370     -2.22538151156624719462
      0.28242174531115682434      2.00217763657479430606     -2.36351793834093903968
      0.95222205991804065306      1.42805548331380260940     -1.87294221587492759618
     -0.07702249405515253222      1.58265159740407268529     -3.72254459180420216313
     -1.08766896413701208424      1.92794178000700000553     -3.94915592387878033875
      0.89262333020441475551      2.24885855961721459195     -4.71042724381340072171
      1.91332346960671495495      1.91689923175041143644     -4.51388742685695554258
      0.62215191964981175765      1.98265944440124131098     -5.73308002637764957399
      0.84181588635866311243      3.33361742838069652350     -4.60655624351507420045
     -0.07054709788939907134      0.04425155984432508488     -3.87426066220721976308
      0.57637572435947448390     -0.66953263331199552866     -3.09785905234792435792
     -0.77938909609189055416     -0.46770468444129842389     -4.88975620180909587020
     -1.27397510628837729030      0.18131719564419040980     -5.48787974836740222173
     -0.88703703467544248173     -1.89464519172808465441     -5.19913548101422762215
     -1.31870903492537849822     -2.43126126952439314266     -4.35159766295627292720
      0.10093301960464455547     -2.30810788447824677405     -5.41260861909983237439
     -1.52639372818655472130     -2.04224571956909972670     -6.07177118400130311215
