     -3.03243800321354628480     -3.78488930728618022670      2.66414598102608346508
     -2.96206068440145875442     -2.84378238403540928303      2.12004079350545771021
     -2.34037545210327468936     -2.98106673451220993698      1.23617579934112553630
     -3.95807144094169816029     -2.52140618703930474709      1.81865633592768327631
     -2.33690806516643823088     -1.79670742649782533285      3.01344093187339323592
     -2.95336551093982535576     -0.76740484510753459446      3.28714537469056633512
     -1.10704784485927332227     -2.05433181015833721261      3.45911250126004299332
     -0.68518064570194403551     -2.93365036288364544603      3.19621641769805941991
     -0.34581348288191182672     -1.16904633518007528004      4.35142478505326124605
     -1.02143324199828344767     -0.79721206657577214916      5.12381815446973121198
      0.73413841678296010151     -2.01433447814479071880      5.04058500874543646830
      0.27213613612020415289     -2.85120627101908130641      5.56644104341310086426
      1.43986177878315779743     -2.39651921499702336149      4.30126795060877764598
      1.27432884339525198669     -1.40224565527599009940      5.76414702474930340514
      0.26123538929967526911      0.07060189220147965183      3.64908194055774259823
      0.71357286833714084207      1.00311490843082173896      4.32176267004647396419
      0.27122107401631528889      0.09193836558199350306      2.31100998100806398483
     -0.13055927192915828261     -0.70231033484526739219      1.83391414112839412631
      0.76884995277182588413      1.18574710756734447159      1.46996292478172385643
      0.71175693066132261766      2.12380440152464577963      2.02571672862851270835
      2.24303634240242510955      0.90808208393933986802      1.13597638629137720478
      2.65366700800386068337      1.72859597542992582397      0.54587730771608611313
      2.82114619800685728634      0.81883178218514607316      2.05694597918534860526
      2.33046622433270478325     -0.01951874224439127323      0.56758300655262483581
     -0.07791067585174607513      1.35417106809617004970      0.18996989928168936390
     -0.79862063394902427227      0.43870849684698265403     -0.22116358729466897848
      0.04290640276322744973      2.50917630851783135526     -0.47521276693913955258
      0.65748398223550275077      3.21558701538550106847     -0.09360664540912282117
     -0.72894130346767282980      2.85872682001625033621     -1.67711893419785607051
     -1.78998922255526871083      2.75395347177160410013     -1.44304190850442970451
     -0.45764658361868981729      4.33506969341899672798     -1.99494703494716518755
     -0.72089567723720759940      4.95516902824940519423     -1.13670394915037542560
     -1.06314557374271156931      4.64430601495516892641     -2.84817106547370757497
      0.59671065208579621153      4.47974600352918539414     -2.23644457888914338639
     -0.44356975177045820935      1.95749873819677211451     -2.90297386367142395969
     -1.26960928499036018735      1.87611078029529942945     -3.81703073256377312106
      0.69487673367689017923      1.25197875112457346347     -2.91599161486387181697
      1.34504579183026762301      1.39704601176456399969     -2.15747338040281233518
      1.06057876040863940936      0.27259929179286235268     -3.94577046080785942550
      0.78382801923699874092      0.67730712422939309825     -4.92093281912821911561
      2.58728208195027553629      0.11684747579644591542     -3.91976585947691402723
      2.90264496388568238316     -0.55147499372215380564     -4.72216742911971287811
      2.90565216678564564035     -0.30132608428178841997     -2.96346506205399995437
      3.06284211162378383619      1.08772980034263366811     -4.06680842838029121822
      0.34190009234722834597     -1.09381197656346529357     -3.80371039392975784921
      0.42628126486694334352     -1.92940454163376617913     -4.71083640525017433021
     -0.36203114266244140751     -1.33852107728798830344     -2.68700944336682967517
     -0.39619925929105059836     -0.60891118366907481807     -1.98416094404445630950
     -1.09025944652578443694     -2.57604727601845562290     -2.40606293571996010527
     -0.39881654998489801667     -3.42076190740086749642     -2.37881657499081811125
     -1.83867295503462724326     -2.75581941396642493558     -3.18065638600999500696
     -1.59388848179182884834     -2.50073780084351238173     -1.44037586295358055466
