     -3.06866906588371346487      2.44412057604949195522      1.54501521492015259085
     -2.59971500788812281968      2.24208853979930111677      2.50728948538491591691
     -3.27969836028265460115      2.52698784468055448471      3.30926562136891710963
     -1.67668304295333947529      2.81470195247373400349      2.59114916593948629853
     -2.29349789567507222898      0.76656598519216179177      2.61506577363288572613
     -1.13349816279786086426      0.38350963982838609523      2.76201908948674734745
     -3.32963974595601941431     -0.06688449084291286928      2.51516828591523688985
     -4.24705999151628965649      0.33739206698662355111      2.39096304373639778618
     -3.24265635475832558754     -1.52497398602407896462      2.67863074315852722762
     -2.78082215194881898768     -1.73148261712855733307      3.64582221437144804455
     -4.67303028588405489074     -2.07980241908848739740      2.70815373039604745387
     -5.16823189179999875620     -1.89231087515428519907      1.75395564742576848261
     -5.24021785614431045985     -1.60426673790058460511      3.50973127712105359421
     -4.64620231930971971934     -3.15526672954560538642      2.88938985511466261968
     -2.38480905247128793789     -2.23658706886565772365      1.60517323495730934724
     -1.91048306769444709019     -3.35372442592154751395      1.83194173136193771967
     -2.14576700240162310251     -1.58904794940321303365      0.45745053165081983604
     -2.59673423191161356627     -0.69542937247028413505      0.32184748069444135687
     -1.25933181686480688555     -2.07430895173320539726     -0.60621415603421369145
     -1.43782714413790801977     -3.14207774733670452960     -0.74568045249119963014
     -1.65256819624873241281     -1.35757986440049527310     -1.90527368316371603640
     -2.70761714153085408796     -1.53242801529855054987     -2.12149396913906329587
     -1.47532578183329676769     -0.28489254044642853270     -1.81157393323006488117
     -1.05767271772691451304     -1.74447572193803623897     -2.73388343110497977761
      0.24840522163523254262     -1.90242651918082028573     -0.29593313952858540938
      1.08597502199945683543     -2.45121690338200792780     -1.01817164932614434569
      0.60110656628857839223     -1.14830406907065785127      0.75775327816990800667
     -0.14391828773186610135     -0.74629033094712460272      1.31426732975840998563
      1.97432435339141476582     -0.84053367794654321177      1.18658020029408328710
      1.88283588644276611568     -0.05740978022731327290      1.94116715371641190835
      2.56986410460249370402     -2.06343330481311237889      1.90499556198593289480
      1.89006823437383730813     -2.40079046918182825721      2.68854620328285109920
      3.52336602722287262068     -1.79576553224567914135      2.36181979817508969077
      2.73130875436160902581     -2.87513788871808584346      1.19485852844320805666
      2.87832588048374171663     -0.22496844141627114766      0.08529589659125053069
      4.09758178280790374970     -0.42968564351713861571      0.07445087343167079708
      2.27955721004215439152      0.52540373636550186109     -0.84788994769852910061
      1.28405489067367262201      0.66959675899147585998     -0.76042168039365154453
      2.94168252986021361295      1.16673597138341356150     -1.98916865047523483412
      3.98825694348272552503      1.35251753033451183050     -1.74003570687723452259
      2.89346469155905428039      0.19932315119922600077     -3.18171469482759050607
      3.38116075079101507939     -0.74008962933761657244     -2.91769036666488768006
      3.41322478075229041039      0.63541412408119757327     -4.03576888026425972811
      1.85722326433572737514     -0.00107279429351420531     -3.45879625142626112577
      2.30206850002290863699      2.52880404083005005944     -2.34321222115429517174
      1.14412533145506456478      2.79769450441068201485     -1.99957663084063197445
      3.05250502798613299049      3.38530696075535475487     -3.04967377833818664712
      3.98646725599186035893      3.08914410631635449889     -3.30190525317613392531
      2.61934201393676957537      4.71379034308859701241     -3.48673402912320851144
      2.36120940221278097226      5.32830995563835863038     -2.62165685367550915785
      1.74362423063419447189      4.62924183713769910042     -4.13371993064820397734
      3.42054791600518415251      5.20601487223366987678     -4.04157766088378611613
