     -3.82046334714416024880     -1.97859656248690951585      4.47291326709700420849
     -3.51220715894144852598     -1.17149597824261308965      3.80941385142558397447
     -4.28896498929124359023     -0.40831344059713664540      3.77822204181327236938
     -3.34932859166896612635     -1.56719345734246973123      2.80764515463045105648
     -2.22536449224028354266     -0.56722935420186471056      4.32329140354461749496
     -2.17643033337565627860      0.62618406282074379199      4.61993561945779784850
     -1.18030059936084197325     -1.38933901251903879626      4.42002077597308762336
     -1.31754072231472618704     -2.35775219300146243739      4.16791340500686935400
      0.14056691131445303578     -0.99344051151668399946      4.92703889810262918303
     -0.00401836871503649055     -0.36947544980076207910      5.81084371904707985834
      0.87467266127024323463     -2.26731093974022490656      5.36748593607163471120
      1.83442442603789035438     -2.00294982384754005622      5.81359101374173192767
      0.27962762989698380922     -2.80188742087487385746      6.10942943963543250163
      1.04920503341600501734     -2.91607288435897338275      4.50762238828466355045
      0.98423879100203504056     -0.16765181375161175570      3.92513601132330469667
      1.98132347560528532249      0.44744485777296399975      4.31792738744410531382
      0.59528080453189846644     -0.14320835076032645272      2.64458685451000352629
     -0.23662267556354046882     -0.66264099033929979576      2.40362566136715027909
      1.24592516956655696703      0.60599486883500963685      1.56405043253221998079
      1.76823506440473821044      1.46614937424447888681      1.98769083580966854363
      2.28392106261068406070     -0.30789057352935167433      0.89396581824549303796
      1.78912312644745097323     -1.17169694317390749028      0.44671726612243534138
      3.00704283468689670400     -0.65330769366741792137      1.63427968411429858087
      2.81727417217855835574      0.24039680064742385834      0.11625115583186265700
      0.22593487107696913485      1.14537766383100536594      0.53694182391935318943
     -0.89833631591723983600      0.64344054570073294652      0.43044540946829806805
      0.63127581433488044738      2.15317256117264932413     -0.24457269402819681314
      1.55873364670548486544      2.52740988360533158641     -0.09620028535846017470
     -0.20005062417134358843      2.78755591950070114038     -1.27722480931264481541
     -1.22196465820911170930      2.86279891044845236081     -0.90104155637379912402
      0.32422785633764156232      4.21435626815082731156     -1.48822186523980382056
     -0.31492502530458277299      4.73961699730840813061     -2.19931979344722305925
      1.34253477639782325959      4.18628378225721409223     -1.87934465129728378585
      0.31466566242205118442      4.75773067832904406060     -0.54215800120800783368
     -0.26801137464416496803      2.00073019865154799746     -2.60931653442698419099
     -1.11688528717895430020      2.29398559580416394610     -3.45796888373142330408
      0.61088892083548107514      1.01021241206278844516     -2.80710915982220976517
      1.27589416192118787485      0.81865325371623165474     -2.07398545579577042730
      0.66243436037908143277      0.16868263122236012985     -4.00673365177962192973
      0.58897380967857315692      0.81736047531293043455     -4.88207189743798863901
      2.03209308585796755153     -0.52248931529354325498     -4.05527973519657169987
      2.14709696682713069293     -1.18671265130080794137     -3.19707414339347817389
      2.82661222439365333869      0.22522744310041223348     -4.04236915511641914378
      2.11796216977911644364     -1.10853931935108840356     -4.97138966875208332397
     -0.49968339219739599244     -0.84967857681193104114     -4.08421719959731532867
     -1.05771658463901330194     -1.26676844353591477876     -3.06163175045769264671
     -0.84595897196086011771     -1.27613324591812404840     -5.30678853118066395922
     -0.33503120819088133553     -0.89947822471989180571     -6.09450593488607150761
     -1.90621603167627573505     -2.24629635747842515414     -5.58578030995297325489
     -1.98677411397002101623     -2.41517716963781081674     -6.66144016459772725369
     -1.68394604829899385834     -3.19666843946628809192     -5.09590578095287760618
     -2.86344857494198068437     -1.87337004722912658927     -5.21533364117675990457
