      3.73730494450072070478      3.78673572834688343391     -0.15403702290543364040
      3.93936118638370791345      3.57156426545373628656      0.89466473867813267606
      3.49606900646595963877      4.34677502740294219308      1.51852516866375419902
      5.01564839480508162239      3.54366380914505141320      1.06048486297147426249
      3.34429531144734371040      2.23209865708664390027      1.26190805162977492948
      2.73427733672691841704      1.57302864552054244562      0.42167149580585033819
      3.49738144512040216583      1.83668527031643735725      2.52577564602296789076
      4.01016259053195778250      2.44329592556949304338      3.14986348363535606509
      3.05865077396884377237      0.53397645929006787302      3.04541457703826257131
      3.47941108657517927938     -0.24506213499819107238      2.40711192016104646996
      3.65247689941832254235      0.36619832674376828763      4.45048765679964830611
      3.25102926963315219666      1.12798387555100032564      5.12081268609592843433
      3.39910244900831370884     -0.62030391105590032552      4.84129408612191802774
      4.73891604935311683278      0.45703008152343516102      4.40872614909601789890
      1.52384333398875870813      0.33166240755529585726      3.05308112712095747199
      1.05052516198635337297     -0.80473036820570242877      3.14919416187937839524
      0.74256014011794013729      1.41223062159106804714      2.92828194289850296528
      1.19499302067421830920      2.31404780958881106656      2.88767960617540841994
     -0.72174972176883911423      1.38122142661032332178      2.84644158165241512037
     -1.09133752926553140306      0.62528620211920571403      3.54165033918049854123
     -1.24462774820626487227      2.74478402234272689242      3.31844648262555663720
     -0.90994096847798411343      3.53071293648899375839      2.63945618961584616002
     -2.33526307364759055929      2.73367621505656899217      3.33866735817394033603
     -0.87873453454613759117      2.95548816776131895168      4.32449811082723378775
     -1.26968455755037323840      1.01154264214157163515      1.44559769644483715467
     -2.46955718266463675192      0.75080601573400707061      1.30605097501033906582
     -0.42263689362975409569      0.98617937350345064029      0.40765627185958208667
      0.55251015652545221180      1.19329627088754341990      0.57823613979892862780
     -0.81132369286385408458      0.64404914328852946870     -0.96450668299077380041
     -1.73625211488919317659      1.17547634385727350903     -1.19814377719682840784
      0.26936413961333421918      1.15780160530220110893     -1.92523792505705992895
     -0.04163494746159296378      0.98770345541107551490     -2.95685235150583647368
      0.42174311419540977397      2.22780561397425946879     -1.77641182094621741250
      1.20819070103514758507      0.63143377710956594129     -1.74726751612698305571
     -1.08340714009816907470     -0.86584850946547364803     -1.15898211612856849584
     -0.54870255233793352456     -1.71325124817660578991     -0.43383765969253357264
     -1.89884998980685604231     -1.19977825856789088732     -2.16511777128763105438
     -2.27795696306368178341     -0.45432146875758433469     -2.73252126926578320365
     -2.27301701245389953243     -2.56932789978629294581     -2.53849816282964724223
     -1.48742719016419333578     -3.25607254718627503465     -2.21730620149179280531
     -3.56663935929642628153     -2.93884317004607709123     -1.79661764732309880976
     -3.84478909801633106369     -3.96861467384611232845     -2.02472000705088817085
     -3.41647483082243930141     -2.84781235292739687281     -0.71992458756116373131
     -4.37628870151363624785     -2.27477472249659884440     -2.10339184975330351079
     -2.43086041095777982690     -2.73652971739697381537     -4.06736243223532678570
     -2.64155164599971081785     -1.75998916060610155476     -4.79761783126698659885
     -2.34575768595745159928     -3.98290314069230433347     -4.55243120792662825380
     -2.18143995225272613325     -4.73070987795968278533     -3.89108001670134662220
     -2.47760562085280700018     -4.34205092566745687321     -5.96566000607653101895
     -2.36451325742803941665     -5.42076437447054271246     -6.09079776036278097706
     -3.46039412227036358161     -4.04565173155702595409     -6.33836033953243305206
     -1.70939801381143796633     -3.83689992840760041304     -6.55499454276798143582
