      0.17987953836723635792      3.62415347913905527832      0.51534381280333685371
      0.42322798615829293478      3.48732703372925589846      1.56821840815442392625
      0.00773335546636776290      4.31038328517374669246      2.14805184424493411655
      1.50526553173144694853      3.46289901523955467866      1.69046391710551269227
     -0.17210143510341263662      2.18442782716668570941      2.05057080480789721832
      0.55838196007374873986      1.29354399476432502247      2.48605091369722153161
     -1.49806807508695194464      2.06976960540973786706      1.97087006118268792676
     -2.01936104269223681840      2.84719774381071832892      1.59380169129920190585
     -2.24220231726963215024      0.86833820863312971561      2.36216098924236517220
     -1.99613163084457578833      0.64150898351403673470      3.40151137261970903936
     -3.74523820379727512275      1.16837812784529804233      2.28990232477038402337
     -3.98730232863625699835      2.01223455557332187027      2.93772575158812365714
     -4.03065666037949998923      1.40719933230455729323      1.26402254803453284460
     -4.31094144561824421658      0.29670903400657760995      2.62224737287400300190
     -1.85868943654832086132     -0.35815632263234836730      1.50587010724112535520
     -1.58167879552788659403     -0.23236035834548382506      0.30881606228843799800
     -1.82627467668004572765     -1.54617179749970445890      2.12490166740367802944
     -2.09836181866741666724     -1.57491827129951089681      3.09835880411933839440
     -1.37178716537217892935     -2.80970487161984516788      1.52005259049678320693
     -1.22980474031798858725     -3.51092614309137474038      2.34420915055865242138
     -2.49757079426447425874     -3.38432537336253780325      0.64364173008884584259
     -2.65866368637087990834     -2.74730624777309495599     -0.22685927246633874610
     -3.42162015725211121620     -3.44581337598115977627      1.21994377603029313661
     -2.22920590399294438200     -4.38626886947058469701      0.30649065959861093722
      0.01282360986014996831     -2.72098878019576417842      0.82164720265691804091
      0.27217847721283455753     -3.41636368718925975685     -0.16591276284269879104
      0.89166988197277319284     -1.83813481583475990533      1.32030716400951231293
      0.60459511765229789759     -1.32062812697479992075      2.13952736592342995792
      2.19716829456858020464     -1.47871320213626233908      0.74886858431762703958
      2.54052729487240780415     -0.61402097235078012538      1.31924613868692075513
      3.20720987433565563052     -2.60454261397884145879      1.02868450201245531517
      4.21177123857683000097     -2.27515134780822148031      0.76070864439612873031
      3.19558477293999798619     -2.85910991475256892613      2.08927802501274850755
      2.95625062834077834140     -3.48947420244345707374      0.44308923353937740286
      2.16720066814697798208     -0.98563629129095653436     -0.72288313069003828915
      3.18239075067351695481     -1.05110620121381326264     -1.42586650556628313780
      1.02163753295938786181     -0.48404531164231323626     -1.20196429117801684150
      0.21827832960653698047     -0.44783747142064417313     -0.58652010095118745081
      0.85944770357416189199      0.06425787372508234840     -2.55167987421197661746
      1.36053727268717850052     -0.60431634314054438750     -3.25465041043355007844
     -0.63397375647436060575      0.06750976704554428887     -2.90488964193546550518
     -0.76870167906269271096      0.38668459302648566789     -3.93912518323187033076
     -1.04567358100833285306     -0.93633026623890969198     -2.79027328317825462634
     -1.17115261976287765577      0.75475750959567344811     -2.24982379477748128949
      1.49372664891234130380      1.46621431072504448956     -2.71153812772786695362
      1.65465190414689211629      2.21367168531003866150     -1.73845307954066230494
      1.83232954828882865783      1.83563767644412334512     -3.95459354490196046683
      1.66000142799429384333      1.17511895998120752260     -4.70118710143105644761
      2.43020568959353067129      3.12347810269783510151     -4.31095248219802229528
      3.38041786596066362591      3.25357945483901911388     -3.78870468313504593638
      1.75937881092198411537      3.93876747080033329240     -4.03191782161571143916
      2.61069023513490261479      3.16860354918715181327     -5.38678812879172852490
