     -2.99230732412978817081     -1.93684041747312263304      2.97518062812308059506
     -3.26799863386949018818     -1.47182852355991933280      3.92091033563273905216
     -3.40662791022591049384     -2.24287852715669178139      4.67783075571372108925
     -4.19459114652666453793     -0.91273593992678914155      3.79595017481886642940
     -2.16409586719525171006     -0.53623236730955881058      4.35820982898117392779
     -2.39183350137176597983      0.66405706612260573252      4.50676544887620167401
     -0.96479026455008110030     -1.08400767997662872411      4.55566280861047268047
     -0.87468473419436520988     -2.08134899960581520872      4.42372208983618886435
      0.21906955006519746032     -0.34303758326678240875      5.01165977969067988340
     -0.08651075780476039090      0.33279943121973215581      5.81241771532453821436
      1.20671399322768424511     -1.35689772699910249365      5.60520570403208751031
      2.06991795391004762550     -0.83179557856678165706      6.01650443724764016906
      0.72548527495823633693     -1.91977163803563000144      6.40640644979179274543
      1.54633648227345910087     -2.04711211337609766403      4.83126798287354475292
      0.88476741572062078678      0.52658092290132552105      3.91706917731834458607
      1.70739673001741598668      1.39290889225835723408      4.23260634593463525022
      0.53677712511212960500      0.31023321622031035938      2.64278963214111639601
     -0.15064440195552517010     -0.40828807753648777013      2.46639586746895833613
      1.03378859970019143510      1.05291746779757922070      1.47934552230059579436
      1.33817411091007198998      2.05280993216568097282      1.79511302997309685203
      2.26854614699129575328      0.32362241870680941158      0.92695254142403527009
      2.68762228856494767015      0.88158867674068486231      0.08851738324243701994
      3.02926005272310838734      0.24071797040033371395      1.70459250791288496885
      1.99245223180830999254     -0.67640430820472108309      0.58822491742021409955
     -0.05138255540883610029      1.22232971506582588361      0.39308166561475499368
     -1.03137891064354536574      0.47078490935167283116      0.34774278076071601928
      0.14029183647991075312      2.19530052840770206757     -0.50542013077280500966
      0.95592095937279597528      2.78396197199671613376     -0.40308338611635496918
     -0.78217018298916818342      2.49846042227081177600     -1.60863097604920923800
     -1.80529153945957854255      2.38550257825637324061     -1.24538607480475871370
     -0.58458078726793616386      3.97125398431502851793     -1.99201651018948311389
      0.42489892130491330180      4.12723386757831445237     -2.37585902409459936990
     -0.74235747146760100446      4.60701514953080160097     -1.11949242678302995913
     -1.30455211733115739037      4.25046934484837901636     -2.76257187452861030508
     -0.63448026366836884904      1.56390735682998283096     -2.83459182307268031664
     -1.50295752242369218266      1.55513394741114518993     -3.71349269142222704332
      0.44899089623627919110      0.78079480429009140430     -2.90901032939130388399
      1.11887095584141782467      0.83270321267819791267     -2.15736980571254299832
      0.72157928756185818475     -0.16395342809675778062     -3.99670265640733823886
      0.52979070615772916319      0.34263822111538660975     -4.94484741630791813094
      2.21195791778923878113     -0.52919569762071427821     -3.95915222689371715248
      2.44818459607615723783     -1.04348827622505968549     -3.02607373894331255215
      2.81837546312923459269      0.37451813758658114573     -4.03704159030650799878
      2.45277074436527708912     -1.18545259982775030849     -4.79666138421957377602
     -0.18058694994462101691     -1.41994274709495482689     -3.95014259259377809030
     -0.66002098494481298285     -1.82749420998904965607     -2.88473618541550269612
     -0.38777475436257646813     -2.05576985293109570918     -5.11171399957968208838
      0.04813343518317685782     -1.67001136447253872852     -5.93911313381012551105
     -1.19575568691203315552     -3.26614503237288911208     -5.27095167978527356922
     -0.78053846097625545486     -4.07674052748809057078     -4.66835919876629201752
     -1.20586843771119966995     -3.57551967360393474493     -6.31796625677748924232
     -2.22229250814571921424     -3.07735125534946440951     -4.94973839832039885778
