     -4.22448426865380799455     -3.17031180416211899598      3.38808800888038197385
     -3.32130423055682033606     -3.34542198327208550879      3.97156238213743417731
     -2.67970145066631459940     -4.05253817477963451665      3.44719279129011413332
     -3.58987571176528241779     -3.75261435330189163651      4.94561081319411854906
     -2.57859780483217759794     -2.04264040527084222987      4.16354061897691885008
     -3.02289539252417993609     -1.00038114318153281701      3.68344848876384745040
     -1.44357331593708115847     -2.10443371645152410565      4.85997095786789135019
     -1.16733026505589143618     -3.00274240658772528789      5.23017330276417347079
     -0.60007846227258654359     -0.94453707192612024190      5.17852956118165597132
     -1.25053306605094971538     -0.09397261016752730955      5.39000813678846490973
      0.17481843324535084605     -1.26809616859238905029      6.46341836323069518500
      0.75748984321687629073     -0.39862889718154903562      6.77083082993436491392
      0.85134137814019972268     -2.10694162041956012388      6.29226972510088344848
     -0.52179565342682665552     -1.52257557466403437019      7.26360779864119709970
      0.34618135152916201802     -0.50980965516856069364      4.03229226489098024899
      0.95116248426109206715      0.56541326499407140727      4.10423878692308008453
      0.48816096218902488291     -1.32561902802381670341      2.98039283477463134986
     -0.04084878879904698529     -2.18443238258837135746      2.97855509727887879379
      1.34197404514662066433     -1.04848882836307222277      1.82099338305678370986
      2.31152012920607141666     -0.70364782204357090301      2.18640900449151232010
      1.57300822215630020651     -2.36236165878945936214      1.06198071764639911940
      2.25479618557758820785     -2.19222870352095799973      0.22748449189724059827
      0.62630071580645563234     -2.74227042324282566099      0.67434652250732907142
      2.01419755605155659239     -3.10457817511387235143      1.72902121393783092529
      0.77424705183924757979      0.05523026220747914716      0.89863932165953686049
     -0.44009205928957351173      0.28284484535357656831      0.83912712098896469204
      1.65776229849554668228      0.72504049810833393064      0.15075715284593002585
      2.63351281743088883047      0.47829220229862889902      0.23084824376400719936
      1.29893043341422886883      1.76613540697751925101     -0.81768962672147216253
      0.57963821943713622620      2.43893599845497588419     -0.34607949961494116620
      2.55623254633279417547      2.58458046666208796083     -1.14188653409141172013
      2.97377538292416332411      3.00347174605370348388     -0.22502024007032597752
      2.30089783906161882143      3.40318436198923546243     -1.81629805368487740047
      3.30285697436279690464      1.94976734891953484841     -1.62186541523916338825
      0.63647153499457109760      1.19866621417033281105     -2.09465441824635689727
      0.85129762039847833854      0.03922907614734338910     -2.46907019619633105734
     -0.15269731852554463414      2.03086647024006961004     -2.78235245321829749443
     -0.27159578108926923923      2.97099250298068140452     -2.43406336868387018768
     -0.82219434622459997009      1.68440073710012105934     -4.04039705906232615717
     -1.27419060319184906938      0.69690800283628429046     -3.92666330763547888338
     -1.95785284639203438495      2.68885984614121298364     -4.27999758007438746432
     -2.64476569159256591490      2.68237115142015847269     -3.43231057643217241093
     -1.54936426736578414243      3.69284958779943561780     -4.40625931969441442249
     -2.51009593398413333176      2.41484014556840076438     -5.17999241092270867881
      0.15015139879699904157      1.61431428970823609426     -5.24191612807333573443
      1.20945701854517695395      2.25436718693438953309     -5.24872780559774998466
     -0.22611892761874027857      0.85210650120709618971     -6.27813204561654547575
     -1.11162918720992998090      0.36853588157454797436     -6.20435254895553001120
      0.54766582291362708723      0.66949050664287612644     -7.50740614398222394499
      0.69337541909312494504      1.63031282888759609939     -8.00559201520691310350
      0.01974131406100436414     -0.00270018946669749746     -8.18675369294548005428
      1.52465037439728923196      0.23996546490180956090     -7.27585749544892923524
