       1    -168.5991962           9
       2    -168.0700890          10
       3    -169.5049576          11
       4    -169.0641400          12
       5    -169.3002594          13
       6    -169.3428854          14
       7    -170.3294505          51
       8    -170.1309721          52
       9    -170.2750572          62
      10    -169.5550381          63
      11    -168.9135592          77
      12    -169.5465130          78
      13    -169.1428521          79
      14    -169.2830044          80
      15    -169.0478555          81
      16    -168.1222998          82
      17    -169.1878414          83
      18    -169.7377231          84
      19    -169.1859473          85
      20    -168.7230961          86
      21    -168.6246285          87
      22    -167.7831503         101
      23    -168.5227346         102
      24    -169.5999371         103
      25    -169.5255314         104
      26    -171.1732347         105
      27    -171.7734131         107
      28    -168.1247946         108
      29    -169.4008281         109
      30    -169.2260188         110
      31    -169.4905073         111
      32    -169.1357649         112
      33    -169.6071888         116
      34    -171.8862195         117
      35    -169.4871755         134
      36    -169.5929001         135
      37    -169.6988236         136
      38    -169.8096647         137
      39    -168.7433373         138
      40    -168.0095144         139
      41    -169.6947415         140
      42    -169.2939191         141
      43    -168.3038280         143
      44    -168.5678706         144
      45    -168.9366864         145
      46    -170.3749238         147
      47    -170.3245648         148
      48    -166.9241951         153
