    -170.68795801667306478    
    -170.68821688660153768    
    -170.68822102058840073    
    -170.68822687330938948    
    -170.68824398034351475    
    -170.68827300666413294    
    -170.68832818099119208    
    -170.68860759369709967    
    -170.68909707323729208    
    -170.69193067111018536    
    -170.69257347934123459    
    -170.69348601350324657    
    -170.69419804071034719    
    -170.69510636545012972    
    -170.69648575430488791    
    -170.69825389764511669    
    -170.69950648726799614    
    -170.70213233810557085    
    -170.70748770943458794    
    -170.70980783931122460    
    -170.71087730284457962    
    -170.71202284103515012    
    -170.71219250091209574    
    -170.71256422602343150    
    -170.71265422617972263    
    -170.71281756783247374    
    -170.71292813823515644    
    -170.71301258276736235    
    -170.71301472405502864    
    -170.71305745465446080    
    -170.71306363401521367    
    -170.71307820644813091    
    -170.71308052384802068    
    -170.71308871306590049    
    -170.71309154734680646    
    -170.71309421872931011    
    -170.71309705212175345    
    -170.71309747545211621    
    -170.71309901617908622    
    -170.71309982717212961    
    -170.71310028625853761    
    -170.71310055586218368    
    -170.71310068911628832    
    -170.71310077205612288    
    -170.71310087911029996    
    -170.71310089181591252    
    -170.71310094065773910    
    -170.71310096807502532    
    -170.71310099109075509    
    -170.71310100013980104    
    -170.71310100755513872    
    -170.71310101189786224    
    -170.71310101679284799    
    -170.71310101822638217    
    -170.71310102289166366    
    -170.71310102465645286    
    -170.71310102677077225    
    -170.71310102925380647    
    -170.71310103096436706    
    -170.71310103091391852    
    -170.71310103202054620    
    -170.71310103207264319    
    -170.68819717757691024    
    -170.68820069325386157    
    -170.68820502277884543    
    -170.68821729621674876    
    -170.68823578688900966    
    -170.68826644168649409    
    -170.68836724394330417    
    -170.68860979525169341    
    -170.68875195265991351    
    -170.68951775141511007    
    -170.69069387565554052    
    -170.69182068898240345    
    -170.69243071785919597    
    -170.69277167304755949    
    -170.69306311051275316    
    -170.69316024221885186    
    -170.69336960664128355    
    -170.69389839029145151    
    -170.69508384775497234    
    -170.69529683410485177    
    -170.69542341020454046    
    -170.69544611870679773    
    -170.69545259347046340    
    -170.69546372220875696    
    -170.69546802851522216    
    -170.69547446564538973    
    -170.69547764550281954    
    -170.69548129781404100    
    -170.69548625066570935    
    -170.69548706913693081    
    -170.69549049164908183    
    -170.69549127140527389    
    -170.69549178439905290    
    -170.69549193215149785    
    -170.69549202341869432    
    -170.69549207138231850    
    -170.69549210226190894    
    -170.69549212275035188    
    -170.69549213549078104    
    -170.69549214942568938    
    -170.69549216321752283    
    -170.69549217473269209    
    -170.69549218006704905    
    -170.69549218332903706    
    -170.69549218571464166    
    -170.69549218750097452    
    -170.69549218847745919    
    -170.69549218922023215    
    -170.69549218975572558    
    -170.69549219002442442    
    -170.69549219019879160    
    -170.69549219027493336    
