    -171.02123157208529847    
    -171.02221974182728559    
    -171.02233253210582120    
    -171.02389335313284846    
    -171.11634007922913270    
    -171.12987435594996555    
    -171.14870031492935709    
    -171.16991456278978490    
    -171.19748985508439887    
    -171.22336148751102769    
    -171.25928417395115844    
    -171.34776005676297927    
    -171.52624909505038886    
    -171.62053764833515856    
    -171.72485587276688079    
    -171.83083176653971691    
    -172.04929614376919744    
    -172.08227009035158517    
    -172.40993301974151564    
    -172.55709116817720883    
    -172.72703426889253819    
    -172.77443089501045392    
    -172.81825505638684604    
    -172.83710630561040489    
    -172.84831124116865908    
    -172.86138956544550638    
    -172.87067549609869843    
    -172.87313060838678780    
    -172.87560336380116155    
    -172.87620071870881588    
    -172.87703448939134887    
    -172.87734493957890436    
    -172.87755408478440700    
    -172.87759966158407110    
    -172.87765134332286721    
    -172.87768914608497539    
    -172.87770950221462840    
    -172.87771847861205288    
    -172.87772517808917883    
    -172.87773072187655998    
    -172.87773329847146897    
    -172.87773500683911720    
    -172.87773544319989583    
    -172.87773594727858040    
    -172.87773599611850273    
    -172.87773629807813336    
    -172.87773633728781419    
    -172.87773638171307766    
    -172.87773640283154464    
    -172.87773640542275189    
    -172.87773640963280286    
    -172.87773641008456593    
    -172.87773641077814091    
    -172.87773641083484222    
    -172.87773641098053190    
    -172.87773641103916589    
    -172.87773641113267331    
    -171.02201230764217144    
    -171.02205146127278113    
    -171.02228913414950284    
    -171.02281740272991328    
    -171.02299672664551622    
    -171.02432476185856558    
    -171.02523074815189830    
    -171.02616706216059583    
    -171.02631554143053449    
    -171.02637145965979926    
    -171.02640247691002173    
    -171.02640990951798017    
    -171.02644578010639975    
    -171.02645116384960033    
    -171.02646873768534874    
    -171.02647794773156420    
    -171.02648843291584058    
    -171.02649552467443073    
    -171.02650056240420895    
    -171.02650218021528872    
    -171.02650406716480802    
    -171.02650535564495726    
    -171.02650550325083145    
    -171.02650606136526790    
    -171.02650617678270351    
    -171.02650627264571881    
    -171.02650632937277919    
    -171.02650634900555815    
    -171.02650635865364848    
    -171.02650636709000764    
    -171.02650636773125825    
    -171.02650637048310500    
    -171.02650637160226665    
    -171.02650637246162546    
    -171.02650637283909418    
    -171.02650637308940418    
    -171.02650637324003924    
    -171.02650637335000283    
    -171.02650637344120810    
    -171.02650637345917062    
    -171.02650637349023555    
