    -3.120089664        -173.1343170         1
    -3.120089021        -173.1343170         2
    -3.120086751        -173.1343170         3
    -3.120083692        -173.1343170         4
    -3.120080923        -173.1343170         5
    -3.120077996        -173.1343170         6
    -3.120069045        -173.1343170         7
    -3.120048052        -173.1343170         8
    -3.120023888        -173.1343170         9
    -3.120010842        -173.1343170        10
    -3.119979926        -173.1343169        11
    -3.119890121        -173.1343168        12
    -3.119753674        -173.1343164        13
    -3.119627943        -173.1343153        14
    -3.119489377        -173.1343136        15
    -3.119143462        -173.1343032        16
    -3.117926716        -173.1342872        17
    -3.117194002        -173.1342621        18
    -3.116317197        -173.1342188        19
    -3.115390566        -173.1341109        20
    -3.112751141        -173.1339268        21
    -3.108021812        -173.1334105        22
    -3.104701063        -173.1326344        23
    -3.099584935        -173.1310665        24
    -3.084061593        -173.1260736        25
    -3.064513717        -173.1175228        26
    -3.046129962        -173.1069110        27
    -3.017857166        -173.0809245        28
    -2.949040553        -172.9940915        29
    -2.832863633        -172.8509214        30
    -2.727917955        -172.7593040        31
    -2.579346042        -172.5715845        32
    -2.486138330        -172.4693275        33
    -2.440348323        -172.4320296        34
    -2.394984499        -172.3775075        35
    -2.388435606        -172.3666508        36
    -2.263874866        -172.3396998        37
    -2.068287345        -172.3389645        38
    -2.048287345        -172.3272809        39
    -2.028287345        -172.3162063        40
    -2.008287346        -172.3057146        41
    -1.988287345        -172.2958111        42
    -1.968287346        -172.2864970        43
    -1.948287345        -172.2777822        44
    -1.928287345        -172.2696718        45
    -1.908287345        -172.2623971        46
    -1.872888399        -172.2515422        47
    -1.839302100        -172.2453602        48
    -1.818069394        -172.2402369        49
    -1.812598856        -172.2378885        50
    -1.800232090        -172.2325355        51
    -1.773656547        -172.2276150        52
    -1.759502051        -172.2214959        53
    -1.750558224        -172.2175172        54
    -1.732535453        -172.2026787        55
    -1.697146367        -172.2025779        56
    -1.656131962        -172.1544855        57
    -1.590514617        -172.1488159        58
    -1.492108393        -172.1252248        59
    -1.413392461        -172.0752727        60
    -1.283677566        -172.0022199        61
    -1.263677566        -171.9665857        62
    -1.086332997        -171.7164222        63
    -1.005552524        -171.5817814        64
   -0.9653400316        -171.4822336        65
   -0.9535754358        -171.4639850        66
   -0.7535754357        -171.4277066        67
   -0.7335754357        -171.4202923        68
   -0.6185876485        -171.3909066        69
   -0.5884265891        -171.3816175        70
   -0.5872685724        -171.3810947        71
   -0.5870106731        -171.3810752        72
   -0.5770612935        -171.3802281        73
   -0.5571552394        -171.3775452        74
   -0.5466591854        -171.3745768        75
   -0.5128069190        -171.3707841        76
   -0.4846318194        -171.3631974        77
   -0.4703675689        -171.3561477        78
   -0.4097842379        -171.3515353        79
   -0.3787571993        -171.3476380        80
   -0.3726538922        -171.3423582        81
   -0.3261152850        -171.3375786        82
   -0.2068522130        -171.3375320        83
   -0.1956264838        -171.3363625        84
   -0.1842433764        -171.3352966        85
   -0.1747764932        -171.3344680        86
   -0.1663422294        -171.3337418        87
   -0.1582305706        -171.3331502        88
   -0.1469473084        -171.3324128        89
   -0.1399287572        -171.3319931        90
   -0.1231848571        -171.3312616        91
   -0.5957779773E-01    -171.3281187        92
   -0.3957779796E-01    -171.3276138        93
   -0.2551329740E-01    -171.3273126        94
   -0.2210702921E-01    -171.3272504        95
   -0.2074076984E-01    -171.3272256        96
   -0.2014610079E-01    -171.3272123        97
   -0.2000000003E-01    -171.3272077        98
     0.000000000        -171.3269237        99
    0.1999999994E-01    -171.3271103       100
    0.2007518516E-01    -171.3271119       101
    0.2026278577E-01    -171.3271143       102
    0.2058338317E-01    -171.3271174       103
    0.2112193929E-01    -171.3271229       104
    0.2302549082E-01    -171.3271381       105
    0.2648198507E-01    -171.3271555       106
    0.2793083175E-01    -171.3271782       107
    0.3032234455E-01    -171.3272070       108
    0.3352008322E-01    -171.3272389       109
    0.3442525889E-01    -171.3272496       110
    0.4121449726E-01    -171.3273000       111
    0.4225895215E-01    -171.3273064       112
    0.4330144579E-01    -171.3273351       113
    0.4426675218E-01    -171.3273425       114
    0.4463577778E-01    -171.3273473       115
    0.4567960815E-01    -171.3273550       116
    0.4574160813E-01    -171.3273559       117
    0.4606313941E-01    -171.3273586       118
    0.4616796290E-01    -171.3273592       119
    0.4642528360E-01    -171.3273602       120
    0.4663229516E-01    -171.3273602       121
    0.4673276248E-01    -171.3273607       122
    0.4675955523E-01    -171.3273608       123
    0.4684178209E-01    -171.3273610       124
    0.4695155994E-01    -171.3273611       125
    0.4703787975E-01    -171.3273612       126
    0.4707468463E-01    -171.3273613       127
    0.4711822475E-01    -171.3273613       128
    0.4716148122E-01    -171.3273614       129
    0.4717239177E-01    -171.3273614       130
    0.4718721662E-01    -171.3273614       131
    0.4719948819E-01    -171.3273614       132
    0.4720242964E-01    -171.3273614       133
    0.4722179782E-01    -171.3273614       134
    0.4722691381E-01    -171.3273614       135
    0.4723572395E-01    -171.3273614       136
    0.4723831554E-01    -171.3273614       137
    0.4723886113E-01    -171.3273614       138
    0.4724075097E-01    -171.3273614       139
