        0.0000000000     -171.0265064000
        0.0000009325     -171.0265064000
        0.0000030941     -171.0265064000
        0.0000056038     -171.0265064000
        0.0000074870     -171.0265064000
        0.0000088860     -171.0265064000
        0.0000104595     -171.0265064000
        0.0000152694     -171.0265064000
        0.0000233489     -171.0265064000
        0.0000282754     -171.0265064000
        0.0000399916     -171.0265064000
        0.0000413989     -171.0265064000
        0.0000583554     -171.0265064000
        0.0000675035     -171.0265063000
        0.0000826324     -171.0265063000
        0.0001195367     -171.0265063000
        0.0002132668     -171.0265062000
        0.0002533796     -171.0265061000
        0.0004604413     -171.0265055000
        0.0004893757     -171.0265054000
        0.0006953958     -171.0265041000
        0.0009187584     -171.0265022000
        0.0010867072     -171.0265006000
        0.0017524297     -171.0264955000
        0.0025746465     -171.0264884000
        0.0032482638     -171.0264779000
        0.0036637821     -171.0264687000
        0.0040756838     -171.0264512000
        0.0052875127     -171.0264458000
        0.0068059278     -171.0264099000
        0.0071016787     -171.0264025000
        0.0087053810     -171.0263715000
        0.0095439728     -171.0263155000
        0.0168904001     -171.0261671000
        0.0375606498     -171.0252307000
        0.0429272031     -171.0243248000
        0.0633491273     -171.0229967000
        0.1041986647     -171.0228174000
        0.1155561885     -171.0222891000
        0.1201750984     -171.0220515000
        0.1207529654     -171.0220123000
        0.1407529658     -171.0212316000
        0.1607529657     -171.0222197000
        0.1618824080     -171.0223325000
        0.1793769652     -171.0238934000
        0.3793769655     -171.1163401000
        0.3993769656     -171.1298744000
        0.4193769658     -171.1487003000
        0.4393769656     -171.1699146000
        0.4593769655     -171.1974899000
        0.4768123597     -171.2233615000
        0.4966671929     -171.2592842000
        0.6966671932     -171.3477601000
        0.7642040569     -171.5262491000
        0.7901991801     -171.6205376000
        0.8650392133     -171.7248559000
        0.9149528410     -171.8308318000
        1.0542065122     -172.0492961000
        1.2005698678     -172.0822701000
        1.2645053498     -172.4099330000
        1.3536127108     -172.5570912000
        1.4059495288     -172.7270343000
        1.4678567868     -172.7744309000
        1.4992440198     -172.8182551000
        1.5130781368     -172.8371063000
        1.5222639048     -172.8483112000
        1.5422361268     -172.8613896000
        1.5614914088     -172.8706755000
        1.5759967118     -172.8731306000
        1.5806467778     -172.8756034000
        1.5825302028     -172.8762007000
        1.5870447098     -172.8770345000
        1.5911120628     -172.8773449000
        1.5932915888     -172.8775541000
        1.5938788448     -172.8775997000
        1.5948041578     -172.8776513000
        1.5961015668     -172.8776891000
        1.5970332638     -172.8777095000
        1.5973079378     -172.8777185000
        1.5976628668     -172.8777252000
        1.5981628828     -172.8777307000
        1.5986748478     -172.8777333000
        1.5987838718     -172.8777350000
        1.5988443968     -172.8777354000
        1.5989663388     -172.8777359000
        1.5991164288     -172.8777360000
        1.5991545338     -172.8777363000
        1.5991702138     -172.8777363000
        1.5992032968     -172.8777364000
        1.5992303498     -172.8777364000
        1.5992480808     -172.8777364000
        1.5992553868     -172.8777364000
        1.5992570498     -172.8777364000
        1.5992616778     -172.8777364000
        1.5992620128     -172.8777364000
        1.5992636828     -172.8777364000
        1.5992645668     -172.8777364000
        1.5992664558     -172.8777364000
        1.5992664558     -172.8777364000
        1.5992678858     -172.8777364000
        1.5992689548     -172.8777364000
        1.5992736218     -172.8777364000
        1.5992789198     -172.8777364000
        1.5992849638     -172.8777364000
        1.5992882698     -172.8777364000
        1.5992945858     -172.8777364000
        1.5993144688     -172.8777364000
        1.5993417458     -172.8777364000
        1.5993538728     -172.8777363000
        1.5994000218     -172.8777361000
        1.5995390678     -172.8777360000
        1.5996941888     -172.8777355000
        1.5998304768     -172.8777345000
        1.5999175968     -172.8777332000
        1.6002511838     -172.8777300000
        1.6007910868     -172.8777242000
        1.6012308248     -172.8777144000
        1.6015262988     -172.8777035000
        1.6022230068     -172.8776691000
        1.6038843468     -172.8776002000
        1.6063696718     -172.8773782000
        1.6073937198     -172.8771944000
        1.6108976048     -172.8761493000
        1.6192059118     -172.8757044000
        1.6319988498     -172.8723142000
        1.6431317328     -172.8674231000
        1.6512391588     -172.8606217000
        1.6651525368     -172.8397046000
        1.7070087648     -172.8176729000
        1.7580410788     -172.7787616000
        1.8016186698     -172.7278819000
        1.8400191118     -172.6472202000
        1.9097160308     -172.4929040000
        2.0699515648     -172.3487387000
        2.1217293658     -172.1296750000
        2.2434689648     -171.9004739000
        2.4434689648     -171.8109627000
        2.4685877168     -171.7173483000
        2.5208281638     -171.6197091000
        2.6510630224     -171.5330486000
        2.7006895032     -171.4721135000
        2.7554864383     -171.4181731000
        2.7821744816     -171.3762380000
        2.8190108602     -171.3122238000
        2.9255891168     -171.1653271000
        3.0822328787     -171.0711590000
        3.0998642281     -170.9144212000
        3.1198642282     -170.8499212000
        3.1418832062     -170.6252064000
        3.3418832063     -170.4821762000
        3.5349067995     -170.3827852000
        3.5399327680     -170.3816289000
        3.5599327678     -170.3794097000
        3.5799327679     -170.3816514000
        3.5851106941     -170.3828701000
        3.7372725443     -170.4693727000
        3.9372725442     -170.9667856000
        4.1372725440     -171.8666778000
        4.1572725443     -171.9517615000
        4.3572725443     -172.1205294000
        4.5122070533     -172.5240664000
        4.5190882351     -172.5898247000
        4.5771971288     -172.8256239000
        4.6120136638     -172.8924746000
        4.6415880688     -172.9681678000
        4.6773898358     -173.0546256000
        4.7002961668     -173.0892708000
        4.7172889698     -173.1094430000
        4.7274539268     -173.1178339000
        4.7326328328     -173.1220070000
        4.7386798768     -173.1252557000
        4.7466448838     -173.1284071000
        4.7582425938     -173.1309725000
        4.7670617648     -173.1322087000
        4.7698328268     -173.1330275000
        4.7718388248     -173.1334772000
        4.7757609888     -173.1339490000
        4.7799591068     -173.1340172000
        4.7811721638     -173.1342439000
        4.7815366818     -173.1342669000
        4.7823071718     -173.1342938000
        4.7830632708     -173.1343016000
        4.7833426528     -173.1343112000
        4.7834651688     -173.1343130000
        4.7836833398     -173.1343150000
        4.7837138008     -173.1343152000
        4.7839472558     -173.1343164000
        4.7840513758     -173.1343168000
        4.7841339018     -173.1343169000
        4.7841619208     -173.1343170000
        4.7841703248     -173.1343170000
        4.7841976108     -173.1343170000
        4.7842165928     -173.1343170000
        4.7842224148     -173.1343170000
        4.7842243528     -173.1343170000
        4.7842281868     -173.1343170000
        4.7842328728     -173.1343170000
        4.7842341968     -173.1343170000
        4.7842347028     -173.1343170000
        4.7842347028     -173.1343170000
        4.7842353458     -173.1343170000
        4.7842376158     -173.1343170000
        4.7842406748     -173.1343170000
        4.7842434438     -173.1343170000
        4.7842463708     -173.1343170000
        4.7842553218     -173.1343170000
        4.7842763148     -173.1343170000
        4.7843004788     -173.1343170000
        4.7843135248     -173.1343170000
        4.7843444408     -173.1343169000
        4.7844342458     -173.1343168000
        4.7845706928     -173.1343164000
        4.7846964238     -173.1343153000
        4.7848349898     -173.1343136000
        4.7851809048     -173.1343032000
        4.7863976508     -173.1342872000
        4.7871303648     -173.1342621000
        4.7880071698     -173.1342188000
        4.7889338008     -173.1341109000
        4.7915732258     -173.1339268000
        4.7963025548     -173.1334105000
        4.7996233038     -173.1326344000
        4.8047394318     -173.1310665000
        4.8202627738     -173.1260736000
        4.8398106498     -173.1175228000
        4.8581944048     -173.1069110000
        4.8864672008     -173.0809245000
        4.9552838138     -172.9940915000
        5.0714607338     -172.8509214000
        5.1764064118     -172.7593040000
        5.3249783248     -172.5715845000
        5.4181860368     -172.4693275000
        5.4639760438     -172.4320296000
        5.5093398678     -172.3775075000
        5.5158887608     -172.3666508000
        5.6404495008     -172.3396998000
        5.8360370218     -172.3389645000
        5.8560370218     -172.3272809000
        5.8760370218     -172.3162063000
        5.8960370208     -172.3057146000
        5.9160370218     -172.2958111000
        5.9360370208     -172.2864970000
        5.9560370218     -172.2777822000
        5.9760370218     -172.2696718000
        5.9960370218     -172.2623971000
        6.0314359678     -172.2515422000
        6.0650222668     -172.2453602000
        6.0862549728     -172.2402369000
        6.0917255108     -172.2378885000
        6.1040922768     -172.2325355000
        6.1306678198     -172.2276150000
        6.1448223158     -172.2214959000
        6.1537661428     -172.2175172000
        6.1717889138     -172.2026787000
        6.2071779998     -172.2025779000
        6.2481924048     -172.1544855000
        6.3138097498     -172.1488159000
        6.4122159738     -172.1252248000
        6.4909319058     -172.0752727000
        6.6206468008     -172.0022199000
        6.6406468008     -171.9665857000
        6.8179913698     -171.7164222000
        6.8987718428     -171.5817814000
        6.9389843352     -171.4822336000
        6.9507489310     -171.4639850000
        7.1507489311     -171.4277066000
        7.1707489311     -171.4202923000
        7.2857367183     -171.3909066000
        7.3158977777     -171.3816175000
        7.3170557944     -171.3810947000
        7.3173136937     -171.3810752000
        7.3272630733     -171.3802281000
        7.3471691274     -171.3775452000
        7.3576651814     -171.3745768000
        7.3915174478     -171.3707841000
        7.4196925474     -171.3631974000
        7.4339567979     -171.3561477000
        7.4945401289     -171.3515353000
        7.5255671675     -171.3476380000
        7.5316704746     -171.3423582000
        7.5782090818     -171.3375786000
        7.6974721538     -171.3375320000
        7.7086978830     -171.3363625000
        7.7200809904     -171.3352966000
        7.7295478736     -171.3344680000
        7.7379821374     -171.3337418000
        7.7460937962     -171.3331502000
        7.7573770584     -171.3324128000
        7.7643956096     -171.3319931000
        7.7811395097     -171.3312616000
        7.8447465691     -171.3281187000
        7.8647465688     -171.3276138000
        7.8788110694     -171.3273126000
        7.8822173376     -171.3272504000
        7.8835835970     -171.3272256000
        7.8841782660     -171.3272123000
        7.8843243668     -171.3272077000
        7.9043243668     -171.3269237000
        7.9243243667     -171.3271103000
        7.9243995520     -171.3271119000
        7.9245871526     -171.3271143000
        7.9249077500     -171.3271174000
        7.9254463061     -171.3271229000
        7.9273498576     -171.3271381000
        7.9308063519     -171.3271555000
        7.9322551986     -171.3271782000
        7.9346467114     -171.3272070000
        7.9378444500     -171.3272389000
        7.9387496257     -171.3272496000
        7.9455388641     -171.3273000000
        7.9465833190     -171.3273064000
        7.9476258126     -171.3273351000
        7.9485911190     -171.3273425000
        7.9489601446     -171.3273473000
        7.9500039750     -171.3273550000
        7.9500659749     -171.3273559000
        7.9503875062     -171.3273586000
        7.9504923297     -171.3273592000
        7.9507496504     -171.3273602000
        7.9509566620     -171.3273602000
        7.9510571293     -171.3273607000
        7.9510839220     -171.3273608000
        7.9511661489     -171.3273610000
        7.9512759267     -171.3273611000
        7.9513622466     -171.3273612000
        7.9513990514     -171.3273613000
        7.9514425916     -171.3273613000
        7.9514858480     -171.3273614000
        7.9514967586     -171.3273614000
        7.9515115834     -171.3273614000
        7.9515238550     -171.3273614000
        7.9515267964     -171.3273614000
        7.9515461646     -171.3273614000
        7.9515512806     -171.3273614000
        7.9515600908     -171.3273614000
        7.9515626823     -171.3273614000
        7.9515632279     -171.3273614000
        7.9515651178     -171.3273614000
