    -1.458513490        -172.8777364         1
    -1.458511601        -172.8777364         2
    -1.458510717        -172.8777364         3
    -1.458509047        -172.8777364         4
    -1.458508712        -172.8777364         5
    -1.458504084        -172.8777364         6
    -1.458502421        -172.8777364         7
    -1.458495115        -172.8777364         8
    -1.458477384        -172.8777364         9
    -1.458450331        -172.8777364        10
    -1.458417248        -172.8777363        11
    -1.458401568        -172.8777363        12
    -1.458363463        -172.8777360        13
    -1.458213373        -172.8777359        14
    -1.458091431        -172.8777354        15
    -1.458030906        -172.8777350        16
    -1.457921882        -172.8777333        17
    -1.457409917        -172.8777307        18
    -1.456909901        -172.8777252        19
    -1.456554972        -172.8777185        20
    -1.456280298        -172.8777095        21
    -1.455348601        -172.8776891        22
    -1.454051192        -172.8776513        23
    -1.453125879        -172.8775997        24
    -1.452538623        -172.8775541        25
    -1.450359097        -172.8773449        26
    -1.446291744        -172.8770345        27
    -1.441777237        -172.8762007        28
    -1.439893812        -172.8756034        29
    -1.435243746        -172.8731306        30
    -1.420738443        -172.8706755        31
    -1.401483161        -172.8613896        32
    -1.381510939        -172.8483112        33
    -1.372325171        -172.8371063        34
    -1.358491054        -172.8182551        35
    -1.327103821        -172.7744309        36
    -1.265196563        -172.7270343        37
    -1.212859745        -172.5570912        38
    -1.123752384        -172.4099330        39
    -1.059816902        -172.0822701        40
   -0.9134535464        -172.0492961        41
   -0.7741998752        -171.8308318        42
   -0.7242862475        -171.7248559        43
   -0.6494462143        -171.6205376        44
   -0.6234510911        -171.5262491        45
   -0.5559142274        -171.3477601        46
   -0.3559142271        -171.2592842        47
   -0.3360593939        -171.2233615        48
   -0.3186239997        -171.1974899        49
   -0.2986239998        -171.1699146        50
   -0.2786240000        -171.1487003        51
   -0.2586239998        -171.1298744        52
   -0.2386239997        -171.1163401        53
   -0.3862399936E-01    -171.0238934        54
   -0.2112944223E-01    -171.0223325        55
   -0.1999999991E-01    -171.0222197        56
     0.000000000        -171.0212316        57
    0.2000000035E-01    -171.0220123        58
    0.2057786738E-01    -171.0220515        59
    0.2519677734E-01    -171.0222891        60
    0.3655430107E-01    -171.0228174        61
    0.7740383853E-01    -171.0229967        62
    0.9782576272E-01    -171.0243248        63
    0.1031923160        -171.0252307        64
    0.1238625657        -171.0261671        65
    0.1312089930        -171.0263155        66
    0.1320475848        -171.0263715        67
    0.1336512871        -171.0264025        68
    0.1339470380        -171.0264099        69
    0.1354654531        -171.0264458        70
    0.1366772820        -171.0264512        71
    0.1370891837        -171.0264687        72
    0.1375047020        -171.0264779        73
    0.1381783193        -171.0264884        74
    0.1390005361        -171.0264955        75
    0.1396662586        -171.0265006        76
    0.1398342074        -171.0265022        77
    0.1400575700        -171.0265041        78
    0.1402635901        -171.0265054        79
    0.1402925245        -171.0265055        80
    0.1404995862        -171.0265061        81
    0.1405396990        -171.0265062        82
    0.1406334291        -171.0265063        83
    0.1406703334        -171.0265063        84
    0.1406854623        -171.0265063        85
    0.1406946104        -171.0265064        86
    0.1407115669        -171.0265064        87
    0.1407129742        -171.0265064        88
    0.1407246904        -171.0265064        89
    0.1407296169        -171.0265064        90
    0.1407376964        -171.0265064        91
    0.1407425063        -171.0265064        92
    0.1407440798        -171.0265064        93
    0.1407454788        -171.0265064        94
    0.1407473620        -171.0265064        95
    0.1407498717        -171.0265064        96
    0.1407520333        -171.0265064        97
    0.1407529658        -171.0265064        98
