   -0.4591929660        -169.6739377         1
   -0.4591916456        -169.6739377         2
   -0.4591866223        -169.6739377         3
   -0.4591775484        -169.6739377         4
   -0.4591706644        -169.6739377         5
   -0.4591662128        -169.6739377         6
   -0.4591591616        -169.6739377         7
   -0.4591416436        -169.6739377         8
   -0.4591248350        -169.6739377         9
   -0.4591190856        -169.6739377        10
   -0.4591045133        -169.6739377        11
   -0.4590611669        -169.6739377        12
   -0.4590243445        -169.6739376        13
   -0.4589879960        -169.6739376        14
   -0.4589520984        -169.6739375        15
   -0.4588176206        -169.6739373        16
   -0.4586443437        -169.6739369        17
   -0.4585423008        -169.6739364        18
   -0.4584095940        -169.6739358        19
   -0.4579250953        -169.6739326        20
   -0.4571351661        -169.6739293        21
   -0.4566480317        -169.6739244        22
   -0.4563244245        -169.6739191        23
   -0.4560609174        -169.6739112        24
   -0.4553245974        -169.6738946        25
   -0.4530663208        -169.6738572        26
   -0.4519591339        -169.6738266        27
   -0.4487458809        -169.6737315        28
   -0.4481443835        -169.6737028        29
   -0.4427110916        -169.6735279        30
   -0.4395667287        -169.6733911        31
   -0.4371209175        -169.6732187        32
   -0.4346146229        -169.6729423        33
   -0.4256275340        -169.6727524        34
   -0.4187344964        -169.6724796        35
   -0.4144034143        -169.6722839        36
   -0.4116542322        -169.6720605        37
   -0.4069747539        -169.6718666        38
   -0.3963533727        -169.6715675        39
   -0.3868507008        -169.6710418        40
   -0.3792057704        -169.6704515        41
   -0.3656873546        -169.6697531        42
   -0.3568862363        -169.6690928        43
   -0.3401845755        -169.6682264        44
   -0.3273950171        -169.6676291        45
   -0.3121038709        -169.6671358        46
   -0.3034364588        -169.6667998        47
   -0.2970555591        -169.6654947        48
   -0.2491623646        -169.6652900        49
   -0.2261725035        -169.6644367        50
   -0.2164427695        -169.6639950        51
   -0.2106916760        -169.6635285        52
   -0.2086011989        -169.6629860        53
   -0.1954480038        -169.6627146        54
   -0.1836618843        -169.6622037        55
   -0.1801936817        -169.6620450        56
   -0.1764385035        -169.6617966        57
   -0.1721619212        -169.6612648        58
   -0.1677356500        -169.6602083        59
   -0.1496615945        -169.6584252        60
   -0.1488024649        -169.6581461        61
   -0.1069230490        -169.6568948        62
   -0.1016413484        -169.6565695        63
   -0.9274284786E-01    -169.6561430        64
   -0.8261082324E-01    -169.6556483        65
   -0.6976396788E-01    -169.6550840        66
   -0.6032798404E-01    -169.6547246        67
   -0.3058677484E-01    -169.6536887        68
   -0.2344466378E-01    -169.6534225        69
   -0.2037432143E-01    -169.6532946        70
   -0.1999999982E-01    -169.6532741        71
     0.000000000        -169.6526730        72
    0.1999999991E-01    -169.6534188        73
    0.2065462903E-01    -169.6534683        74
    0.3000333145E-01    -169.6540538        75
    0.7077764954E-01    -169.6575856        76
    0.1486321631        -169.6759699        77
    0.2839637079        -169.7045612        78
    0.3241200957        -169.7621267        79
    0.4323473612        -169.8407908        80
    0.4523473613        -169.8670541        81
    0.6047506419        -169.9894715        82
    0.6709381698        -170.1044019        83
    0.7548817232        -170.1771244        84
    0.8498930182        -170.2848315        85
    0.9223777736        -170.3498311        86
    0.9294127797        -170.3615867        87
    0.9527300863        -170.3921480        88
    0.9629392536        -170.4025338        89
    0.9800806513        -170.4162910        90
     1.048749706        -170.4410306        91
     1.097263975        -170.4647555        92
     1.107442248        -170.4802792        93
     1.142934503        -170.5041228        94
     1.208219282        -170.5399567        95
     1.353161781        -170.5656500        96
     1.388042973        -170.6168317        97
     1.403130365        -170.6405033        98
     1.445130213        -170.6614948        99
     1.480293983        -170.6782481       100
     1.513630575        -170.6948830       101
     1.536603279        -170.6973687       102
     1.548795609        -170.7066072       103
     1.551913355        -170.7080966       104
     1.562635969        -170.7106285       105
     1.568914568        -170.7117855       106
     1.577767865        -170.7122123       107
     1.580343195        -170.7126522       108
     1.582133972        -170.7127542       109
     1.584384022        -170.7129048       110
     1.584633994        -170.7129212       111
     1.586439348        -170.7129837       112
     1.587267111        -170.7130078       113
     1.588594667        -170.7130233       114
     1.588889729        -170.7130367       115
     1.589199541        -170.7130445       116
     1.590024122        -170.7130584       117
     1.591328273        -170.7130731       118
     1.592957081        -170.7130818       119
     1.593242659        -170.7130881       120
     1.593440049        -170.7130906       121
     1.593758036        -170.7130933       122
     1.594477403        -170.7130945       123
     1.594662586        -170.7130977       124
     1.594761819        -170.7130983       125
     1.594971712        -170.7130992       126
     1.595279300        -170.7130999       127
     1.595463449        -170.7131005       128
     1.595510838        -170.7131006       129
     1.595577961        -170.7131008       130
     1.595666763        -170.7131009       131
     1.595728355        -170.7131010       132
     1.595756542        -170.7131010       133
     1.595776263        -170.7131010       134
     1.595800634        -170.7131010       135
     1.595814558        -170.7131010       136
     1.595819460        -170.7131010       137
     1.595826984        -170.7131010       138
     1.595836141        -170.7131010       139
     1.595838895        -170.7131010       140
     1.595840117        -170.7131010       141
     1.595842308        -170.7131010       142
     1.595844691        -170.7131010       143
     1.595846299        -170.7131010       144
     1.595846976        -170.7131010       145
