        0.0000000000     -171.0651010000
        0.0000016130     -171.0651010000
        0.0000025660     -171.0651010000
        0.0000051600     -171.0651010000
        0.0000134430     -171.0651010000
        0.0000227970     -171.0651010000
        0.0000286830     -171.0651010000
        0.0000416210     -171.0651010000
        0.0000833610     -171.0651010000
        0.0001585020     -171.0651009000
        0.0002320170     -171.0651006000
        0.0003218740     -171.0651000000
        0.0006092130     -171.0650979000
        0.0011549250     -171.0650943000
        0.0016206240     -171.0650880000
        0.0019351210     -171.0650807000
        0.0024861290     -171.0650645000
        0.0038863500     -171.0650210000
        0.0065260690     -171.0649116000
        0.0094998900     -171.0646798000
        0.0122300000     -171.0643163000
        0.0171217600     -171.0640594000
        0.0253827590     -171.0608752000
        0.0417085380     -171.0604371000
        0.0554199170     -171.0527051000
        0.0729464850     -171.0439682000
        0.1006538620     -171.0135803000
        0.1514428330     -170.9953083000
        0.2258883340     -170.9468302000
        0.3517867050     -170.9136863000
        0.3666916840     -170.8884192000
        0.3852491900     -170.8603152000
        0.4052491900     -170.8311916000
        0.4252491900     -170.8063411000
        0.4452491900     -170.7836228000
        0.4652491900     -170.7639175000
        0.4843466930     -170.7495582000
        0.5645757270     -170.6947875000
        0.6043168210     -170.6694145000
        0.6449504370     -170.6452199000
        0.6864166460     -170.6176734000
        0.7233069810     -170.5860191000
        0.7478203050     -170.5558511000
        0.8030003450     -170.5119317000
        0.8514843470     -170.4514908000
        0.9307268180     -170.3964953000
        0.9794954150     -170.3476008000
        1.0545204960     -170.2838734000
        1.1208479210     -170.2133652000
        1.1781715890     -170.1496286000
        1.2451939200     -170.0950776000
        1.3497876390     -170.0471439000
        1.4187808780     -170.0052612000
        1.4482395620     -169.9780339000
        1.4863186250     -169.9469257000
        1.4921776668     -169.9413243000
        1.5406788313     -169.8703117000
        1.5483867525     -169.8583808000
        1.6558807421     -169.8225122000
        1.7372093831     -169.7934746000
        1.8009553121     -169.7730877000
        1.8193618321     -169.7663068000
        1.8326865586     -169.7500731000
        1.8822095006     -169.7485664000
        1.9189698474     -169.7419800000
        1.9818838953     -169.7365747000
        2.0123477828     -169.7262835000
        2.0329186462     -169.7181875000
        2.0658290102     -169.7108467000
        2.0918948818     -169.7040811000
        2.1234853033     -169.6983380000
        2.1515859657     -169.6941629000
        2.1767551336     -169.6907251000
        2.1866188015     -169.6888875000
        2.1931592751     -169.6860064000
        2.2294329462     -169.6776739000
        2.3094224318     -169.6735012000
        2.3216280511     -169.6714040000
        2.3366986799     -169.6692910000
        2.3484909617     -169.6679153000
        2.3553969700     -169.6673116000
        2.3753969700     -169.6662344000
        2.3953969694     -169.6652525000
        2.4092456120     -169.6646350000
        2.4211602633     -169.6641610000
        2.4411602634     -169.6635001000
        2.4618117595     -169.6629168000
        2.4662326961     -169.6627998000
        2.4682382680     -169.6627405000
        2.4684230067     -169.6627332000
        2.4884230070     -169.6623329000
        2.5084230073     -169.6627195000
        2.5085924536     -169.6627259000
        2.5102684154     -169.6627727000
        2.5139184330     -169.6628629000
        2.5288296423     -169.6632201000
        2.6073444306     -169.6643256000
        2.6241563188     -169.6654384000
        2.6575400479     -169.6700057000
        2.6626626220     -169.6708455000
        2.6832129553     -169.6726692000
        2.6842199527     -169.6727485000
        2.6879094192     -169.6729706000
        2.6905250720     -169.6730337000
        2.6917604906     -169.6731120000
        2.6955900375     -169.6733390000
        2.6996639901     -169.6734391000
        2.7027168737     -169.6735748000
        2.7049634222     -169.6736441000
        2.7070345414     -169.6737008000
        2.7099917556     -169.6737114000
        2.7105904162     -169.6737723000
        2.7110055723     -169.6737868000
        2.7118261854     -169.6738082000
        2.7129584800     -169.6738325000
        2.7151480591     -169.6738541000
        2.7164403974     -169.6738656000
        2.7170907838     -169.6738755000
        2.7173030509     -169.6738799000
        2.7179088293     -169.6738882000
        2.7188829457     -169.6738984000
        2.7190907369     -169.6739006000
        2.7204386824     -169.6739098000
        2.7209779040     -169.6739149000
        2.7222792562     -169.6739205000
        2.7226837681     -169.6739249000
        2.7228345652     -169.6739268000
        2.7232050022     -169.6739299000
        2.7235934326     -169.6739314000
        2.7236713987     -169.6739319000
        2.7244179003     -169.6739341000
        2.7246935804     -169.6739352000
        2.7252341317     -169.6739362000
        2.7253700471     -169.6739368000
        2.7254243094     -169.6739370000
        2.7255616603     -169.6739373000
        2.7257650843     -169.6739374000
        2.7258065784     -169.6739375000
        2.7258339661     -169.6739376000
        2.7258803451     -169.6739376000
        2.7259244503     -169.6739377000
        2.7259324691     -169.6739377000
        2.7259781408     -169.6739377000
        2.7259921320     -169.6739377000
        2.7259935672     -169.6739377000
        2.7260013545     -169.6739377000
        2.7260043965     -169.6739377000
        2.7260096461     -169.6739377000
        2.7260109815     -169.6739377000
        2.7260114574     -169.6739377000
        2.7260114574     -169.6739377000
        2.7260127778     -169.6739377000
        2.7260178011     -169.6739377000
        2.7260268750     -169.6739377000
        2.7260337590     -169.6739377000
        2.7260382106     -169.6739377000
        2.7260452618     -169.6739377000
        2.7260627798     -169.6739377000
        2.7260795884     -169.6739377000
        2.7260853378     -169.6739377000
        2.7260999101     -169.6739377000
        2.7261432565     -169.6739377000
        2.7261800789     -169.6739376000
        2.7262164274     -169.6739376000
        2.7262523250     -169.6739375000
        2.7263868028     -169.6739373000
        2.7265600797     -169.6739369000
        2.7266621226     -169.6739364000
        2.7267948294     -169.6739358000
        2.7272793281     -169.6739326000
        2.7280692573     -169.6739293000
        2.7285563917     -169.6739244000
        2.7288799989     -169.6739191000
        2.7291435060     -169.6739112000
        2.7298798260     -169.6738946000
        2.7321381026     -169.6738572000
        2.7332452895     -169.6738266000
        2.7364585425     -169.6737315000
        2.7370600399     -169.6737028000
        2.7424933318     -169.6735279000
        2.7456376947     -169.6733911000
        2.7480835059     -169.6732187000
        2.7505898005     -169.6729423000
        2.7595768894     -169.6727524000
        2.7664699270     -169.6724796000
        2.7708010091     -169.6722839000
        2.7735501912     -169.6720605000
        2.7782296695     -169.6718666000
        2.7888510507     -169.6715675000
        2.7983537226     -169.6710418000
        2.8059986530     -169.6704515000
        2.8195170688     -169.6697531000
        2.8283181871     -169.6690928000
        2.8450198479     -169.6682264000
        2.8578094063     -169.6676291000
        2.8731005525     -169.6671358000
        2.8817679646     -169.6667998000
        2.8881488643     -169.6654947000
        2.9360420588     -169.6652900000
        2.9590319199     -169.6644367000
        2.9687616539     -169.6639950000
        2.9745127474     -169.6635285000
        2.9766032245     -169.6629860000
        2.9897564196     -169.6627146000
        3.0015425391     -169.6622037000
        3.0050107417     -169.6620450000
        3.0087659199     -169.6617966000
        3.0130425022     -169.6612648000
        3.0174687734     -169.6602083000
        3.0355428289     -169.6584252000
        3.0364019585     -169.6581461000
        3.0782813744     -169.6568948000
        3.0835630750     -169.6565695000
        3.0924615755     -169.6561430000
        3.1025936002     -169.6556483000
        3.1154404555     -169.6550840000
        3.1248764394     -169.6547246000
        3.1546176486     -169.6536887000
        3.1617597596     -169.6534225000
        3.1648301020     -169.6532946000
        3.1652044236     -169.6532741000
        3.1852044234     -169.6526730000
        3.2052044233     -169.6534188000
        3.2058590524     -169.6534683000
        3.2152077549     -169.6540538000
        3.2559820729     -169.6575856000
        3.3338365865     -169.6759699000
        3.4691681313     -169.7045612000
        3.5093245191     -169.7621267000
        3.6175517846     -169.8407908000
        3.6375517847     -169.8670541000
        3.7899550653     -169.9894715000
        3.8561425932     -170.1044019000
        3.9400861466     -170.1771244000
        4.0350974416     -170.2848315000
        4.1075821970     -170.3498311000
        4.1146172031     -170.3615867000
        4.1379345097     -170.3921480000
        4.1481436770     -170.4025338000
        4.1652850747     -170.4162910000
        4.2339541294     -170.4410306000
        4.2824683984     -170.4647555000
        4.2926466714     -170.4802792000
        4.3281389264     -170.5041228000
        4.3934237054     -170.5399567000
        4.5383662044     -170.5656500000
        4.5732473964     -170.6168317000
        4.5883347884     -170.6405033000
        4.6303346364     -170.6614948000
        4.6654984064     -170.6782481000
        4.6988349984     -170.6948830000
        4.7218077024     -170.6973687000
        4.7340000324     -170.7066072000
        4.7371177784     -170.7080966000
        4.7478403924     -170.7106285000
        4.7541189914     -170.7117855000
        4.7629722884     -170.7122123000
        4.7655476184     -170.7126522000
        4.7673383954     -170.7127542000
        4.7695884454     -170.7129048000
        4.7698384174     -170.7129212000
        4.7716437714     -170.7129837000
        4.7724715344     -170.7130078000
        4.7737990904     -170.7130233000
        4.7740941524     -170.7130367000
        4.7744039644     -170.7130445000
        4.7752285454     -170.7130584000
        4.7765326964     -170.7130731000
        4.7781615044     -170.7130818000
        4.7784470824     -170.7130881000
        4.7786444724     -170.7130906000
        4.7789624594     -170.7130933000
        4.7796818264     -170.7130945000
        4.7798670094     -170.7130977000
        4.7799662424     -170.7130983000
        4.7801761354     -170.7130992000
        4.7804837234     -170.7130999000
        4.7806678724     -170.7131005000
        4.7807152614     -170.7131006000
        4.7807823844     -170.7131008000
        4.7808711864     -170.7131009000
        4.7809327784     -170.7131010000
        4.7809609654     -170.7131010000
        4.7809806864     -170.7131010000
        4.7810050574     -170.7131010000
        4.7810189814     -170.7131010000
        4.7810238834     -170.7131010000
        4.7810314074     -170.7131010000
        4.7810405644     -170.7131010000
        4.7810433184     -170.7131010000
        4.7810445404     -170.7131010000
        4.7810467314     -170.7131010000
        4.7810491144     -170.7131010000
        4.7810507224     -170.7131010000
        4.7810513994     -170.7131010000
        4.7810513994     -170.7131010000
        4.7810520854     -170.7131010000
        4.7810605852     -170.7131010000
        4.7810708715     -170.7131010000
        4.7810916896     -170.7131010000
        4.7811053573     -170.7131010000
        4.7811160122     -170.7131010000
        4.7811222142     -170.7131010000
        4.7811290482     -170.7131010000
        4.7811515805     -170.7131010000
        4.7811663291     -170.7131010000
        4.7811748936     -170.7131010000
        4.7811870879     -170.7131010000
        4.7812160944     -170.7131010000
        4.7812605104     -170.7131010000
        4.7812915728     -170.7131009000
        4.7813552162     -170.7131009000
        4.7813637229     -170.7131009000
        4.7814443592     -170.7131008000
        4.7814753433     -170.7131007000
        4.7815247869     -170.7131006000
        4.7816227396     -170.7131003000
        4.7818685330     -170.7130998000
        4.7820230989     -170.7130990000
        4.7823419950     -170.7130975000
        4.7823982549     -170.7130971000
        4.7827509422     -170.7130942000
        4.7830318225     -170.7130915000
        4.7832183029     -170.7130887000
        4.7833835300     -170.7130805000
        4.7841850593     -170.7130782000
        4.7849983049     -170.7130636000
        4.7851911931     -170.7130575000
        4.7860487439     -170.7130147000
        4.7875754172     -170.7130126000
        4.7901313055     -170.7129281000
        4.7917163168     -170.7128176000
        4.7938708983     -170.7126542000
        4.7948608754     -170.7125642000
        4.7971740925     -170.7121925000
        4.8008971885     -170.7120228000
        4.8116917014     -170.7108773000
        4.8167549596     -170.7098078000
        4.8225072311     -170.7074877000
        4.8456183068     -170.7021323000
        4.9042201280     -170.6995065000
        4.9110831721     -170.6982539000
        4.9238169533     -170.6964858000
        4.9343822208     -170.6951064000
        4.9430769924     -170.6941980000
        4.9523924302     -170.6934860000
        4.9675331802     -170.6925735000
        4.9799567306     -170.6919307000
        5.0387745259     -170.6890971000
        5.0587745255     -170.6886076000
        5.0744359409     -170.6883282000
        5.0778273306     -170.6882730000
        5.0800465464     -170.6882440000
        5.0810702941     -170.6882269000
        5.0813412853     -170.6882210000
        5.0814942940     -170.6882169000
        5.1014942934     -170.6879580000
        5.1214942932     -170.6881972000
        5.1216341274     -170.6882007000
        5.1218525570     -170.6882050000
        5.1226728975     -170.6882173000
        5.1243663509     -170.6882358000
        5.1263949268     -170.6882664000
        5.1337875552     -170.6883672000
        5.1513509822     -170.6886098000
        5.2159863926     -170.6887520000
        5.2468693965     -170.6895178000
        5.2642478492     -170.6906939000
        5.2842478493     -170.6918207000
        5.2938321470     -170.6924307000
        5.2980679975     -170.6927717000
        5.3204733229     -170.6930631000
        5.3310414749     -170.6931602000
        5.3327986704     -170.6933696000
        5.3346080894     -170.6938984000
        5.3615725921     -170.6950838000
        5.3760779672     -170.6952968000
        5.3788968813     -170.6954234000
        5.3814154030     -170.6954461000
        5.3816373803     -170.6954526000
        5.3822283137     -170.6954637000
        5.3828486231     -170.6954680000
        5.3830719984     -170.6954745000
        5.3832888327     -170.6954776000
        5.3836746963     -170.6954813000
        5.3842516584     -170.6954863000
        5.3843556854     -170.6954871000
        5.3850340100     -170.6954905000
        5.3852176418     -170.6954913000
        5.3853806131     -170.6954918000
        5.3854298190     -170.6954919000
        5.3854739768     -170.6954920000
        5.3855169429     -170.6954921000
        5.3855573759     -170.6954921000
        5.3855884774     -170.6954921000
        5.3856066377     -170.6954921000
        5.3856304746     -170.6954921000
        5.3856682033     -170.6954922000
        5.3856970595     -170.6954922000
        5.3857108172     -170.6954922000
        5.3857225686     -170.6954922000
        5.3857323668     -170.6954922000
        5.3857428696     -170.6954922000
        5.3857517129     -170.6954922000
        5.3857567520     -170.6954922000
        5.3857611857     -170.6954922000
        5.3857654614     -170.6954922000
        5.3857692079     -170.6954922000
        5.3857703856     -170.6954922000
