    -2.007272083        -170.5497696         1
    -2.007271131        -170.5497696         2
    -2.007267569        -170.5497696         3
    -2.007264857        -170.5497696         4
    -2.007262514        -170.5497696         5
    -2.007259810        -170.5497696         6
    -2.007248379        -170.5497695         7
    -2.007235154        -170.5497695         8
    -2.007224962        -170.5497695         9
    -2.007221428        -170.5497695        10
    -2.007214488        -170.5497695        11
    -2.007188487        -170.5497695        12
    -2.007162166        -170.5497695        13
    -2.007145446        -170.5497695        14
    -2.007110361        -170.5497694        15
    -2.006968512        -170.5497692        16
    -2.006843146        -170.5497688        17
    -2.006761028        -170.5497684        18
    -2.006646337        -170.5497674        19
    -2.006182619        -170.5497651        20
    -2.005657370        -170.5497615        21
    -2.005272442        -170.5497572        22
    -2.005050271        -170.5497531        23
    -2.004283906        -170.5497407        24
    -2.002830360        -170.5497223        25
    -2.001992001        -170.5496992        26
    -2.001366365        -170.5496725        27
    -1.999853296        -170.5495872        28
    -1.995787792        -170.5494988        29
    -1.992913429        -170.5493566        30
    -1.990891544        -170.5492190        31
    -1.987805069        -170.5489983        32
    -1.983405869        -170.5487062        33
    -1.979033066        -170.5482479        34
    -1.973729353        -170.5475880        35
    -1.966278833        -170.5465148        36
    -1.958855334        -170.5453446        37
    -1.949570655        -170.5432297        38
    -1.945498408        -170.5412601        39
    -1.929997870        -170.5365945        40
    -1.905623785        -170.5285716        41
    -1.876570661        -170.5079018        42
    -1.870824371        -170.5028769        43
    -1.776955687        -170.4700593        44
    -1.766707953        -170.4640132        45
    -1.707895134        -170.4376886        46
    -1.687392439        -170.4214093        47
    -1.670550404        -170.3976305        48
    -1.602520236        -170.3758743        49
    -1.562456666        -170.3548092        50
    -1.527676759        -170.3400405        51
    -1.483338970        -170.3224531        52
    -1.462615385        -170.3029776        53
    -1.433050468        -170.2842420        54
    -1.309991449        -170.2548115        55
    -1.295637546        -170.2475436        56
    -1.224837208        -170.2148782        57
    -1.202391790        -170.2036501        58
    -1.171610702        -170.1825463        59
    -1.161483917        -170.1670029        60
    -1.134626902        -170.1560300        61
    -1.096199530        -170.1163703        62
    -1.083183148        -170.0908701        63
    -1.047925397        -170.0552873        64
    -1.002944008        -170.0148137        65
   -0.9784487330        -169.9715080        66
   -0.9588173161        -169.9031479        67
   -0.9095713384        -169.7202675        68
   -0.7865537746        -169.7040334        69
   -0.7367425793        -169.6068472        70
   -0.6984280308        -169.4751765        71
   -0.5658206476        -169.4002701        72
   -0.4185022909        -169.2709560        73
   -0.3985022908        -169.2191741        74
   -0.3785022907        -169.1791480        75
   -0.3585022907        -169.1471283        76
   -0.3385022903        -169.1201611        77
   -0.3185022905        -169.0958715        78
   -0.3154412206        -169.0925504        79
   -0.3147224701        -169.0925451        80
   -0.3010351584        -169.0905937        81
   -0.1010351587        -169.0592825        82
   -0.2350931911E-01    -169.0441030        83
   -0.1999999991E-01    -169.0434147        84
     0.000000000        -169.0415642        85
    0.1999999982E-01    -169.0433704        86
    0.2326670919E-01    -169.0439822        87
    0.1163577006        -169.0612451        88
    0.1363577006        -169.0649579        89
    0.1563577003        -169.0680141        90
    0.1659545947        -169.0689053        91
    0.1692261836        -169.0689913        92
    0.1699044644        -169.0689994        93
    0.1721429652        -169.0698727        94
    0.2249500894        -169.0877852        95
    0.2970079430        -169.1058699        96
    0.3028428804        -169.1135987        97
    0.3162686615        -169.1618944        98
    0.3417877454        -169.2528127        99
    0.3933539169        -169.2991578       100
    0.4327989819        -169.3042942       101
    0.4574128814        -169.3300533       102
    0.4674102112        -169.3356962       103
    0.4825883720        -169.3427741       104
    0.5020925092        -169.3484734       105
    0.5164176189        -169.3540576       106
    0.5274918947        -169.3585248       107
    0.5428752951        -169.3631290       108
    0.5651354097        -169.3635301       109
    0.5706514279        -169.3682279       110
    0.5736181798        -169.3696948       111
    0.5823589881        -169.3718243       112
    0.5945684071        -169.3741827       113
    0.6189744595        -169.3751250       114
    0.6234554083        -169.3775352       115
    0.6258795080        -169.3782598       116
    0.6323172115        -169.3794111       117
    0.6467778055        -169.3810921       118
    0.6660260882        -169.3833776       119
    0.6848318218        -169.3860516       120
    0.7270788152        -169.3904062       121
    0.7664151892        -169.3939133       122
    0.7764143665        -169.3984056       123
    0.8536582832        -169.4131606       124
    0.9163693315        -169.4256696       125
     1.031611700        -169.4364126       126
     1.039631966        -169.4433350       127
     1.091056787        -169.4720168       128
     1.115659019        -169.4790229       129
     1.140485507        -169.4838860       130
     1.153763419        -169.4880868       131
     1.162578336        -169.4909580       132
     1.175738843        -169.4930359       133
     1.184168100        -169.4940565       134
     1.188062204        -169.4949486       135
     1.191461117        -169.4954020       136
     1.195703034        -169.4958350       137
     1.202726436        -169.4962781       138
     1.208664932        -169.4963253       139
     1.210621452        -169.4965312       140
     1.211317878        -169.4965777       141
     1.214564031        -169.4966887       142
     1.218369004        -169.4967823       143
     1.224239691        -169.4968576       144
     1.226546029        -169.4969100       145
     1.227794223        -169.4969484       146
     1.230471174        -169.4969949       147
     1.236357752        -169.4970249       148
     1.236985163        -169.4970640       149
     1.238139120        -169.4970809       150
     1.240122520        -169.4970990       151
     1.243916848        -169.4971034       152
     1.244575634        -169.4971290       153
     1.244795138        -169.4971338       154
     1.245390314        -169.4971389       155
     1.246127113        -169.4971416       156
     1.246517422        -169.4971442       157
     1.246599869        -169.4971449       158
     1.246772752        -169.4971457       159
     1.247049524        -169.4971461       160
     1.247114811        -169.4971467       161
     1.247162662        -169.4971468       162
     1.247219724        -169.4971469       163
     1.247294540        -169.4971470       164
     1.247302230        -169.4971471       165
     1.247348943        -169.4971471       166
     1.247370355        -169.4971471       167
     1.247425481        -169.4971471       168
     1.247460432        -169.4971471       169
     1.247476838        -169.4971471       170
     1.247481019        -169.4971471       171
     1.247493995        -169.4971471       172
     1.247495102        -169.4971471       173
     1.247503837        -169.4971471       174
     1.247507689        -169.4971471       175
     1.247511319        -169.4971471       176
     1.247512406        -169.4971471       177
