   -0.2375884504        -169.6739377         1
   -0.2375879745        -169.6739377         2
   -0.2375866391        -169.6739377         3
   -0.2375813895        -169.6739377         4
   -0.2375783475        -169.6739377         5
   -0.2375705602        -169.6739377         6
   -0.2375691250        -169.6739377         7
   -0.2375551338        -169.6739377         8
   -0.2375094621        -169.6739377         9
   -0.2375014433        -169.6739377        10
   -0.2374573381        -169.6739376        11
   -0.2374109591        -169.6739376        12
   -0.2373835714        -169.6739375        13
   -0.2373420773        -169.6739374        14
   -0.2371386533        -169.6739373        15
   -0.2370013024        -169.6739370        16
   -0.2369470401        -169.6739368        17
   -0.2368111247        -169.6739362        18
   -0.2362705734        -169.6739352        19
   -0.2359948933        -169.6739341        20
   -0.2352483917        -169.6739319        21
   -0.2351704256        -169.6739314        22
   -0.2347819952        -169.6739299        23
   -0.2344115582        -169.6739268        24
   -0.2342607611        -169.6739249        25
   -0.2338562492        -169.6739205        26
   -0.2325548970        -169.6739149        27
   -0.2320156754        -169.6739098        28
   -0.2306677299        -169.6739006        29
   -0.2304599387        -169.6738984        30
   -0.2294858223        -169.6738882        31
   -0.2288800439        -169.6738799        32
   -0.2286677768        -169.6738755        33
   -0.2280173904        -169.6738656        34
   -0.2267250521        -169.6738541        35
   -0.2245354730        -169.6738325        36
   -0.2234031784        -169.6738082        37
   -0.2225825653        -169.6737868        38
   -0.2221674092        -169.6737723        39
   -0.2215687486        -169.6737114        40
   -0.2186115344        -169.6737008        41
   -0.2165404152        -169.6736441        42
   -0.2142938667        -169.6735748        43
   -0.2112409831        -169.6734391        44
   -0.2071670305        -169.6733390        45
   -0.2033374836        -169.6731120        46
   -0.2021020650        -169.6730337        47
   -0.1994864122        -169.6729706        48
   -0.1957969457        -169.6727485        49
   -0.1947899483        -169.6726692        50
   -0.1742396150        -169.6708455        51
   -0.1691170409        -169.6700057        52
   -0.1357333118        -169.6654384        53
   -0.1189214236        -169.6643256        54
   -0.4040663526E-01    -169.6632201        55
   -0.2549542597E-01    -169.6628629        56
   -0.2184540838E-01    -169.6627727        57
   -0.2016944660E-01    -169.6627259        58
   -0.2000000034E-01    -169.6627195        59
     0.000000000        -169.6623329        60
    0.2000000029E-01    -169.6627332        61
    0.2018473903E-01    -169.6627405        62
    0.2219031092E-01    -169.6627998        63
    0.2661124755E-01    -169.6629168        64
    0.4726274362E-01    -169.6635001        65
    0.6726274371E-01    -169.6641610        66
    0.7917739496E-01    -169.6646350        67
    0.9302603765E-01    -169.6652525        68
    0.1130260370        -169.6662344        69
    0.1330260370        -169.6673116        70
    0.1399320453        -169.6679153        71
    0.1517243271        -169.6692910        72
    0.1667949559        -169.6714040        73
    0.1790005752        -169.6735012        74
    0.2589900608        -169.6776739        75
    0.2952637319        -169.6860064        76
    0.3018042055        -169.6888875        77
    0.3116678734        -169.6907251        78
    0.3368370413        -169.6941629        79
    0.3649377037        -169.6983380        80
    0.3965281252        -169.7040811        81
    0.4225939968        -169.7108467        82
    0.4555043608        -169.7181875        83
    0.4760752242        -169.7262835        84
    0.5065391117        -169.7365747        85
    0.5694531596        -169.7419800        86
    0.6062135064        -169.7485664        87
    0.6557364484        -169.7500731        88
    0.6690611749        -169.7663068        89
    0.6874676949        -169.7730877        90
    0.7512136239        -169.7934746        91
    0.8325422649        -169.8225122        92
    0.9400362545        -169.8583808        93
    0.9477441757        -169.8703117        94
    0.9962453402        -169.9413243        95
     1.002104382        -169.9469257        96
     1.040183445        -169.9780339        97
     1.069642129        -170.0052612        98
     1.138635368        -170.0471439        99
     1.243229087        -170.0950776       100
     1.310251418        -170.1496286       101
     1.367575086        -170.2133652       102
     1.433902511        -170.2838734       103
     1.508927592        -170.3476008       104
     1.557696189        -170.3964953       105
     1.636938660        -170.4514908       106
     1.685422662        -170.5119317       107
     1.740602702        -170.5558511       108
     1.765116026        -170.5860191       109
     1.802006361        -170.6176734       110
     1.843472570        -170.6452199       111
     1.884106186        -170.6694145       112
     1.923847280        -170.6947875       113
     2.004076314        -170.7495582       114
     2.023173817        -170.7639175       115
     2.043173817        -170.7836228       116
     2.063173817        -170.8063411       117
     2.083173817        -170.8311916       118
     2.103173817        -170.8603152       119
     2.121731323        -170.8884192       120
     2.136636302        -170.9136863       121
     2.262534673        -170.9468302       122
     2.336980174        -170.9953083       123
     2.387769145        -171.0135803       124
     2.415476522        -171.0439682       125
     2.433003090        -171.0527051       126
     2.446714469        -171.0604371       127
     2.463040248        -171.0608752       128
     2.471301247        -171.0640594       129
     2.476193007        -171.0643163       130
     2.478923117        -171.0646798       131
     2.481896938        -171.0649116       132
     2.484536657        -171.0650210       133
     2.485936878        -171.0650645       134
     2.486487886        -171.0650807       135
     2.486802383        -171.0650880       136
     2.487268082        -171.0650943       137
     2.487813794        -171.0650979       138
     2.488101133        -171.0651000       139
     2.488190990        -171.0651006       140
     2.488264505        -171.0651009       141
     2.488339646        -171.0651010       142
     2.488381386        -171.0651010       143
     2.488394324        -171.0651010       144
     2.488400210        -171.0651010       145
     2.488409564        -171.0651010       146
     2.488417847        -171.0651010       147
     2.488420441        -171.0651010       148
     2.488421394        -171.0651010       149
     2.488423007        -171.0651010       150
