   -0.3204428940        -170.7131010         1
   -0.3204422080        -170.7131010         2
   -0.3204337082        -170.7131010         3
   -0.3204234219        -170.7131010         4
   -0.3204026038        -170.7131010         5
   -0.3203889361        -170.7131010         6
   -0.3203782812        -170.7131010         7
   -0.3203720792        -170.7131010         8
   -0.3203652452        -170.7131010         9
   -0.3203427129        -170.7131010        10
   -0.3203279643        -170.7131010        11
   -0.3203193998        -170.7131010        12
   -0.3203072055        -170.7131010        13
   -0.3202781990        -170.7131010        14
   -0.3202337830        -170.7131010        15
   -0.3202027206        -170.7131009        16
   -0.3201390772        -170.7131009        17
   -0.3201305705        -170.7131009        18
   -0.3200499342        -170.7131008        19
   -0.3200189501        -170.7131007        20
   -0.3199695065        -170.7131006        21
   -0.3198715538        -170.7131003        22
   -0.3196257604        -170.7130998        23
   -0.3194711945        -170.7130990        24
   -0.3191522984        -170.7130975        25
   -0.3190960385        -170.7130971        26
   -0.3187433512        -170.7130942        27
   -0.3184624709        -170.7130915        28
   -0.3182759905        -170.7130887        29
   -0.3181107634        -170.7130805        30
   -0.3173092341        -170.7130782        31
   -0.3164959885        -170.7130636        32
   -0.3163031003        -170.7130575        33
   -0.3154455495        -170.7130147        34
   -0.3139188762        -170.7130126        35
   -0.3113629879        -170.7129281        36
   -0.3097779766        -170.7128176        37
   -0.3076233951        -170.7126542        38
   -0.3066334180        -170.7125642        39
   -0.3043202009        -170.7121925        40
   -0.3005971049        -170.7120228        41
   -0.2898025920        -170.7108773        42
   -0.2847393338        -170.7098078        43
   -0.2789870623        -170.7074877        44
   -0.2558759866        -170.7021323        45
   -0.1972741654        -170.6995065        46
   -0.1904111213        -170.6982539        47
   -0.1776773401        -170.6964858        48
   -0.1671120726        -170.6951064        49
   -0.1584173010        -170.6941980        50
   -0.1491018632        -170.6934860        51
   -0.1339611132        -170.6925735        52
   -0.1215375628        -170.6919307        53
   -0.6271976752E-01    -170.6890971        54
   -0.4271976792E-01    -170.6886076        55
   -0.2705835249E-01    -170.6883282        56
   -0.2366696284E-01    -170.6882730        57
   -0.2144774704E-01    -170.6882440        58
   -0.2042399926E-01    -170.6882269        59
   -0.2015300809E-01    -170.6882210        60
   -0.1999999944E-01    -170.6882169        61
     0.000000000        -170.6879580        62
    0.1999999983E-01    -170.6881972        63
    0.2013983403E-01    -170.6882007        64
    0.2035826363E-01    -170.6882050        65
    0.2117860408E-01    -170.6882173        66
    0.2287205754E-01    -170.6882358        67
    0.2490063339E-01    -170.6882664        68
    0.3229326182E-01    -170.6883672        69
    0.4985668880E-01    -170.6886098        70
    0.1144920992        -170.6887520        71
    0.1453751031        -170.6895178        72
    0.1627535558        -170.6906939        73
    0.1827535559        -170.6918207        74
    0.1923378536        -170.6924307        75
    0.1965737041        -170.6927717        76
    0.2189790295        -170.6930631        77
    0.2295471815        -170.6931602        78
    0.2313043770        -170.6933696        79
    0.2331137960        -170.6938984        80
    0.2600782987        -170.6950838        81
    0.2745836738        -170.6952968        82
    0.2774025879        -170.6954234        83
    0.2799211096        -170.6954461        84
    0.2801430869        -170.6954526        85
    0.2807340203        -170.6954637        86
    0.2813543297        -170.6954680        87
    0.2815777050        -170.6954745        88
    0.2817945393        -170.6954776        89
    0.2821804029        -170.6954813        90
    0.2827573650        -170.6954863        91
    0.2828613920        -170.6954871        92
    0.2835397166        -170.6954905        93
    0.2837233484        -170.6954913        94
    0.2838863197        -170.6954918        95
    0.2839355256        -170.6954919        96
    0.2839796834        -170.6954920        97
    0.2840226495        -170.6954921        98
    0.2840630825        -170.6954921        99
    0.2840941840        -170.6954921       100
    0.2841123443        -170.6954921       101
    0.2841361812        -170.6954921       102
    0.2841739099        -170.6954922       103
    0.2842027661        -170.6954922       104
    0.2842165238        -170.6954922       105
    0.2842282752        -170.6954922       106
    0.2842380734        -170.6954922       107
    0.2842485762        -170.6954922       108
    0.2842574195        -170.6954922       109
    0.2842624586        -170.6954922       110
    0.2842668923        -170.6954922       111
    0.2842711680        -170.6954922       112
    0.2842749145        -170.6954922       113
    0.2842760922        -170.6954922       114
