        0.4130807235        0.0900333592        1.7672623132
        1.1305294153       -0.9845077431       -0.5623223268
        1.3828805315        0.2123911640        1.2400130674
       -0.0519644202        1.2883225436       -0.8149875585
        1.5544070556        0.0605405295       -0.7057544843
       -0.5548276270       -1.3468877741       -0.0182537816
       -1.2669759516       -0.1672610327        0.9086245730
        0.5205210113        1.5777899018        0.1369762561
       -1.1748599790        0.9554632083        0.4934902067
        0.1079991221       -1.6430686552        0.8544802122
       -1.4269398118        0.1925055967       -1.3010503833
       -0.6500236530        0.8726559811       -1.6573933511
       -0.4283521830        0.4791886255        1.1645670547
       -1.0294158131       -0.6955156905       -0.7983608930
       -0.4064810474       -0.2844130337       -1.6886505883
        0.4067053712       -1.7936645578       -0.3033067847
       -1.4346855298        0.1426983268       -0.1874955272
        1.0070150986        1.0413917311       -0.7511889925
       -0.5985251290        1.8159207683       -0.0387607930
        1.3747520384       -0.3817857939        0.3067654969
       -1.0053818239       -1.3239284104        0.9857718093
        0.6178112365        1.0344778924        1.1345847806
        0.8565861316       -0.7920293808        1.2120553330
        0.8395814009       -0.4478491384       -1.4505367531
       -1.5508177438       -0.8959816196        0.1377095075
        0.0369218526       -0.7991854361       -0.7974771290
        1.2057192946       -1.5110087970        0.4382966548
        1.2205394299        0.7048523662        0.2463226858
       -1.1349065587        1.0862623487       -0.6463504618
       -0.2236401785       -0.6095939799        1.1557623339
        0.3583915978        0.4995340901       -1.4408329508
       -0.3205120602        1.5443208034        0.9601671652
        0.5297528985        0.0806908215       -0.3967730217
       -0.4661898196        0.2486468619       -0.7653719301
       -0.1781321749        0.7726947177        0.1330805047
       -0.4982552624       -0.2712854523        0.1588722518
        0.4472536270        0.0902653634        0.6768222866
        0.3904389309       -0.8426805061        0.2132432175
