    38
 Energy=    -171.026506373490
AX           -0.0987179254        0.9805952913        1.6865225080
AX            0.9192726560       -0.9373440834       -0.5933301533
AX            1.5754894200        0.3218221606        1.0888045900
AX           -0.0926255105        1.6359931810       -0.9477825135
AX            1.4361007950        0.0409576150       -0.7257737071
AX           -0.7124297423       -1.7319816310       -0.4721171045
AX           -1.4246441780       -0.1343354078        0.8186557476
AX            0.4593919280        1.4945566700        0.0125940937
AX           -0.8301818507        0.8606367109        0.7093798326
AX           -0.1470233672       -1.8993324870        0.5040626923
AX           -1.3008697720        0.1495754390       -1.3141305070
AX           -0.2761697130        0.6294180090       -1.3952788100
AX           -0.4478396785       -0.0019622133        1.3830276600
AX           -1.1357245720       -0.9671221348       -1.1804417670
AX           -0.4561755008       -0.3751022345       -1.8370792800
AX            0.4020298164       -1.9096817910       -0.4614590320
AX           -1.3132104040        0.3329239325       -0.2139064425
AX            0.6716670681        0.8335841174       -0.8472428426
AX           -0.7000792020        1.7143010140       -0.0134573467
AX            1.3523549930       -0.4022362415        0.2876167050
AX           -0.6413648793       -0.9872941970        0.8800394114
AX            0.9294789359        1.2529224240        1.1426856830
AX            1.2782895700       -0.7379923264        1.3399176860
AX            0.4912671836       -0.1740689067       -1.2844089310
AX           -1.1770396710       -0.7940577965       -0.0912366673
AX           -0.0301385475       -1.1494169790       -1.1535613780
AX            0.8541983849       -1.3853722940        0.4333591988
AX            1.1963314840        0.7044438216        0.1434521444
AX           -1.1096677460        1.1715382860       -0.9017865583
AX            0.3730371494       -0.4832507909        0.8051985451
AX            0.4619237886       -0.0230816088       -0.1990860928
AX           -0.0996767400        1.7030047600        0.9019979993
AX            0.2330744289        0.6110239856        0.6726414338
AX           -0.4650701935       -0.2260791857       -0.7406082900
AX           -0.2854796185        0.7607405447       -0.2988255822
AX           -0.4848326705       -0.0845277590        0.3158434906
AX            0.6421893242        0.1849582590        1.6176151290
AX           -0.0471354430       -0.9787561528       -0.0719015444
    38
 Energy=    -171.026505355645
AX           -0.0988851666        0.9805636701        1.6864543550
AX            0.9192816847       -0.9373396160       -0.5933525453
AX            1.5755100740        0.3217858336        1.0888329500
AX           -0.0925984895        1.6359971550       -0.9477999071
AX            1.4360970990        0.0409606659       -0.7257868115
AX           -0.7124183482       -1.7319906060       -0.4720524433
AX           -1.4246700460       -0.1343485837        0.8186278393
AX            0.4594273353        1.4945459290        0.0125834529
AX           -0.8301796261        0.8606558997        0.7093780881
AX           -0.1469050452       -1.8993300720        0.5041048615
AX           -1.3008971470        0.1495912479       -1.3140929300
AX           -0.2761831762        0.6294286109       -1.3952741100
AX           -0.4478640419       -0.0020371055        1.3830174310
AX           -1.1357326600       -0.9671311066       -1.1804115030
AX           -0.4562198141       -0.3750857209       -1.8370619970
AX            0.4020534320       -1.9096718260       -0.4614676368
AX           -1.3132188240        0.3329547357       -0.2138893249
AX            0.6716706222        0.8335768360       -0.8472424993
AX           -0.6999993729        1.7143378410       -0.0134597442
AX            1.3523774600       -0.4022407795        0.2876094484
AX           -0.6413664121       -0.9873272133        0.8800110079
AX            0.9294751528        1.2528750250        1.1426696150
AX            1.2782542590       -0.7379848659        1.3399437030
AX            0.4912451358       -0.1740643639       -1.2844156860
AX           -1.1770558370       -0.7940557923       -0.0912328231
AX           -0.0301562441       -1.1494090240       -1.1535495440
AX            0.8542540305       -1.3853502830        0.4333380290
AX            1.1963286470        0.7044096451        0.1434741017
AX           -1.1096571420        1.1715660110       -0.9017588826
AX            0.3730383068       -0.4832409222        0.8051801958
AX            0.4619163957       -0.0230939001       -0.1990916139
AX           -0.0996109235        1.7030328510        0.9019905139
AX            0.2330500382        0.6110209588        0.6726237624
AX           -0.4650818381       -0.2260713222       -0.7406057866
AX           -0.2854734345        0.7607463254       -0.2988268885
AX           -0.4848338235       -0.0845373090        0.3158460332
AX            0.6421495754        0.1850180250        1.6175889870
AX           -0.0471218358       -0.9787568560       -0.0719016945
    38
 Energy=    -171.026495524674
AX           -0.0992335825        0.9805626599        1.6862693610
AX            0.9192755155       -0.9373366269       -0.5934784789
AX            1.5750242350        0.3217619040        1.0888672920
AX           -0.0924895578        1.6359795680       -0.9477300166
AX            1.4361228570        0.0408908455       -0.7259060671
AX           -0.7123681523       -1.7320036210       -0.4719910992
AX           -1.4246308980       -0.1342193626        0.8186818813
AX            0.4595561273        1.4945174410        0.0126087560
AX           -0.8300845655        0.8606984540        0.7093479856
AX           -0.1467895421       -1.8992657730        0.5041402920
AX           -1.3009741960        0.1495237817       -1.3139258780
AX           -0.2762218469        0.6294282488       -1.3952054560
AX           -0.4479640831       -0.0021612206        1.3830550000
AX           -1.1357117830       -0.9672054953       -1.1803680300
AX           -0.4563273203       -0.3750573666       -1.8370224780
AX            0.4020747843       -1.9096805060       -0.4615096421
AX           -1.3131691080        0.3329828196       -0.2137914766
AX            0.6717181486        0.8335509693       -0.8472687022
AX           -0.6999734467        1.7143841220       -0.0134939770
AX            1.3524428950       -0.4022748957        0.2875023626
AX           -0.6413960243       -0.9873412337        0.8799502330
AX            0.9294634372        1.2530578860        1.1426416710
AX            1.2783082010       -0.7380327248        1.3398823210
AX            0.4912068037       -0.1740556677       -1.2844600620
AX           -1.1770298170       -0.7940058300       -0.0912116370
AX           -0.0301714357       -1.1494272880       -1.1536042010
AX            0.8543433400       -1.3853293620        0.4332259826
AX            1.1964396560        0.7043771477        0.1433455088
AX           -1.1096159040        1.1715584600       -0.9016933183
AX            0.3731041939       -0.4832698318        0.8051865577
AX            0.4620302283       -0.0231002147       -0.1990971003
AX           -0.0995927929        1.7031456670        0.9019298180
AX            0.2331726984        0.6109819789        0.6726502622
AX           -0.4650875819       -0.2260944460       -0.7405749010
AX           -0.2854034547        0.7608051621       -0.2987708571
AX           -0.4848104653       -0.0845550166        0.3158825136
AX            0.6418369034        0.1849308005        1.6178353470
AX           -0.0470744680       -0.9787214317       -0.0718997663
    38
 Energy=    -171.021231572085
AX           -0.0921802700        0.9808942665        1.6788281190
AX            0.9197744574       -0.9386785913       -0.5960530609
AX            1.5312930750        0.3260156546        1.0897451880
AX           -0.0909088851        1.6364273850       -0.9450178949
AX            1.4368953080        0.0382555098       -0.7318147191
AX           -0.7124856892       -1.7311368720       -0.4699153932
AX           -1.4230326440       -0.1325485795        0.8171386915
AX            0.4594038621        1.4931791760        0.0171959017
AX           -0.8186956745        0.8608491284        0.7119724211
AX           -0.1439470517       -1.8991019800        0.5047192504
AX           -1.3011738020        0.1495476320       -1.3109428210
AX           -0.2760873478        0.6297606496       -1.3939042770
AX           -0.4527203138       -0.0033635153        1.3844468260
AX           -1.1358795680       -0.9665758418       -1.1786401970
AX           -0.4577770562       -0.3743742211       -1.8361314370
AX            0.4016740512       -1.9104657740       -0.4627964575
AX           -1.3088514320        0.3353221045       -0.2110064755
AX            0.6721288582        0.8338836492       -0.8494221836
AX           -0.7019954553        1.7135030360       -0.0137342080
AX            1.3546307180       -0.4031388178        0.2842814981
AX           -0.6405113023       -0.9879869404        0.8797575277
AX            0.9276560566        1.2806501170        1.1214476020
AX            1.2810378520       -0.7444323179        1.3374591960
AX            0.4906089432       -0.1744413667       -1.2856712450
AX           -1.1750962530       -0.7918237881       -0.0901652020
AX           -0.0310828754       -1.1494560790       -1.1536189530
AX            0.8575207113       -1.3868026280        0.4303392173
AX            1.2021883600        0.7077247113        0.1306006079
AX           -1.1076011900        1.1714119150       -0.9010789313
AX            0.3755253528       -0.4869347000        0.8068229152
AX            0.4649462611       -0.0237387942       -0.1998829910
AX           -0.1042758658        1.7123970660        0.9020177834
AX            0.2468938616        0.6032563682        0.6785259875
AX           -0.4637542970       -0.2254847485       -0.7392915143
AX           -0.2816085493        0.7607320723       -0.2959350240
AX           -0.4801325765       -0.0844361474        0.3176437714
AX            0.6226784082        0.1600063041        1.6439802090
AX           -0.0450580375       -0.9788950428       -0.0718997287
    38
 Energy=    -172.877554084784
AX            0.3163036668        0.8683713603        1.6889287620
AX            0.9298528347       -0.9235993635       -0.5881310141
AX            1.1385770270        0.3106892643        1.1430779530
AX           -0.1089952204        1.6412199320       -0.9775028823
AX            1.4379431460        0.0544061638       -0.7430276489
AX           -0.6906392668       -1.7340993570       -0.4599478527
AX           -1.4126091340       -0.1271175799        0.8178582333
AX            0.4326820496        1.5273717160       -0.0060799495
AX           -0.8756828309        0.8698341999        0.6357702804
AX           -0.1463171222       -1.8642962770        0.5314483843
AX           -1.2951869860        0.1451358875       -1.3346337110
AX           -0.2830586957        0.6277740243       -1.4125615670
AX           -0.4353217845        0.1203029316        1.3599928910
AX           -1.1300634210       -0.9708937244       -1.1605697770
AX           -0.4518236748       -0.3917536131       -1.8378254740
AX            0.4173458314       -1.8981489730       -0.4344147258
AX           -1.3199541360        0.3013536447       -0.2394032507
AX            0.6646215368        0.8489347277       -0.8617132722
AX           -0.6723619039        1.7402630090       -0.0170266503
AX            1.3654859520       -0.3694785431        0.2882277687
AX           -0.5984223220       -0.9326461154        0.9280981274
AX            0.9725546655        1.4038766780        0.9633057482
AX            1.2883167800       -0.7892934042        1.3192955940
AX            0.4932034589       -0.1685590356       -1.2920349720
AX           -1.1527964910       -0.8090193988       -0.0641441451
AX           -0.0178432142       -1.1493967670       -1.1415170460
AX            0.8567695363       -1.3534017550        0.4430678605
AX            1.2077488480        0.7297300020        0.1111451839
AX           -1.1224068030        1.1700233060       -0.8969875077
AX            0.3892990976       -0.4315343782        0.8086907644
AX            0.4696406306       -0.0077818285       -0.2104010198
AX           -0.1280242556        1.6185826460        0.9608334814
AX            0.2372685472        0.6499096197        0.6275639350
AX           -0.4599404091       -0.2249653131       -0.7457412634
AX           -0.2920312064        0.7691340647       -0.3238088242
AX           -0.4762576983       -0.0676743031        0.3064809010
AX            0.4877143661       -0.2213620968        1.8747648250
AX           -0.0355913980       -0.9618913520       -0.0610781372
    38
 Energy=    -172.877736411133
AX            0.3168421627        0.8689147465        1.6887015700
AX            0.9298786643       -0.9237325726       -0.5876453227
AX            1.1389198720        0.3110758217        1.1430918570
AX           -0.1091327119        1.6410294470       -0.9774702242
AX            1.4382195600        0.0540368523       -0.7425568433
AX           -0.6906183743       -1.7341907290       -0.4613146583
AX           -1.4120775740       -0.1278293584        0.8185014125
AX            0.4323502810        1.5273742160       -0.0059749946
AX           -0.8758004299        0.8697568418        0.6356642571
AX           -0.1472852137       -1.8650269190        0.5302933106
AX           -1.2952622290        0.1454528275       -1.3346760640
AX           -0.2828303444        0.6277504701       -1.4126667110
AX           -0.4351007272        0.1208325853        1.3600234920
AX           -1.1305408470       -0.9703313823       -1.1606688310
AX           -0.4519892582       -0.3913806237       -1.8378850140
AX            0.4174060754       -1.8979559840       -0.4348948947
AX           -1.3201676780        0.3010834230       -0.2392088778
AX            0.6647567116        0.8488071125       -0.8614664747
AX           -0.6728461730        1.7399280120       -0.0171904318
AX            1.3657061690       -0.3699107453        0.2886275389
AX           -0.5971663393       -0.9327609771        0.9284356555
AX            0.9728384255        1.4044263530        0.9628931192
AX            1.2879935120       -0.7891670961        1.3199880380
AX            0.4933149812       -0.1686498976       -1.2917417920
AX           -1.1524863970       -0.8094552198       -0.0638702575
AX           -0.0179163656       -1.1490996070       -1.1418624770
AX            0.8559063684       -1.3536145710        0.4437197179
AX            1.2078394410        0.7297398607        0.1110282995
AX           -1.1225658540        1.1697899170       -0.8971825743
AX            0.3895566748       -0.4311627685        0.8086587145
AX            0.4697704046       -0.0078758517       -0.2101753296
AX           -0.1281929526        1.6185956890        0.9608640929
AX            0.2373359941        0.6499523843        0.6274729943
AX           -0.4601048811       -0.2249326329       -0.7457919630
AX           -0.2920861574        0.7689570546       -0.3238602060
AX           -0.4762042826       -0.0677753998        0.3065016187
AX            0.4875477543       -0.2206512440        1.8748370260
AX           -0.0358082587       -0.9620000351       -0.0611987720
    38
 Energy=    -172.877736411078
AX            0.3168416012        0.8689147023        1.6887012312
AX            0.9298786208       -0.9237327965       -0.5876448595
AX            1.1389197763        0.3110762205        1.1430914430
AX           -0.1091328000        1.6410294241       -0.9774701717
AX            1.4382196280        0.0540366619       -0.7425566537
AX           -0.6906191329       -1.7341901786       -0.4613145047
AX           -1.4120773750       -0.1278293737        0.8185017255
AX            0.4323499047        1.5273744376       -0.0059750739
AX           -0.8758003039        0.8697563999        0.6356650882
AX           -0.1472851780       -1.8650274421        0.5302934740
AX           -1.2952618012        0.1454532019       -1.3346762505
AX           -0.2828298267        0.6277503483       -1.4126668178
AX           -0.4351001533        0.1208314019        1.3600237096
AX           -1.1305410382       -0.9703311194       -1.1606695265
AX           -0.4519888117       -0.3913806217       -1.8378850408
AX            0.4174054313       -1.8979559513       -0.4348947138
AX           -1.3201674944        0.3010841243       -0.2392088092
AX            0.6647567875        0.8488070352       -0.8614664003
AX           -0.6728467991        1.7399272914       -0.0171901868
AX            1.3657062511       -0.3699106418        0.2886275196
AX           -0.5971667506       -0.9327614822        0.9284349317
AX            0.9728380972        1.4044265859        0.9628928429
AX            1.2879945511       -0.7891665225        1.3199877503
AX            0.4933152423       -0.1686500745       -1.2917414643
AX           -1.1524870163       -0.8094544017       -0.0638709548
AX           -0.0179164886       -1.1490995066       -1.1418621790
AX            0.8559063056       -1.3536147125        0.4437201354
AX            1.2078392590        0.7297400909        0.1110280423
AX           -1.1225655949        1.1697900361       -0.8971832047
AX            0.3895567544       -0.4311629189        0.8086589672
AX            0.4697704477       -0.0078760066       -0.2101752664
AX           -0.1281932567        1.6185958101        0.9608641265
AX            0.2373358310        0.6499524783        0.6274727798
AX           -0.4601048832       -0.2249327036       -0.7457918922
AX           -0.2920862041        0.7689568483       -0.3238602206
AX           -0.4762042454       -0.0677755114        0.3065016614
AX            0.4875491341       -0.2206509677        1.8748372362
AX           -0.0358084660       -0.9620001664       -0.0611984725
    38
 Energy=    -172.877194442556
AX           -0.1466421625       -1.8664351002        0.5294959910
AX            1.2078283318        0.7297257416        0.1108090814
AX            1.2870956842       -0.7891131205        1.3207470691
AX           -0.4526803376       -0.3904569232       -1.8376568407
AX            1.4379540295        0.0535509106       -0.7423276795
AX           -0.1278626051        1.6191286597        0.9602980245
AX           -1.4122044409       -0.1292975861        0.8181054211
AX           -0.0182513166       -1.1491937771       -1.1420614105
AX           -1.1521585641       -0.8103167022       -0.0638486204
AX            0.3159288661        0.8705326498        1.6884162447
AX           -1.1221085298        1.1701098772       -0.8964491751
AX           -0.2827266789        0.6279537114       -1.4120943937
AX           -0.5964371474       -0.9338730724        0.9277221335
AX           -0.6721121427        1.7402050544       -0.0169828183
AX           -0.1084434040        1.6412731944       -0.9771047191
AX            0.9730290938        1.4046886582        0.9628350599
AX           -1.3204399933        0.3004600192       -0.2391448027
AX            0.4927508205       -0.1691793865       -1.2914214062
AX           -1.1305279466       -0.9702661066       -1.1607761587
AX            1.3654810500       -0.3699400923        0.2890978018
AX           -0.4354434644        0.1208373848        1.3599428725
AX            0.4172202935       -1.8978626942       -0.4356441094
AX            0.4879427228       -0.2179472210        1.8744771743
AX            0.6648593129        0.8484202637       -0.8615773892
AX           -0.8759108075        0.8697956669        0.6355140889
AX            0.4329353638        1.5271860396       -0.0060437314
AX            1.1393127110        0.3117651483        1.1428332796
AX            0.9299752539       -0.9239167832       -0.5874403754
AX           -1.2956255120        0.1464869064       -1.3345538750
AX            0.3894727962       -0.4312619902        0.8087912124
AX            0.4696838208       -0.0080111216       -0.2100398597
AX           -0.6902902379       -1.7347137150       -0.4614909285
AX           -0.0358155831       -0.9623679877       -0.0612260972
AX           -0.2918883821        0.7689023919       -0.3234955439
AX           -0.4606491244       -0.2248788405       -0.7456851933
AX           -0.4763422087       -0.0679365012        0.3065952600
AX            0.8556680383       -1.3540458757        0.4437023376
AX            0.2374224022        0.6499923188        0.6276820766
    38
 Energy=    -172.492903961081
AX           -0.2199993450       -1.8863271010        0.4883986323
AX            1.2092732527        0.7376753411        0.1118336888
AX            1.2991629715       -0.7818382249        1.3326700272
AX           -0.4446553326       -0.3814027692       -1.8431158778
AX            1.4442112624        0.0477669476       -0.7258583667
AX           -0.1431465300        1.6159006790        0.9545960327
AX           -1.3955281063       -0.1476737656        0.8448209088
AX           -0.0142572373       -1.1376613642       -1.1568896202
AX           -1.1445237278       -0.8344330074       -0.0419878607
AX            0.3355800077        0.8896609177        1.6882246981
AX           -1.1277450236        1.1530619882       -0.8836503727
AX           -0.2661513066        0.6261801713       -1.4112042872
AX           -0.5662938291       -0.9345486027        0.9495761510
AX           -0.6845243493        1.7357835852       -0.0214159953
AX           -0.1195801707        1.6329105477       -0.9812559078
AX            0.9676773249        1.4254711694        0.9499784193
AX           -1.3262277749        0.2666759650       -0.2427903235
AX            0.5001119158       -0.1802285405       -1.2779411120
AX           -1.1553450755       -0.9317322148       -1.1634446977
AX            1.3663402868       -0.3782986074        0.3009423025
AX           -0.4217987498        0.1396602507        1.3659127575
AX            0.4005677908       -1.9056069298       -0.4376552689
AX            0.5063107500       -0.1989576207        1.8794233342
AX            0.6702303653        0.8456976643       -0.8552328309
AX           -0.8873617592        0.8596606563        0.6271609877
AX            0.4226493608        1.5313230868       -0.0117637857
AX            1.1500514575        0.3263971754        1.1407126342
AX            0.9324073760       -0.9374804844       -0.5677136912
AX           -1.2851010015        0.1653826251       -1.3549510732
AX            0.3957817312       -0.4219202616        0.8168719920
AX            0.4717670914       -0.0127657643       -0.2064259688
AX           -0.7139288483       -1.7295995385       -0.5198785015
AX           -0.0376918806       -0.9644297647       -0.0606037112
AX           -0.2911566319        0.7596285867       -0.3197084281
AX           -0.4554688861       -0.2265881981       -0.7483600215
AX           -0.4733012661       -0.0748961037        0.3123903291
AX            0.8626359475       -1.3492229359        0.4394522870
AX            0.2390279420        0.6567744409        0.6288825197
    38
 Energy=    -170.914421171016
AX           -0.4347467144       -1.8863290489        0.4539354781
AX            1.2075302268        0.7541207589        0.0850143966
AX            1.3213810704       -0.7863855412        1.2642734701
AX           -0.4515817288       -0.3653983636       -1.8518147663
AX            1.4385345406        0.0898395171       -0.7803282938
AX           -0.1347909807        1.6039492011        0.9780128570
AX           -1.3788382853       -0.1778456186        0.8202250978
AX            0.0334153581       -1.1113234940       -1.1680876575
AX           -1.0921637752       -0.8711445745       -0.0580383122
AX            0.3576791639        0.8516096285        1.6789412240
AX           -1.1491777853        1.1651649374       -0.8647355367
AX           -0.3001322525        0.6484892046       -1.4107484061
AX           -0.5052643045       -0.9276443286        0.9602521682
AX           -0.6868723988        1.7355204060        0.0065344685
AX           -0.1455077464        1.6588021070       -0.9666250005
AX            0.9766580673        1.4200891646        0.9475822684
AX           -1.3173656168        0.2586505519       -0.2376198978
AX            0.4986874295       -0.1271634597       -1.3225360753
AX           -1.1296800486       -0.9466353309       -1.1805188329
AX            1.3951624228       -0.3420909351        0.2477889944
AX           -0.4040271482        0.1245400715        1.3500479082
AX            0.4792893065       -1.9157710552       -0.2489939249
AX            0.5244848012       -0.2448598904        1.8418773769
AX            0.6510123137        0.8833917099       -0.8746464287
AX           -0.8777729869        0.8473609281        0.6328833447
AX            0.4175253035        1.5470783898       -0.0087554856
AX            1.1803361867        0.3336642792        1.1191863977
AX            0.9467021935       -0.9216323558       -0.5895530204
AX           -1.2960301581        0.1576511988       -1.3363002472
AX            0.4373019277       -0.3977387978        0.7794183980
AX            0.4776843222        0.0068071303       -0.2397524728
AX           -0.6234524907       -1.7399398306       -0.5966589799
AX            0.0179103202       -0.9980569440       -0.0479781126
AX           -0.2988819206        0.7716935920       -0.3252603217
AX           -0.4485251905       -0.2275601429       -0.7536884249
AX           -0.4541788222       -0.0818709862        0.2966610137
AX            0.5205222948       -1.4523371454        0.7895142440
AX            0.2471731061        0.6633050666        0.6104910919
    38
 Energy=    -170.379409654345
AX           -0.3621646745       -1.8963486236        0.4340580032
AX            1.2088131165        0.7422882426        0.0777180382
AX            1.3397093199       -0.8037031998        1.2344832191
AX           -0.4667615774       -0.3488000049       -1.8666673088
AX            1.4334363524        0.0925171612       -0.7993089161
AX           -0.1253102358        1.5859080572        0.9828987749
AX           -1.3833583400       -0.1715616829        0.8116519517
AX            0.0027982999       -1.1082940114       -1.1951146360
AX           -1.1143487297       -0.8534504891       -0.0759710526
AX            0.3638072405        0.8189344491        1.6775604292
AX           -1.1484514179        1.1754869623       -0.8639740042
AX           -0.3057184791        0.6604111130       -1.4158852825
AX           -0.5389698827       -0.9334689025        0.9312921619
AX           -0.6826694046        1.7348745592        0.0139327637
AX           -0.1430845880        1.6651379831       -0.9609305550
AX            0.9822601946        1.3956515187        0.9503509481
AX           -1.3199908320        0.2696258225       -0.2412769415
AX            0.4868015081       -0.1222714976       -1.3384755538
AX           -1.1426099841       -0.9349278706       -1.1949279860
AX            1.3933122542       -0.3589071135        0.2184497243
AX           -0.4012922018        0.1020261287        1.3387124273
AX            0.6815640258       -1.7942973790       -0.0145536169
AX            0.5205907215       -0.2953471769        1.8080778113
AX            0.6486806198        0.8855204094       -0.8803642332
AX           -0.8725813267        0.8414907652        0.6339385326
AX            0.4212177671        1.5373686075       -0.0034339302
AX            1.1745523189        0.3011521670        1.1025676165
AX            0.9364716882       -0.9005337358       -0.6410321971
AX           -1.3057966314        0.1717425693       -1.3411998351
AX            0.4362029034       -0.4188883081        0.7398061315
AX            0.4737475047        0.0061038604       -0.2565576525
AX           -0.6617710845       -1.7308796720       -0.5975215759
AX           -0.0164558731       -0.9799318501       -0.0872516527
AX           -0.2991889152        0.7732628623       -0.3274499594
AX           -0.4579943697       -0.2177289861       -0.7684514114
AX           -0.4590837532       -0.0833947508        0.2838916038
AX            0.4530280756       -1.4506468007        1.0240090482
AX            0.2506083916        0.6438788151        0.6069491162
    38
 Energy=    -170.469372700550
AX           -0.3236890817       -1.8933169884        0.4297192307
AX            1.2093049783        0.7377075793        0.0749885649
AX            1.3414073308       -0.8153714981        1.2202309229
AX           -0.4725040397       -0.3424583815       -1.8722896278
AX            1.4315350043        0.0935454220       -0.8063995086
AX           -0.1217383123        1.5791186664        0.9847632570
AX           -1.3851505082       -0.1691604809        0.8084674592
AX           -0.0082330869       -1.1076887937       -1.2061159069
AX           -1.1227354165       -0.8466511111       -0.0828964930
AX            0.3660999899        0.8066353380        1.6769387647
AX           -1.1481851861        1.1794252988       -0.8636674820
AX           -0.3078081563        0.6650095994       -1.4178561606
AX           -0.5476995992       -0.9391512607        0.9190160733
AX           -0.6810382128        1.7345872142        0.0167634008
AX           -0.1421807762        1.6675144055       -0.9587274868
AX            0.9843892548        1.3863193973        0.9513659932
AX           -1.3209971439        0.2739322800       -0.2426819214
AX            0.4820453595       -0.1199012000       -1.3448831660
AX           -1.1476947776       -0.9305312826       -1.2003253039
AX            1.3918154329       -0.3667314685        0.2073080183
AX           -0.4003652863        0.0933365680        1.3345187446
AX            0.7354338711       -1.7110582716        0.0757895534
AX            0.5189590530       -0.3153899042        1.7954087979
AX            0.6477686577        0.8863797533       -0.8825281864
AX           -0.8705908638        0.8393156559        0.6343281052
AX            0.4226642164        1.5336712753       -0.0014935802
AX            1.1724733367        0.2887089502        1.0962760987
AX            0.9301145872       -0.9023667024       -0.6546984394
AX           -1.3095730021        0.1771355799       -1.3431123410
AX            0.4358228309       -0.4438424067        0.7292135585
AX            0.4722947366        0.0053177893       -0.2624042716
AX           -0.6750021187       -1.7290856589       -0.5962551051
AX           -0.0138536170       -0.9900346048       -0.1043109245
AX           -0.2993008012        0.7738907526       -0.3282815050
AX           -0.4618265445       -0.2135163654       -0.7743192004
AX           -0.4601807731       -0.0847314055        0.2791871699
AX            0.4264871541       -1.4372260646        1.1036073244
AX            0.2517315122        0.6366623237        0.6053555721
    38
 Energy=    -173.109443017339
AX           -0.1337574438       -1.8808547644        0.4209334685
AX            1.2143850697        0.7078954932        0.0639927800
AX            1.3278885067       -0.8638001367        1.1928920642
AX           -0.4970587464       -0.3210737438       -1.8926058156
AX            1.4201108448        0.0717268218       -0.8282402192
AX           -0.1015135701        1.5494459653        0.9957179717
AX           -1.3937262722       -0.1716204788        0.7953919109
AX           -0.0479430991       -1.1074752254       -1.2387452391
AX           -1.1523167095       -0.8214044000       -0.1160430455
AX            0.3728697148        0.7549652702        1.6700982834
AX           -1.1436755458        1.1966855813       -0.8619820938
AX           -0.3151079774        0.6818621136       -1.4271925534
AX           -0.5812354866       -0.9694704714        0.8596550772
AX           -0.6686948983        1.7265068396        0.0332566730
AX           -0.1318114738        1.6731279368       -0.9460090704
AX            1.0009945394        1.3380482714        0.9546149214
AX           -1.3283114184        0.2941774054       -0.2475256987
AX            0.4625682954       -0.1202713234       -1.3641388248
AX           -1.1594521877       -0.9282284207       -1.2192672522
AX            1.3764166894       -0.3970855845        0.1820769526
AX           -0.3974283881        0.0445392362        1.3218501543
AX            0.8671106188       -1.3865031932        0.3114640204
AX            0.5267199921       -0.3542964041        1.7886262032
AX            0.6470566472        0.8776903485       -0.8894925005
AX           -0.8619991493        0.8274003290        0.6431492559
AX            0.4352637694        1.5124387380        0.0059877496
AX            1.1734436101        0.2371431378        1.0785446468
AX            0.9094894525       -0.9118200787       -0.7016143379
AX           -1.3255516641        0.1962155114       -1.3500242241
AX            0.4151511096       -0.4678618539        0.7155431598
AX            0.4657569117       -0.0072942112       -0.2783183380
AX           -0.6932040387       -1.7255972098       -0.5651613764
AX           -0.0371417316       -0.9688000270       -0.1507311459
AX           -0.2979063741        0.7741622249       -0.3327387319
AX           -0.4776452405       -0.2008026863       -0.7953575082
AX           -0.4699278706       -0.0912953879        0.2629614663
AX            0.3437369655       -1.3769121782        1.3099136234
AX            0.2564465514        0.6084365550        0.5985175945
    38
 Energy=    -173.134017196276
AX           -0.1251751227       -1.8939476799        0.4174182978
AX            1.2125212083        0.7097604654        0.0642969530
AX            1.3292606472       -0.8600904281        1.1924993374
AX           -0.4991618310       -0.3211270652       -1.8911962894
AX            1.4193727455        0.0735432977       -0.8287685549
AX           -0.0975060904        1.5577624799        0.9938015440
AX           -1.3920513990       -0.1723824944        0.7951223820
AX           -0.0493580655       -1.1115668745       -1.2376904012
AX           -1.1577984362       -0.8129046692       -0.1237546702
AX            0.3626686126        0.7579877223        1.6690499487
AX           -1.1406078814        1.2009339602       -0.8644950217
AX           -0.3160144653        0.6795616248       -1.4248439211
AX           -0.5847312388       -0.9812518201        0.8439611801
AX           -0.6664979315        1.7258840191        0.0338382492
AX           -0.1287558049        1.6731482468       -0.9464311134
AX            1.0001762792        1.3406495437        0.9565863179
AX           -1.3245003140        0.3050847939       -0.2416371693
AX            0.4608309838       -0.1231049438       -1.3631843781
AX           -1.1611452291       -0.9306044871       -1.2241858060
AX            1.3773220638       -0.3934483610        0.1826845584
AX           -0.3972152499        0.0325233463        1.3217358417
AX            0.8703390441       -1.3830158083        0.3144859261
AX            0.5295318873       -0.3517988122        1.7880799901
AX            0.6465479693        0.8765400222       -0.8897271775
AX           -0.8541688684        0.8266801709        0.6508601893
AX            0.4374761441        1.5141498536        0.0051873923
AX            1.1696481850        0.2416002326        1.0795302538
AX            0.9116843630       -0.9135419829       -0.7004332980
AX           -1.3270519800        0.1951258284       -1.3423861249
AX            0.4159657061       -0.4672476595        0.7139775200
AX            0.4653903695       -0.0092663655       -0.2774979763
AX           -0.7029894390       -1.7243230756       -0.5592147132
AX           -0.0351864455       -0.9742987366       -0.1495780629
AX           -0.2974608960        0.7724025756       -0.3324667348
AX           -0.4785010382       -0.2034542964       -0.7942175532
AX           -0.4679176930       -0.0923526983        0.2611424789
AX            0.3401359535       -1.3727195652        1.3086650890
AX            0.2549232602        0.6091096382        0.5987855165
    38
 Energy=    -173.134315246167
AX           -0.1247719672       -1.8944943308        0.4173787468
AX            1.2122805425        0.7097248927        0.0644623260
AX            1.3293123191       -0.8601925818        1.1923157413
AX           -0.4991463129       -0.3211510302       -1.8910840376
AX            1.4193320261        0.0740052849       -0.8287684952
AX           -0.0975003323        1.5578381866        0.9936867908
AX           -1.3917806429       -0.1722141286        0.7952656613
AX           -0.0495017160       -1.1114307263       -1.2372530589
AX           -1.1582566996       -0.8123929334       -0.1236784057
AX            0.3627690409        0.7579359966        1.6691215122
AX           -1.1404570634        1.2009504950       -0.8655733000
AX           -0.3157439714        0.6794167445       -1.4250744837
AX           -0.5846466264       -0.9814481420        0.8437162721
AX           -0.6670109154        1.7256233107        0.0335651108
AX           -0.1286538725        1.6732881141       -0.9465984186
AX            1.0001042525        1.3405822629        0.9565759009
AX           -1.3242624525        0.3055823854       -0.2416723004
AX            0.4609577319       -0.1231662254       -1.3630920869
AX           -1.1613965515       -0.9303885915       -1.2240663965
AX            1.3775287836       -0.3934198047        0.1825347966
AX           -0.3971448730        0.0323218014        1.3216269854
AX            0.8705575404       -1.3827548307        0.3144068886
AX            0.5294355474       -0.3521250290        1.7881885000
AX            0.6464986828        0.8765198815       -0.8895298732
AX           -0.8539345168        0.8265442779        0.6509428758
AX            0.4372045000        1.5140874245        0.0053490021
AX            1.1696747794        0.2415542339        1.0796398403
AX            0.9117767545       -0.9134128308       -0.7003407196
AX           -1.3271929473        0.1950554621       -1.3425142363
AX            0.4158613061       -0.4673258814        0.7138719220
AX            0.4653572678       -0.0092505642       -0.2775990752
AX           -0.7034654552       -1.7238943701       -0.5587377092
AX           -0.0351749786       -0.9742169061       -0.1494101816
AX           -0.2972761906        0.7720733547       -0.3321255513
AX           -0.4783847179       -0.2037111452       -0.7940716747
AX           -0.4680123617       -0.0924636111        0.2613936990
AX            0.3402618318       -1.3730028235        1.3083909823
AX            0.2548022593        0.6093523747        0.5987564515
    38
 Energy=    -173.134317008762
AX           -0.1247697863       -1.8944976781        0.4173724709
AX            1.2122586381        0.7097682397        0.0644845725
AX            1.3293512485       -0.8601724194        1.1922235381
AX           -0.4991246947       -0.3212266385       -1.8910727070
AX            1.4193259011        0.0740256661       -0.8287585721
AX           -0.0975695564        1.5577945743        0.9937616198
AX           -1.3917717661       -0.1721786588        0.7952608656
AX           -0.0495578740       -1.1115174063       -1.2372140019
AX           -1.1582890533       -0.8123588275       -0.1236479621
AX            0.3627779125        0.7578968417        1.6691706049
AX           -1.1404154658        1.2009650456       -0.8656114898
AX           -0.3156860292        0.6793892997       -1.4250786486
AX           -0.5846295058       -0.9814459440        0.8436951216
AX           -0.6669892451        1.7256318966        0.0335697374
AX           -0.1286219568        1.6732902466       -0.9465976665
AX            1.0000467470        1.3406136831        0.9566360042
AX           -1.3242394730        0.3055853580       -0.2417297606
AX            0.4609659932       -0.1232220344       -1.3630783869
AX           -1.1614347195       -0.9303787419       -1.2240110179
AX            1.3775342503       -0.3933818859        0.1824991273
AX           -0.3971349621        0.0323197759        1.3216144640
AX            0.8705630258       -1.3827244119        0.3143550196
AX            0.5294650707       -0.3521617503        1.7881524658
AX            0.6465139889        0.8765220349       -0.8895101446
AX           -0.8539734733        0.8265432421        0.6509048924
AX            0.4371867389        1.5141088576        0.0053957950
AX            1.1696698236        0.2415788155        1.0796243860
AX            0.9117563744       -0.9134095736       -0.7003550962
AX           -1.3271366614        0.1950731904       -1.3425701833
AX            0.4158628860       -0.4673131665        0.7138430659
AX            0.4653670733       -0.0092349527       -0.2775892505
AX           -0.7035627780       -1.7238978523       -0.5586268212
AX           -0.0351938771       -0.9742179510       -0.1494176935
AX           -0.2972629586        0.7720805904       -0.3321230426
AX           -0.4783699484       -0.2037369510       -0.7940711137
AX           -0.4680124277       -0.0924534087        0.2613832345
AX            0.3403121579       -1.3730198138        1.3083353273
AX            0.2547883849        0.6093627050        0.5987812461
    38
 Energy=    -173.134317008811
AX           -0.1247696948       -1.8944977776        0.4173720610
AX            1.2122585806        0.7097680232        0.0644846087
AX            1.3293512102       -0.8601722180        1.1922239383
AX           -0.4991251738       -0.3212263845       -1.8910727334
AX            1.4193258845        0.0740251539       -0.8287584896
AX           -0.0975698453        1.5577946824        0.9937613393
AX           -1.3917715622       -0.1721792693        0.7952610511
AX           -0.0495583142       -1.1115171306       -1.2372142042
AX           -1.1582885791       -0.8123592760       -0.1236475982
AX            0.3627774390        0.7578971762        1.6691705107
AX           -1.1404151876        1.2009650154       -0.8656111653
AX           -0.3156858224        0.6793894207       -1.4250786940
AX           -0.5846289319       -0.9814460275        0.8436952620
AX           -0.6669890077        1.7256318331        0.0335696392
AX           -0.1286216073        1.6732901722       -0.9465978231
AX            1.0000464779        1.3406138601        0.9566358128
AX           -1.3242395312        0.3055848853       -0.2417297010
AX            0.4609658843       -0.1232221829       -1.3630784565
AX           -1.1614354344       -0.9303779524       -1.2240106675
AX            1.3775343338       -0.3933818808        0.1824993988
AX           -0.3971351496        0.0323198227        1.3216144945
AX            0.8705631691       -1.3827242617        0.3143551880
AX            0.5294648697       -0.3521614734        1.7881525510
AX            0.6465141780        0.8765217539       -0.8895101792
AX           -0.8539738225        0.8265430907        0.6509047713
AX            0.4371869749        1.5141089291        0.0053955713
AX            1.1696696567        0.2415790633        1.0796245913
AX            0.9117563505       -0.9134098886       -0.7003551907
AX           -1.3271367046        0.1950738248       -1.3425701968
AX            0.4158629828       -0.4673130627        0.7138431418
AX            0.4653671375       -0.0092351652       -0.2775892406
AX           -0.7035627201       -1.7238978133       -0.5586275369
AX           -0.0351937540       -0.9742180171       -0.1494177920
AX           -0.2972627444        0.7720805358       -0.3321230453
AX           -0.4783700000       -0.2037367905       -0.7940710818
AX           -0.4680123247       -0.0924534702        0.2613832807
AX            0.3403125259       -1.3730200008        1.3083353703
AX            0.2547882589        0.6093627971        0.5987812143
    38
 Energy=    -173.134317007875
AX           -0.7035603004       -1.7238980595       -0.5586292893
AX            0.6465144955        0.8765215803       -0.8895105015
AX           -0.4991241833       -0.3212259449       -1.8910729464
AX            1.3293508344       -0.8601718420        1.1922229511
AX            1.4193258947        0.0740240075       -0.8287589499
AX           -0.6669890503        1.7256312561        0.0335704604
AX           -1.3917713839       -0.1721790473        0.7952607674
AX            0.8705620744       -1.3827245375        0.3143556524
AX           -0.5846297613       -0.9814454552        0.8436957232
AX           -1.1404162743        1.2009650573       -0.8656092652
AX            0.3627771671        0.7578975942        1.6691706360
AX            1.1696693419        0.2415792811        1.0796237627
AX           -1.1582878558       -0.8123600774       -0.1236482940
AX           -0.0975694049        1.5577961477        0.9937618696
AX            1.0000463030        1.3406137437        0.9566360114
AX           -0.1286223137        1.6732898431       -0.9465974597
AX           -0.3971344944        0.0323191183        1.3216145106
AX            1.3775339515       -0.3933829352        0.1824984648
AX            0.3403115632       -1.3730186262        1.3083365664
AX            0.4609662388       -0.1232223573       -1.3630787075
AX           -1.3242397205        0.3055845935       -0.2417291555
AX           -0.0495578757       -1.1115171302       -1.2372146788
AX           -1.3271358795        0.1950742016       -1.3425698360
AX            1.2122579269        0.7097674172        0.0644843636
AX           -0.8539728086        0.8265430842        0.6509059270
AX            0.4371869100        1.5141087602        0.0053952939
AX           -0.3156859683        0.6793894898       -1.4250782814
AX            0.9117556928       -0.9134108499       -0.7003554915
AX            0.5294657668       -0.3521604912        1.7881526169
AX           -0.4783697425       -0.2037371245       -0.7940712979
AX            0.4653669924       -0.0092352811       -0.2775895013
AX           -0.1247706709       -1.8944970058        0.4173731235
AX           -0.0351937787       -0.9742178359       -0.1494177598
AX            0.2547877373        0.6093632736        0.5987814489
AX            0.4158625808       -0.4673128387        0.7138430433
AX           -0.4680124442       -0.0924533780        0.2613830197
AX           -1.1614348868       -0.9303779601       -1.2240117575
AX           -0.2972626726        0.7720803279       -0.3321230426
    38
 Energy=    -173.134262054772
AX           -0.7033844562       -1.7238453426       -0.5587405451
AX            0.6464280038        0.8762997207       -0.8896299759
AX           -0.4992983111       -0.3209594487       -1.8910990496
AX            1.3291380178       -0.8599748150        1.1927029135
AX            1.4193349798        0.0738290910       -0.8287625517
AX           -0.6665559447        1.7259303883        0.0336025844
AX           -1.3916595149       -0.1722519697        0.7953382837
AX            0.8708499066       -1.3825564632        0.3144837989
AX           -0.5845341959       -0.9815172660        0.8435807219
AX           -1.1406946073        1.2009735866       -0.8648609123
AX            0.3625115343        0.7580572507        1.6689746433
AX            1.1695124850        0.2415306544        1.0798017251
AX           -1.1581593598       -0.8123996772       -0.1237726060
AX           -0.0974424310        1.5577452888        0.9935136484
AX            1.0001274955        1.3404935312        0.9564448407
AX           -0.1287684351        1.6732583495       -0.9466123940
AX           -0.3974515910        0.0325948479        1.3214630280
AX            1.3776015837       -0.3934408614        0.1826710748
AX            0.3402996304       -1.3731396079        1.3083426817
AX            0.4609361570       -0.1232284596       -1.3631752806
AX           -1.3243940184        0.3053934874       -0.2414001212
AX           -0.0495243555       -1.1113260288       -1.2373973848
AX           -1.3272580681        0.1951117863       -1.3420990430
AX            1.2123835709        0.7095208372        0.0644260989
AX           -0.8539358610        0.8266485184        0.6505918455
AX            0.4374855412        1.5139490100        0.0051350272
AX           -0.3159660794        0.6794974005       -1.4250167212
AX            0.9118360754       -0.9134999043       -0.7003799300
AX            0.5287936087       -0.3520653214        1.7881862380
AX           -0.4783011140       -0.2037344820       -0.7940711707
AX            0.4654561762       -0.0093368592       -0.2776403216
AX           -0.1243833500       -1.8945306821        0.4171888522
AX           -0.0350527871       -0.9742403927       -0.1494620964
AX            0.2548640355        0.6092821609        0.5986296092
AX            0.4158329321       -0.4673251327        0.7138659446
AX           -0.4679593470       -0.0925063819        0.2613197514
AX           -1.1614149806       -0.9302927133       -1.2240883492
AX           -0.2972529249        0.7720559015       -0.3320548607
    38
 Energy=    -173.132634401852
AX           -0.7031379200       -1.7243910730       -0.5587073228
AX            0.6468867237        0.8763174820       -0.8899642398
AX           -0.5014120179       -0.3208456262       -1.8907687658
AX            1.3284913776       -0.8587402679        1.1933914090
AX            1.4191151598        0.0735275954       -0.8291340859
AX           -0.6642205656        1.7260451693        0.0338022231
AX           -1.3915289754       -0.1739528894        0.7951184614
AX            0.8713559133       -1.3817183326        0.3149507222
AX           -0.5843455078       -0.9835120489        0.8412668625
AX           -1.1399017663        1.2018350485       -0.8637151366
AX            0.3597114974        0.7595483951        1.6688937113
AX            1.1683443977        0.2422543176        1.0807998391
AX           -1.1590070963       -0.8137484035       -0.1234512876
AX           -0.0953678684        1.5598038126        0.9927817203
AX            1.0009309723        1.3399975620        0.9571210727
AX           -0.1273038971        1.6730195116       -0.9464662891
AX           -0.3980301752        0.0313117018        1.3212586591
AX            1.3769956293       -0.3927505931        0.1829235285
AX            0.3396866270       -1.3721167494        1.3085365376
AX            0.4596521020       -0.1235103525       -1.3630338057
AX           -1.3242426181        0.3053477190       -0.2412983190
AX           -0.0493564501       -1.1109793601       -1.2384502727
AX           -1.3285908333        0.1957839535       -1.3420105054
AX            1.2122323277        0.7094142604        0.0645864487
AX           -0.8524689239        0.8266832993        0.6511085359
AX            0.4394718434        1.5136454072        0.0049087377
AX           -0.3164698997        0.6795260509       -1.4244454330
AX            0.9123129642       -0.9134820807       -0.7004964248
AX            0.5283368573       -0.3506191101        1.7889520591
AX           -0.4795462422       -0.2042070156       -0.7939989509
AX            0.4651159112       -0.0093430800       -0.2778117999
AX           -0.1220812872       -1.8958500802        0.4158517646
AX           -0.0345979777       -0.9747973234       -0.1504833454
AX            0.2544291234        0.6097757043        0.5986854568
AX            0.4154227035       -0.4668819428        0.7137699079
AX           -0.4682930542       -0.0930800990        0.2608822352
AX           -1.1621414044       -0.9312236654       -1.2236057585
AX           -0.2964476489        0.7719131047       -0.3317481519
    38
 Energy=    -172.240236905498
AX           -0.8035694471       -1.6003646834       -0.3956015777
AX            0.6586056905        0.8742645762       -0.9143237317
AX           -0.4935167249       -0.3458389498       -1.8835522195
AX            1.3298748427       -0.8480324749        1.2009486298
AX            1.4432758246        0.0848688342       -0.8371871944
AX           -0.7207703273        1.6149232518        0.0579183797
AX           -1.4013266618       -0.1728568038        0.8019902581
AX            0.9119729565       -1.3687035780        0.3285802795
AX           -0.6844850617       -1.0539348101        0.6888622965
AX           -1.1286628207        1.2067246278       -0.9206196098
AX            0.2594403919        0.7208845490        1.6208428195
AX            1.1722168691        0.2654594493        1.0818369017
AX           -1.2848018286       -0.6285669011       -0.2123180336
AX           -0.0809889422        1.5915556605        0.9743124940
AX            0.9898796272        1.3449456753        0.9556443932
AX           -0.1313362491        1.6636741994       -0.9526564921
AX           -0.4074103740       -0.1392722128        1.3264035044
AX            1.4072056894       -0.3723864199        0.1849767914
AX            0.2490833406       -1.3080535621        1.2760299184
AX            0.4846558361       -0.1444053568       -1.3759215232
AX           -1.3119005104        0.4747345028       -0.1291157975
AX           -0.0300108145       -1.1553050452       -1.2181129211
AX           -1.3322936419        0.1489498786       -1.2085021309
AX            1.2256023464        0.7281746045        0.0526048586
AX           -0.7917155559        0.7777390604        0.8047557679
AX            0.4311079796        1.5191532717       -0.0163710054
AX           -0.3116736521        0.6510468675       -1.4439568737
AX            0.9546968283       -0.9116322079       -0.7032707960
AX            0.5582346281       -0.3418016345        1.7967836705
AX           -0.4359866903       -0.2398336140       -0.7973501491
AX            0.4942235143       -0.0067096837       -0.2916719601
AX           -0.0568700103       -1.9214618879        0.3905956925
AX            0.0222625886       -0.9708977333       -0.1437484918
AX            0.2622093251        0.6193786452        0.5626200169
AX            0.4411387487       -0.4377894440        0.6997813793
AX           -0.4694008842       -0.0971232481        0.2536274517
AX           -1.1386862711       -0.9680875407       -1.2470377451
AX           -0.2802805584        0.7465801374       -0.3677972520
    38
 Energy=    -171.326923699338
AX           -0.7595853026       -1.6101101048       -0.4976356081
AX            0.6337992209        0.8744566365       -0.8877821972
AX           -0.5039179879       -0.3040398162       -1.9010654388
AX            1.2977502299       -0.9546275391        1.1396116754
AX            1.4278412692        0.1054732261       -0.8546185055
AX           -0.6781568409        1.6795111077        0.0609378679
AX           -1.3716253637       -0.2188435339        0.8099681444
AX            1.0816797009       -1.4235378985        0.1411250351
AX           -0.7320198274       -1.1515628694        0.5800414155
AX           -1.1423819740        1.2099813268       -0.8644176259
AX            0.3929720917        0.7344231740        1.6661842857
AX            1.1883770718        0.2009404258        1.0560242125
AX           -1.3068605008       -0.6961590957       -0.2357841606
AX           -0.0768863684        1.5218907978        1.0082977064
AX            1.0167437493        1.3062734524        0.9519473916
AX           -0.1369605012        1.6644610762       -0.9208768862
AX           -0.3688192100        0.0161139625        1.3202058028
AX            1.3892120582       -0.3887699019        0.1545042741
AX           -0.2375765330       -1.0311380672        1.5562269950
AX            0.4561844852       -0.1055778930       -1.3854995330
AX           -1.3256976842        0.3765586233       -0.1847660208
AX           -0.0392470008       -1.1255204557       -1.2624066329
AX           -1.3336928427        0.1695918426       -1.2719995976
AX            1.2155566173        0.7033385541        0.0519606894
AX           -0.8200007544        0.7827438101        0.6865247378
AX            0.4278914614        1.4864601911        0.0191689531
AX           -0.3350436298        0.6725828099       -1.4088600500
AX            0.9587809653       -0.8857063635       -0.8000061445
AX            0.5924088641       -0.3517532880        1.7930168884
AX           -0.4633371384       -0.2471070869       -0.7965617979
AX            0.4756264196       -0.0297949854       -0.2893426891
AX            0.2464915006       -1.6193188300        0.7835949357
AX            0.0760071067       -1.0263047734       -0.1679680579
AX            0.2658017388        0.5627946505        0.5948909426
AX            0.4131850796       -0.5245005312        0.7223986542
AX           -0.4673910360       -0.1614899567        0.2522327168
AX           -1.1566972641       -0.9480989758       -1.2968254577
AX           -0.3004118691        0.7363662997       -0.3224469223
    38
 Energy=    -171.327114253459
AX           -0.7572953960       -1.6094765429       -0.4976577140
AX            0.6339155913        0.8749824173       -0.8878049945
AX           -0.5040918979       -0.3040992210       -1.9010627615
AX            1.2906492609       -0.9617715369        1.1375351034
AX            1.4278500564        0.1056215514       -0.8539984580
AX           -0.6777821310        1.6804136952        0.0607989860
AX           -1.3713966294       -0.2198627243        0.8104413764
AX            1.0842859358       -1.4291281076        0.1355389728
AX           -0.7279472920       -1.1519158398        0.5802671822
AX           -1.1426724773        1.2102161338       -0.8642518785
AX            0.3932928781        0.7341623159        1.6660927118
AX            1.1882142216        0.1999152821        1.0560486330
AX           -1.3063744409       -0.6973268676       -0.2345239384
AX           -0.0770979936        1.5220662749        1.0083774889
AX            1.0168392401        1.3059275523        0.9519609829
AX           -0.1370584335        1.6647885446       -0.9210817751
AX           -0.3698597685        0.0175835943        1.3203764784
AX            1.3860325162       -0.3917694625        0.1548135092
AX           -0.2398703377       -1.0294997060        1.5585937970
AX            0.4560047085       -0.1048180288       -1.3858818153
AX           -1.3262140547        0.3758055464       -0.1855390844
AX           -0.0390006540       -1.1250381323       -1.2620935604
AX           -1.3337404502        0.1699856116       -1.2728686267
AX            1.2154473639        0.7022908329        0.0525054422
AX           -0.8209542813        0.7833821701        0.6856814935
AX            0.4281953966        1.4867330446        0.0190252653
AX           -0.3352181874        0.6728878439       -1.4089864473
AX            0.9590483242       -0.8851021487       -0.8015499392
AX            0.5920282765       -0.3521933641        1.7933852739
AX           -0.4637295016       -0.2470016898       -0.7966679610
AX            0.4748922049       -0.0290079067       -0.2899251157
AX            0.2545158052       -1.6136105406        0.7890147549
AX            0.0785855964       -1.0260634289       -0.1671487139
AX            0.2652156550        0.5638003044        0.5946584337
AX            0.4111575546       -0.5211541663        0.7231209799
AX           -0.4681297473       -0.1607334492        0.2517739464
AX           -1.1568871813       -0.9479726923       -1.2962406232
AX           -0.3008497303        0.7369828419       -0.3227274042
    38
 Energy=    -171.327155508293
AX           -0.7561220357       -1.6090865825       -0.4974720923
AX            0.6339683064        0.8751807131       -0.8878225397
AX           -0.5040876040       -0.3041849974       -1.9009515365
AX            1.2886350077       -0.9640343933        1.1366844015
AX            1.4278242743        0.1055473851       -0.8535886804
AX           -0.6776155775        1.6808361378        0.0607167835
AX           -1.3713944422       -0.2201170566        0.8105699168
AX            1.0849697904       -1.4315216434        0.1338254299
AX           -0.7267609775       -1.1518765517        0.5802613728
AX           -1.1428132037        1.2103179763       -0.8642185587
AX            0.3934062931        0.7340931462        1.6659938217
AX            1.1881604103        0.1998372640        1.0559086327
AX           -1.3062940350       -0.6977082138       -0.2340742727
AX           -0.0772921897        1.5223118739        1.0084252609
AX            1.0167110746        1.3061498633        0.9518837499
AX           -0.1371248826        1.6649286465       -0.9212433543
AX           -0.3703092332        0.0180913038        1.3205693447
AX            1.3845397868       -0.3931092878        0.1550102490
AX           -0.2397034941       -1.0290738053        1.5587392417
AX            0.4559661376       -0.1046818257       -1.3858118352
AX           -1.3263888602        0.3755273083       -0.1858551773
AX           -0.0387548361       -1.1248039287       -1.2617737252
AX           -1.3337195418        0.1701146072       -1.2732510647
AX            1.2153485136        0.7019377130        0.0527431468
AX           -0.8213927503        0.7836911571        0.6854019750
AX            0.4282771626        1.4869437705        0.0189083816
AX           -0.3352430997        0.6729599897       -1.4090379305
AX            0.9592954383       -0.8850329757       -0.8018040464
AX            0.5923796109       -0.3522252667        1.7935356294
AX           -0.4639291735       -0.2469414890       -0.7966428574
AX            0.4745934613       -0.0285922905       -0.2900400269
AX            0.2562868728       -1.6127304234        0.7898353282
AX            0.0796220152       -1.0257385734       -0.1667529981
AX            0.2648903279        0.5642695440        0.5946271858
AX            0.4104013090       -0.5202470345        0.7236401754
AX           -0.4684247567       -0.1603479963        0.2518065750
AX           -1.1568512861       -0.9479904323       -1.2959220127
AX           -0.3010538123        0.7373063681       -0.3228238938
    38
 Energy=    -171.327361397743
AX           -0.7545494541       -1.6086658409       -0.4973527449
AX            0.6340726480        0.8756039603       -0.8878234372
AX           -0.5042122408       -0.3042594641       -1.9009802539
AX            1.2827875778       -0.9698047931        1.1351782523
AX            1.4278676086        0.1057435356       -0.8531254718
AX           -0.6774236799        1.6814853409        0.0605722746
AX           -1.3712716626       -0.2207897908        0.8109169729
AX            1.0871943367       -1.4357921017        0.1292869707
AX           -0.7235313928       -1.1520257880        0.5806351927
AX           -1.1430067800        1.2105007353       -0.8641892229
AX            0.3935078180        0.7339814999        1.6659580213
AX            1.1880002658        0.1989169199        1.0559673537
AX           -1.3058764708       -0.6985603930       -0.2330601189
AX           -0.0774463230        1.5224231460        1.0084176608
AX            1.0168191561        1.3057022248        0.9519587138
AX           -0.1371734534        1.6651803120       -0.9213795460
AX           -0.3711184171        0.0191106360        1.3206962892
AX            1.3821481970       -0.3953815583        0.1552548790
AX           -0.2412704893       -1.0278998317        1.5607808739
AX            0.4558570573       -0.1040138904       -1.3861792932
AX           -1.3267939609        0.3750295231       -0.1864721415
AX           -0.0386205982       -1.1244791245       -1.2615840212
AX           -1.3337691122        0.1703892887       -1.2739152362
AX            1.2152794175        0.7011143126        0.0531787330
AX           -0.8220838739        0.7841583912        0.6847731835
AX            0.4284981598        1.4870909681        0.0188338879
AX           -0.3353683813        0.6731991946       -1.4091434062
AX            0.9594509776       -0.8844749880       -0.8031349858
AX            0.5919970656       -0.3523988454        1.7939417374
AX           -0.4641914281       -0.2468420233       -0.7967192010
AX            0.4740161246       -0.0280106480       -0.2905098169
AX            0.2627619354       -1.6080798443        0.7939446246
AX            0.0815634613       -1.0255985926       -0.1661750167
AX            0.2644600460        0.5649845381        0.5944608386
AX            0.4087822913       -0.5175970384        0.7241655329
AX           -0.4689888234       -0.1597629969        0.2513209718
AX           -1.1569916074       -0.9479301093       -1.2954415103
AX           -0.3013759959        0.7377531355       -0.3230575414
    38
 Energy=    -171.327361404993
AX           -0.7545472071       -1.6086655409       -0.4973615636
AX            0.6340725571        0.8756023870       -0.8878241667
AX           -0.5042125630       -0.3042557254       -1.9009807336
AX            1.2827873572       -0.9698012095        1.1351825104
AX            1.4278675392        0.1057405731       -0.8531254558
AX           -0.6774221879        1.6814864220        0.0605717092
AX           -1.3712684032       -0.2207962999        0.8109215016
AX            1.0871962522       -1.4357909630        0.1292893419
AX           -0.7235293464       -1.1520334558        0.5806312792
AX           -1.1430074813        1.2105006190       -0.8641845129
AX            0.3935066413        0.7339873545        1.6659581408
AX            1.1879978095        0.1989162363        1.0559688541
AX           -1.3058768230       -0.6985646286       -0.2330583543
AX           -0.0774439268        1.5224250903        1.0084134011
AX            1.0168212828        1.3057009028        0.9519565669
AX           -0.1371733278        1.6651794368       -0.9213798998
AX           -0.3711173591        0.0191147109        1.3206971854
AX            1.3821468959       -0.3953804333        0.1552563943
AX           -0.2412717439       -1.0278964643        1.5607780882
AX            0.4558558343       -0.1040146809       -1.3861779198
AX           -1.3267939177        0.3750250973       -0.1864715724
AX           -0.0386222350       -1.1244757273       -1.2615860192
AX           -1.3337697425        0.1703948709       -1.2739179319
AX            1.2152796795        0.7011127719        0.0531775235
AX           -0.8220830139        0.7841580900        0.6847718845
AX            0.4284998942        1.4870892930        0.0188315212
AX           -0.3353685272        0.6732010038       -1.4091422493
AX            0.9594512374       -0.8844767822       -0.8031357627
AX            0.5919940927       -0.3523938240        1.7939453182
AX           -0.4641944854       -0.2468403087       -0.7967180881
AX            0.4740154662       -0.0280125134       -0.2905094002
AX            0.2627648479       -1.6080817299        0.7939474548
AX            0.0815642755       -1.0255999652       -0.1661754379
AX            0.2644603734        0.5649832776        0.5944608293
AX            0.4087806869       -0.5175995189        0.7241669372
AX           -0.4689891883       -0.1597658658        0.2513222364
AX           -1.1569949392       -0.9479245400       -1.2954430771
AX           -0.3013763051        0.7377520415       -0.3230565339
