     -169.673937705203031
     1 C1  
     803.9137347         769.9965826         679.0662706    
     636.8622379         574.1949119         521.7759837    
     505.3446765         497.0782212         484.5013675    
     464.2948084         443.8838656         421.3745106    
     413.8815170         399.8452545         386.5546264    
     379.4290070         374.8131272         367.5138620    
     361.3802018         342.6508745         335.4682293    
     321.2583145         316.1616595         311.3470538    
     307.0215215         297.2920501         291.7593182    
     280.6823966         275.9385111         274.1828299    
     259.7449840         251.0244304         244.4406319    
     239.9170107         239.2963451         228.0583144    
     219.0954657         215.7012275         207.9726058    
     205.7988344         202.0055398         188.0249173    
     185.7021491         183.0108714         180.8445880    
     174.8761526         169.8754349         163.5033596    
     159.8729577         156.7963321         154.1639183    
     151.1949751         147.6546877         145.9502510    
     141.8254279         138.4071195         131.5917880    
     129.4925137         126.0901680         124.4520641    
     122.1991336         119.3352734         116.8487598    
     112.6372107         111.2073025         102.6082924    
     99.10295507         95.88841436         93.28456800    
     91.41154835         90.27181734         86.75395071    
     86.27686718         83.27245508         81.06075464    
     76.05014404         73.68539199         71.10658563    
     68.83181968         67.41563158         65.01966023    
     61.36250948         59.80663040         57.11575222    
     56.75458653         52.57694978         49.71543294    
     47.96338348         46.11585804         42.40920570    
     38.17756553         37.81978911         36.52052327    
     33.24196157         31.46617325         30.34188746    
     25.83977854         25.60742801         20.33215152    
     18.09454248         16.48695084         15.46515974    
     14.39689474         10.18619677         8.684075931    
     5.892872811         2.750023007         2.354109248    
    0.2170904989E-05    0.2137958019E-13   -0.9187845643E-15
   -0.1377978607E-13   -0.8041290208E-06   -0.1590543110E-05
        0.498786747555470        0.057014941265115        1.834707202081111
        1.169887736148610       -1.012612574608538       -0.595135968906635
        1.414775283461127        0.196689503882289        1.232624303020499
       -0.105906205730498        1.110725960003293       -0.729024666796970
        1.374155187727156        0.048697744530051       -0.778170267100486
       -0.539260433795046       -1.314074330256190       -0.166229321102323
       -1.209689557744692       -0.047439298641911        0.940081215071368
        0.451174954784220        1.503704320452412        0.145978912845556
       -1.215060540652674        1.062296474596822        0.863045307172008
        0.020966409013704       -1.582559676828633        0.796296800783558
       -1.595376773989935        0.053479508242854       -1.039009763819787
       -0.553544786764212        0.705149077757019       -1.719117802456818
       -0.363561546066782        0.540294986804013        1.355155774031797
       -0.952057563128264       -0.853986447992153       -1.074683122773600
       -0.261717085050212       -0.368342377883939       -1.785588337614029
        0.428305074615928       -1.783084853279249       -0.319442706609999
       -1.278256604117442        0.462524784141256       -0.043009289858263
        0.986309903519976        1.083977026684820       -0.740883062084446
       -0.803719845626860        1.622288639944387       -0.023654830695446
        1.381599521726339       -0.363263938693441        0.277288532644269
       -1.039320109592189       -1.130779433527086        0.774362035374040
        0.640527052098065        1.040979974702149        1.176005597466884
        0.856028122962394       -0.809806164894035        1.199610532235443
        0.887634467012967       -0.599527377149249       -1.591650283780924
       -1.455336738472038       -0.614568834491442       -0.123650241718791
        0.121648745620535       -0.730090329072015       -0.827786277111026
        1.223338132544055       -1.503972327763708        0.420451121342025
        1.210390802268786        0.712265990644365        0.261935993225066
       -1.191087624671114        1.089072058916777       -0.919953636372110
       -0.232811719102960       -0.575757552955577        1.240104698614273
        0.427260303316018        0.357862021243356       -1.353666105957377
       -0.276277211335435        1.613570479272170        0.976755736905570
        0.424602718544295        0.184729277446438       -0.300534972485676
       -0.544817904121075        0.129972992161715       -0.789210248215530
       -0.288815619122198        0.740681443118437        0.296561733342468
       -0.477725081013243       -0.295919848864937        0.196952751939947
        0.442840975501053        0.088661515535634        0.746155152360842
        0.424110812676171       -0.818853354743268        0.186327505203510
     -169.662332905412285
     1 C1  
     804.8469670         760.2297471         678.4421786    
     644.7064055         580.9591167         573.0242180    
     511.6033889         503.4340038         477.4022453    
     473.1543551         446.9623885         431.5675950    
     420.1947109         402.3927297         391.6275068    
     378.3620305         370.6043579         365.6857594    
     355.6385773         343.0451570         339.8417472    
     320.4376863         317.2503424         309.9949839    
     300.6290733         298.4869890         290.2374865    
     284.3297898         277.0671821         272.1842359    
     260.4188393         252.7493283         243.7711699    
     241.0710284         232.8167984         225.8083995    
     218.5646043         215.9931419         204.7356717    
     202.4602656         195.4214486         188.1891261    
     184.5479560         181.2976536         179.9142492    
     172.7961880         168.4737128         162.4997351    
     158.5190210         156.3586160         155.0457862    
     153.5209594         148.9490742         144.9152375    
     140.5687791         136.9306468         131.8985380    
     128.9723651         126.9179081         124.7656938    
     122.1408569         121.5364199         114.3822173    
     109.3748071         107.3553602         104.5257153    
     101.8826389         97.54377101         93.01527970    
     90.46940100         89.26400729         86.75733877    
     83.60023645         80.67012477         79.00802439    
     75.47772931         74.04069228         70.32502385    
     67.62354066         65.14900129         62.40973394    
     61.40527464         60.80979435         57.10385399    
     55.08332519         50.87478972         48.56041369    
     46.98509559         43.15321988         41.66250680    
     38.38955121         36.50970329         35.89551990    
     33.69696039         31.22030498         28.66303511    
     25.08595030         24.34555570         18.57837381    
     16.96795850         15.92902085         14.45720746    
     11.05265932         9.858381212         9.204275372    
     5.207411599         2.743139746        0.1568559923E-05
    0.7681654649E-07    0.8482763809E-13    0.5263517692E-13
    0.1637230191E-14   -0.2017210930E-05    -1.992055377    
        0.504627054437427        0.055486280439491        1.841983066564487
        1.183271035184403       -1.014838516618001       -0.599426218501321
        1.415004557495560        0.196068667440608        1.231895701136238
       -0.125551178816630        1.087025354901483       -0.721621612110578
        1.369420851279967        0.050842963880377       -0.777780571370850
       -0.534649143908165       -1.292209135665985       -0.177915277141310
       -1.221299904493143       -0.034443902680148        0.950621647174836
        0.444574120608178        1.518714531813697        0.138848746405886
       -1.208222330344783        1.071200851456100        0.870959625225836
        0.010390673528054       -1.567193407857112        0.791099853926037
       -1.569765567990188        0.072536833662318       -1.070391844103249
       -0.606304537406829        0.648802360832984       -1.694170138957720
       -0.363295260257841        0.539733404191534        1.367426257489940
       -0.946905633890313       -0.866883941952426       -1.106196316442554
       -0.245276584962168       -0.394903883395564       -1.807693928904165
        0.427152408157904       -1.779217798044995       -0.331432956592186
       -1.262142551431167        0.478399368139253       -0.041643703111624
        0.966773573129158        1.078892577330048       -0.744317067198303
       -0.793353196213530        1.625947988068982       -0.014160057754713
        1.382163001458228       -0.361273656548058        0.276865104949200
       -1.043535249586634       -1.113373984030206        0.762708046725553
        0.635326164226503        1.038304651490923        1.171078019139516
        0.849523979417414       -0.818770441904279        1.197789974199330
        0.910795295975691       -0.592500814789519       -1.600965375031860
       -1.429939941344818       -0.592681420839764       -0.154834129402436
        0.140078069366015       -0.740192996481488       -0.846979182047914
        1.221446647001335       -1.506125818415071        0.414974135720658
        1.198522102970866        0.715051131490080        0.261798584214935
       -1.207741883758719        1.115930737164335       -0.912569250956643
       -0.240754287876035       -0.575400418088204        1.268974832387724
        0.407634171524726        0.343160507241686       -1.349200278378086
       -0.271594266391165        1.623666325560454        0.987080248273043
        0.422915874198962        0.178431860915421       -0.293391985881998
       -0.542124642010021        0.093769342239502       -0.766127091356346
       -0.275530240188526        0.746929983550571        0.314275371229659
       -0.471591351440089       -0.289607157745899        0.232697164667873
        0.441984773817759        0.078445393516285        0.755751425975218
        0.427973399532617       -0.817723820569412        0.173989180037879
     -171.065101036374017
     1 C1  
     814.4854303         757.4235390         691.6109792    
     555.8479360         546.7990391         514.2218021    
     501.6303018         492.0118137         482.7704877    
     466.2046513         456.5597823         442.4445138    
     409.2229374         400.1910861         393.2212386    
     390.1341464         357.8097908         342.4915768    
     330.2914130         323.8267223         313.0134045    
     301.9400168         296.8864438         293.1058656    
     292.0831687         286.4482003         277.4986291    
     267.4998566         262.6820029         249.3568884    
     243.5072645         238.1505055         233.7149989    
     226.2533203         216.8091016         214.6818068    
     209.7969381         202.3893187         197.1500279    
     193.2296288         190.3000928         185.0991442    
     177.7983301         173.4797300         169.2544895    
     167.2722301         161.4223172         158.9466255    
     155.1181390         151.9122918         151.0366350    
     149.8425883         147.6388510         144.3620878    
     141.3667017         136.4198536         134.3297859    
     130.5171379         129.1830218         127.7279343    
     125.5431265         123.1670731         121.2073930    
     120.2261928         117.1393113         114.3301575    
     112.2402927         109.5542504         107.1416344    
     104.7940662         102.5610612         99.18824204    
     98.88825976         95.63238937         91.84500242    
     88.99032066         87.14555375         82.74953957    
     79.57104706         74.82880536         72.22548936    
     71.39651635         67.93886559         66.62692627    
     62.70423182         61.32055101         56.70652615    
     56.00340134         52.93137557         50.75751104    
     50.18800616         48.54658013         46.62448753    
     45.25465495         43.75872983         42.34500820    
     41.59032055         38.43422252         33.63644158    
     31.57404609         30.21328650         27.97238604    
     24.22128074         20.44279767         18.96668779    
     16.47976354         15.30000106         10.28541438    
    0.7244445591E-06    0.1781350603E-06    0.8837630967E-13
    0.3602564839E-13   -0.2671982960E-13   -0.5029525513E-06
        0.517161766871585       -0.041247707155510        1.877659839267603
        1.316018778376105       -1.079124182314507       -0.392616401286338
        1.406844029455425        0.336095400542285        1.267205634756737
       -0.202845738348579        0.954732784892343       -0.684173308163700
        1.287008944484210       -0.074169450684115       -0.864345954668118
       -0.491199087432337       -1.114964516314027       -0.276999964624574
       -1.382770690011720        0.010388318955252        0.839965019990299
        0.348886022607809        1.693414552551350       -0.061481523333847
       -1.072238221987317        1.083489325349322        0.904224585474088
       -0.090567875216744       -1.688229511004990        0.597947822218914
       -1.533709822837671        0.161581510725055       -1.028418524660512
       -0.672507280518309        0.525327294681221       -1.618040313401790
       -0.434973962511150        0.287982656888076        1.342409951699913
       -1.136315746590283       -0.886536766565868       -1.157362673747370
       -0.264919551171922       -0.525072869029506       -1.735047369864593
        0.415582350099214       -1.742431420587047       -0.400002797596426
       -1.082587413589822        0.573218373020036       -0.086080530029216
        0.926884003016584        1.001616636039646       -0.726814022397097
       -0.770492962127329        1.637924333745419       -0.020387276787534
        1.363964101040731       -0.166921331809082        0.241827917150920
       -1.006133999684124       -1.055687651230496        0.722105288363829
        0.451829097929588        0.988249960670768        1.357991415675017
        1.068797596315667       -0.762324507737180        1.159994979753770
        0.887918747772771       -0.574903949053563       -1.799223478920124
       -1.392833319689661       -0.489185259127229       -0.151366910521382
        0.368739134192483       -0.736986762603945       -0.857672439660206
        1.040471123398158       -1.677669884011252        0.527069178636592
        0.992153599488231        0.900009368557364        0.371645131922502
       -1.232167521322430        1.232021894879346       -0.958277648745730
       -0.060654460985281       -0.774332250807611        1.226204964817391
        0.361922320758707        0.281800104180571       -1.341337539121954
       -0.189964170057190        1.786532955239929        0.925644959494758
        0.421556213858913        0.165438597021532       -0.247911665339452
       -0.507334066033910       -0.099343452703730       -0.733943022954585
       -0.135062418226417        0.833862652092057        0.404187909942228
       -0.441915142624798       -0.208086380146691        0.339094755718771
        0.477120635853512        0.063808879646102        0.813591375063889
        0.448334986447258       -0.820277747091395        0.222732636077305
     -169.673937705250552
     1 C1  
     803.9134189         769.9960890         679.0664725    
     636.8624124         574.1953513         521.7762178    
     505.3445234         497.0782287         484.5012205    
     464.2944615         443.8836772         421.3742938    
     413.8814238         399.8452197         386.5547815    
     379.4291833         374.8130541         367.5139400    
     361.3801196         342.6508554         335.4681220    
     321.2583287         316.1619903         311.3470425    
     307.0214845         297.2921633         291.7594462    
     280.6828783         275.9384497         274.1829601    
     259.7450336         251.0245904         244.4405247    
     239.9168977         239.2962440         228.0584315    
     219.0954957         215.7012452         207.9726367    
     205.7988651         202.0055991         188.0248741    
     185.7023303         183.0109716         180.8444097    
     174.8761763         169.8755324         163.5034748    
     159.8728821         156.7963789         154.1638780    
     151.1950649         147.6546823         145.9502618    
     141.8253745         138.4069602         131.5916282    
     129.4925345         126.0901497         124.4519931    
     122.1990223         119.3351467         116.8488933    
     112.6370161         111.2072248         102.6082823    
     99.10287177         95.88869670         93.28449847    
     91.41164659         90.27190427         86.75387656    
     86.27692213         83.27241546         81.06076212    
     76.04990259         73.68538236         71.10646848    
     68.83189814         67.41576820         65.01976740    
     61.36261276         59.80655884         57.11577683    
     56.75457742         52.57699287         49.71540541    
     47.96328350         46.11576376         42.40915346    
     38.17755065         37.81986813         36.52052552    
     33.24196959         31.46620210         30.34184289    
     25.83980675         25.60750012         20.33213463    
     18.09459817         16.48700251         15.46505323    
     14.39685893         10.18619987         8.684274972    
     5.892883202         2.750000980         2.354073069    
    0.1077606014E-05    0.2804742640E-06    0.7411644747E-13
   -0.3263773895E-13   -0.4900824455E-13   -0.1601288334E-05
        0.498713309725309        0.057119213242827        1.834723758682499
        1.169888276752500       -1.012676989534949       -0.595023993723878
        1.414729791436907        0.196733665219838        1.232669444641611
       -0.105850156777637        1.110682190797337       -0.729099481512181
        1.374188940465695        0.048616969439320       -0.778117393828072
       -0.539285657786368       -1.314072333769791       -0.166167318358807
       -1.209729282152657       -0.047350931729409        0.940035330101581
        0.451204117488811        1.503703444355230        0.145902076541421
       -1.215070595468535        1.062379921870152        0.862927933622246
        0.020895856366942       -1.582509971078147        0.796397736225795
       -1.595332284876010        0.053451247959362       -1.039078607603110
       -0.553457851714269        0.705053559707086       -1.719184481631482
       -0.363603969480732        0.540389397529845        1.355106358594606
       -0.952033662918920       -0.854032373413135       -1.074667877161740
       -0.261652224602799       -0.368448828177309       -1.785575118891360
        0.428275178129949       -1.783114050130448       -0.319314437819387
       -1.278243749957689        0.462551807652970       -0.043090815707782
        0.986365794191372        1.083907487693331       -0.740911089345989
       -0.803679781549167        1.622306248015052       -0.023790422027695
        1.381579412224162       -0.363279000194875        0.277367780225159
       -1.039379055042381       -1.130705569027683        0.774392227868697
        0.640503889214405        1.041039146881321        1.175966066348405
        0.855960126895055       -0.809750739024078        1.199696540515985
        0.887685243125567       -0.599648377086342       -1.591575564830248
       -1.455346422264712       -0.614542677412881       -0.123670644130357
        0.121664989646726       -0.730146905403391       -0.827734942091735
        1.223284271593553       -1.503975518918545        0.420595693855117
        1.210396376041139        0.712254102939778        0.261940331154244
       -1.191024521363507        1.089042082707769       -0.920070868435126
       -0.232875785903666       -0.575673588571116        1.240131757680266
        0.427324654656727        0.357767243799533       -1.353671537858972
       -0.276278841791719        1.613638438900431        0.976642418398843
        0.424619800987745        0.184699250941372       -0.300529720748392
       -0.544782030616544        0.129935469548813       -0.789240492264903
       -0.288809881679408        0.740706768482787        0.296502559273720
       -0.477740440457751       -0.295896281558973        0.196952433638730
        0.442812663137678        0.088698214137356        0.746167509651365
        0.424083505324224       -0.818851737090428        0.186396851150912
     -169.652673042137650
     1 C1  
     800.2691308         764.5814787         652.6136220    
     628.8987832         579.6539680         555.4973345    
     500.8246187         484.7790762         475.5621735    
     444.2211935         434.5860153         425.4247574    
     411.0687345         406.9901883         387.0931726    
     385.7502738         378.4504581         367.4965235    
     352.6516381         345.1580710         336.0268453    
     329.2093957         318.7314344         309.9387934    
     301.9739212         299.6127862         294.6591776    
     284.7793299         280.8428669         280.1142543    
     267.1737722         265.6089768         245.1537251    
     241.8064615         236.2283487         231.1800531    
     222.5575054         218.4678528         211.1665033    
     203.0407499         197.3155571         192.1796485    
     189.0017644         183.6498788         181.3108893    
     176.6895715         171.1167777         164.9024266    
     161.2769861         157.2216542         153.6763569    
     149.4787432         147.1972538         146.0502712    
     141.2859848         137.6458831         133.6174729    
     129.0617959         127.7257695         125.8054197    
     123.5114446         120.2549157         118.7993405    
     114.5682918         107.4150033         101.5680539    
     98.51188426         96.45893703         92.77856660    
     90.72200839         89.68367709         86.09571272    
     84.92295663         81.64025485         77.29966663    
     75.54762314         72.55963582         71.23740491    
     68.57515117         67.85733848         64.84734151    
     62.54571822         60.23754607         57.13596418    
     55.86525226         53.43705426         52.49602581    
     47.58965164         47.24832158         42.36774149    
     41.26872550         37.40081627         34.20191180    
     32.70841353         30.86827185         28.96364881    
     27.36987719         25.49752693         22.20101352    
     19.05057575         15.62787483         14.49379293    
     11.52381929         10.01846828         7.317158590    
     5.528088772         2.010626358        0.1573484117E-05
    0.2940326652E-06    0.3485344930E-13   -0.1590378166E-13
   -0.5323927631E-13   -0.1789886896E-05    -3.404463062    
        0.482146646484572        0.076224364108284        1.825080541289125
        1.164395973318368       -1.008014998795744       -0.596647790201165
        1.408700006923183        0.190569243505913        1.232727512049784
       -0.082788436743546        1.132093505419823       -0.754557135632053
        1.386704589463251        0.046145652613502       -0.795803149332481
       -0.536326359171329       -1.333303917258825       -0.159316676284581
       -1.228172272867975       -0.061280198599000        0.955050088932419
        0.445976944785126        1.465262218684017        0.153694196428440
       -1.219540238812388        1.068764831031666        0.797888368064795
        0.034256418901373       -1.580448365826669        0.804216033153283
       -1.554269562672264        0.078843659868223       -1.093286959641291
       -0.602611366985250        0.704461615607313       -1.685904954758574
       -0.379802938385530        0.540258610993876        1.317453819241639
       -0.948875878482828       -0.844707933808174       -1.055567830672586
       -0.277632546195834       -0.354709132602470       -1.772361720723093
        0.437330938627137       -1.783891519526237       -0.308229261413101
       -1.332353304370723        0.388726176357840       -0.042967787928368
        1.005829253282668        1.080630417016665       -0.739446600068219
       -0.708075638316595        1.700073611147315       -0.023050386897797
        1.377441114916604       -0.357859775099827        0.270041813092729
       -1.031293862184688       -1.148042441176471        0.789521123168115
        0.656830279176025        1.040440609875230        1.192493844407244
        0.850844681235991       -0.793074916690419        1.197776905100307
        0.873568757247264       -0.593951501469249       -1.592575107654381
       -1.476768144026930       -0.679560137620352       -0.114672832972734
        0.116927439073379       -0.728407604974801       -0.822023370829704
        1.225813764594261       -1.489577830263519        0.425909862704955
        1.230511207785606        0.714716516001251        0.267944615206369
       -1.171765635490429        1.101650130016622       -0.833239874670011
       -0.232221563411293       -0.571330058557015        1.239958069873438
        0.421972828911657        0.370793721732000       -1.363578237127465
       -0.269326519055110        1.589801150001176        0.984955881116468
        0.444337375699671        0.189881561891385       -0.308313067673372
       -0.531168913364388        0.144698965096527       -0.761188290492895
       -0.330402738946402        0.725938084829572        0.240943744252998
       -0.499821903612344       -0.317296246190581        0.204600459273965
        0.430812688168947        0.106962478046816        0.733543185439179
        0.418816915500758       -0.811480545685661        0.188930972378614
     -170.713101032177747
     1 C1  
     840.3334937         703.5765509         677.1264497    
     640.9720507         564.1769592         558.7324834    
     530.7282418         515.6588909         497.6182216    
     480.1736645         451.8546538         440.1965496    
     419.5486542         406.7496926         391.7665579    
     383.4079400         371.5183109         367.4293771    
     361.9304282         349.1769658         344.8485628    
     337.9488435         330.5576966         319.9383459    
     312.0453845         304.4605069         292.3901523    
     289.4153859         279.6119589         272.5324369    
     268.5951114         251.1548066         248.5282848    
     241.1435656         228.5571675         227.4743562    
     218.1743931         217.3313582         209.7819174    
     202.3935014         194.3918403         193.2466343    
     185.4531264         178.3497979         172.1185059    
     168.8393461         166.7022003         159.6976121    
     157.6831082         156.7758716         151.4566143    
     147.1319672         146.4363242         140.3434942    
     139.2957635         133.6163921         132.6255080    
     127.1610132         125.9528944         125.0213864    
     119.4226853         112.4066734         110.6927549    
     107.8617406         104.9460204         102.7487719    
     100.0353492         94.18430718         92.65201053    
     89.92286067         88.09066060         84.16201497    
     82.06089826         79.87149655         76.61131461    
     72.73516291         70.11623998         68.00691816    
     67.20072651         63.52287089         61.55306121    
     60.40632312         58.11445797         56.44743906    
     55.40200286         51.63020138         49.84860194    
     48.71367865         45.40727149         42.58499669    
     39.12339518         36.38600607         35.19971997    
     33.60679552         31.68818249         29.43190629    
     29.16147086         26.42935029         24.03325859    
     20.32517157         19.26250191         17.89331809    
     15.51583160         13.98827164         12.29691256    
     11.18551737         5.962122308         3.899953167    
    0.6299966466E-06    0.5600362104E-13   -0.2028432885E-13
   -0.8684818518E-13   -0.3962179303E-06   -0.6369259110E-06
        0.412588789933130        0.080690231629719        1.792140276575408
        1.102343412142713       -0.950968930825029       -0.594652692509882
        1.382191254545545        0.209709371766718        1.253515322742588
       -0.019777248538190        1.256185864687376       -0.798603549424190
        1.441621267650422        0.046668378342925       -0.911522654547699
       -0.552817352931422       -1.340138925275818       -0.019492008242592
       -1.277623395434400       -0.161758677435499        0.917825691328007
        0.506266234613501        1.584950099810625        0.165287542140273
       -1.186508398848624        0.954304617080468        0.498723123972879
        0.115161215809475       -1.640631741953039        0.850162788457385
       -1.395589086071223        0.205007675332135       -1.316519556208743
       -0.569738679032891        0.843213723481830       -1.660320588960319
       -0.439057999876993        0.478827503229838        1.188987324326029
       -1.035912210527612       -0.695243912283691       -0.804049717940347
       -0.392353806006673       -0.289663680914303       -1.685827280604691
        0.410175122585085       -1.772736199745154       -0.310876853882238
       -1.429291684045965        0.148321982100327       -0.195642570352508
        1.038747936020212        1.063481321967339       -0.718629551378231
       -0.589272247755117        1.809629679064811       -0.042905481905922
        1.368264708105210       -0.343923610434707        0.273340589171487
       -1.002587660795162       -1.319310122180095        0.983624824997434
        0.597855976554729        1.039418604640479        1.177211348264502
        0.870059007199731       -0.789940436758522        1.206740208029720
        0.747679851002045       -0.586507185332105       -1.576103952346750
       -1.547852019224624       -0.886821072329037        0.138918405757588
        0.031242018309112       -0.764012231130474       -0.777259976583489
        1.227638741076380       -1.479428555002306        0.406379156095756
        1.208195769117150        0.739827742116797        0.292954752819460
       -1.112504441613784        1.084913800766570       -0.659525403054789
       -0.220112811097438       -0.612429245449250        1.173530349984516
        0.427765158965415        0.427882539953993       -1.384403573605512
       -0.339637713944635        1.544842503240897        0.969499450729340
        0.534293286678881        0.106603861721349       -0.347963562473521
       -0.453715670034202        0.238945633801004       -0.751706261192608
       -0.188130753801257        0.772053924951499        0.156634635387262
       -0.504005146633301       -0.269912318545303        0.178633770947377
        0.442474638750060        0.097445217533470        0.708499468192166
        0.391923938154691       -0.829497431925846        0.223396205494851
     -170.713101032072643
     1 C1  
     840.3343038         703.5763468         677.1264719    
     640.9718376         564.1772602         558.7328145    
     530.7281322         515.6586974         497.6184359    
     480.1738564         451.8545789         440.1965062    
     419.5486548         406.7496763         391.7665533    
     383.4079065         371.5183285         367.4293928    
     361.9304989         349.1770673         344.8484653    
     337.9489292         330.5576543         319.9383261    
     312.0454084         304.4605072         292.3902843    
     289.4156498         279.6118460         272.5325388    
     268.5951163         251.1547869         248.5282354    
     241.1434198         228.5571318         227.4743555    
     218.1743021         217.3312375         209.7819044    
     202.3934867         194.3918783         193.2463181    
     185.4530871         178.3497915         172.1185781    
     168.8392155         166.7022831         159.6976152    
     157.6830690         156.7760097         151.4565303    
     147.1319495         146.4363457         140.3434562    
     139.2957756         133.6164330         132.6254582    
     127.1611210         125.9529329         125.0213860    
     119.4226221         112.4066236         110.6927245    
     107.8617033         104.9459660         102.7487967    
     100.0354280         94.18427792         92.65208312    
     89.92283745         88.09064030         84.16202485    
     82.06091974         79.87153424         76.61126628    
     72.73511792         70.11618625         68.00690515    
     67.20080701         63.52288382         61.55306210    
     60.40626632         58.11437440         56.44746881    
     55.40201839         51.63018030         49.84861928    
     48.71368136         45.40724438         42.58491410    
     39.12335769         36.38594059         35.19971256    
     33.60674434         31.68823025         29.43191914    
     29.16131772         26.42930209         24.03324422    
     20.32518098         19.26248287         17.89323018    
     15.51586458         13.98837712         12.29693198    
     11.18547067         5.962129500         3.899917766    
    0.3246916178E-06    0.2226660463E-13   -0.7239135867E-14
   -0.3197315109E-13   -0.2377423847E-06   -0.4965831262E-06
        0.412589337588812        0.080720047980901        1.792138862992800
        1.102371851677048       -0.950939848982594       -0.594644975681244
        1.382186771059946        0.209764892889630        1.253511312297121
       -0.019817301742022        1.256177415181475       -0.798615632955973
        1.441618541580563        0.046704699261984       -0.911525641490939
       -0.552776209923680       -1.340155954902213       -0.019477490327979
       -1.277617011099521       -0.161789105927498        0.917829677120699
        0.506217577908114        1.584967286681420        0.165271339575603
       -1.186536980439777        0.954272278419446        0.498715493803605
        0.115213727034920       -1.640620592476525        0.850177819570668
       -1.395597514730567        0.204951550278568       -1.316519506450011
       -0.569767395328239        0.843179923739232       -1.660327728956044
       -0.439070625353218        0.478825196496960        1.188983278911773
       -1.035892200672973       -0.695283812028018       -0.804040967200429
       -0.392347162551880       -0.289691931916669       -1.685823928527086
        0.410228667825429       -1.772725763451131       -0.310862061055401
       -1.429296963228992        0.148275639290780       -0.195641911544743
        1.038714059810544        1.063506918819712       -0.718641662121707
       -0.589328220803252        1.809610945212431       -0.042922099138701
        1.368275901494444       -0.343878856922266        0.273342321921585
       -1.002545402534448       -1.319331400288385        0.983640139763656
        0.597825408478711        1.039448490797807        1.177199980188131
        0.870085903656625       -0.789901948649674        1.206746265541730
        0.747695724873180       -0.586499227644384       -1.576099155874169
       -1.547824476434990       -0.886867601618110        0.138930147826769
        0.031264182135931       -0.764018606282982       -0.777252595596217
        1.227684058490595       -1.479387538545246        0.406390997145435
        1.208173496712720        0.739867825807551        0.292945396496097
       -1.112539062986255        1.084872859439276       -0.659534137720693
       -0.220091473555315       -0.612425092595455        1.173536575365860
        0.427749879912286        0.427882499377851       -1.384408363359645
       -0.339684336525449        1.544841299632189        0.969485085324799
        0.534289625412498        0.106617041895477       -0.347965502315039
       -0.453724288456119        0.238924246000639       -0.751707745707568
       -0.188154093490073        0.772049562638426        0.156627500059671
       -0.503996729713125       -0.269925899452876        0.178637514737485
        0.442473020513265        0.097465640806906        0.708497817707971
        0.391949714404242       -0.829483079264671        0.223403579872130
     -170.687958016673065
     1 C1  
     843.1389523         699.4841070         643.2219487    
     639.0630348         560.7557677         551.2020058    
     529.1350530         510.4523361         497.0463677    
     480.1709960         457.4338623         449.0688517    
     424.3280707         417.9449722         393.9247613    
     387.9311617         380.0865542         374.6253169    
     365.7357908         351.5914547         346.5838679    
     337.7815070         327.5395590         321.7144911    
     317.3567020         302.5935861         294.2131933    
     286.3420310         283.1191764         276.3031842    
     265.1817354         254.5825930         249.0848048    
     241.1577322         232.9871654         231.2013343    
     225.0155199         217.3305250         209.5361115    
     206.8186809         199.5644666         196.3164452    
     185.2928329         178.6919789         173.7715584    
     170.6602809         165.6649386         161.8006340    
     155.6951831         154.7846202         151.0643286    
     150.8287716         147.2578132         142.1203244    
     137.8411754         131.9485951         129.6667042    
     127.2432340         125.9509210         124.9611901    
     120.8686890         111.0479907         109.0916250    
     107.5794191         102.9452035         102.3343289    
     97.13296033         94.46130113         90.91271260    
     89.40436954         86.22191624         82.94432794    
     80.46265291         77.60042289         73.82349129    
     72.10658117         70.31123833         67.14822711    
     63.78614421         63.46162998         59.69045885    
     57.95424038         56.53976635         54.49343451    
     52.87731524         51.87091560         48.31896573    
     47.40152336         46.09924429         43.45002708    
     39.44147513         36.67299159         36.18966636    
     34.22931706         32.07544084         28.69096378    
     28.25095043         26.37447931         24.66192900    
     21.82328229         20.13493786         17.91747178    
     15.86950159         13.27924630         12.07513595    
     10.78156388         6.184919136        0.1755910243E-05
    0.3196865141E-06    0.5742998284E-13    0.7544312306E-14
   -0.7340047147E-13   -0.3208901911E-05    -1.263185257    
        0.418801241910264        0.086569036842145        1.775903684895616
        1.113063469356705       -0.973112155917843       -0.579841771792535
        1.386507108701171        0.210292963863360        1.238200809649543
       -0.039712667777270        1.274813847303335       -0.806692231608940
        1.513050182898284        0.052823974747364       -0.776505828586972
       -0.556772172373163       -1.344209277218234       -0.017892085526243
       -1.270780961039709       -0.163319562748758        0.915379850228239
        0.514045213906898        1.579478868156063        0.148886872059119
       -1.179900867151082        0.955354365267874        0.498787552909943
        0.110946796946581       -1.642368920518277        0.852653100066566
       -1.415440451471117        0.199274018271849       -1.307100413871273
       -0.613740431203567        0.858126741199659       -1.658195244772020
       -0.430538516254685        0.479044719741838        1.176750917907864
       -1.036203068313834       -0.695167104630746       -0.800046964193060
       -0.396144608001625       -0.285160618508891       -1.687299456233030
        0.403999840832746       -1.786512522665290       -0.305964625570253
       -1.433784042343779        0.146381066814079       -0.189104520923938
        1.021727082785163        1.058186016712145       -0.739694328275024
       -0.595175964596254        1.812995375831208       -0.038377386371057
        1.370131691105559       -0.365259077979692        0.283592075496410
       -1.003627449465834       -1.319591865550140        0.986948000737439
        0.614106180049339        1.036378945639996        1.150022633847086
        0.865737752534581       -0.790446196565898        1.205631456809756
        0.800129184172152       -0.511145261118162       -1.511588851536576
       -1.550783119827645       -0.890188973391555        0.141203664975360
        0.030398746149583       -0.784262585794084       -0.788225684546596
        1.214353069295432       -1.498238499847685        0.420867911883295
        1.215424740843332        0.717885756878589        0.259037132525554
       -1.126327960294924        1.086345294536727       -0.650922955464006
       -0.219612458372611       -0.610373552517203        1.164422389833605
        0.390801278819769        0.470027530629797       -1.409675782195866
       -0.325605636552734        1.543837872794066        0.965323083068855
        0.526525740775864        0.091575217101963       -0.376005994871467
       -0.464131184426029        0.243448704482917       -0.758659561696348
       -0.184227464349621        0.771912881580228        0.143718594329013
       -0.502326969323388       -0.271177467747668        0.168653949638952
        0.445836173173382        0.093466723842738        0.688840239012035
        0.389250499882039       -0.837686279817825        0.216969768360952
     -170.695492190274933
     1 C1  
     850.6320196         698.2903165         632.4540114    
     613.3206108         558.9206518         540.7825441    
     523.3761813         504.0939758         498.9637925    
     480.1480652         459.0636434         447.9199360    
     431.3898175         418.2852936         400.9629030    
     393.6561070         379.2893493         372.0768706    
     364.4717629         353.2994890         344.7751051    
     334.6951643         332.0950123         325.5459214    
     312.7561626         309.4807179         290.1140526    
     286.8362341         279.2090559         275.8788825    
     260.7625485         255.0950672         246.1472589    
     242.2489633         240.5658861         232.8744180    
     231.5686723         213.8888191         211.9240009    
     203.9097300         203.2091991         196.4314126    
     183.7251522         179.8532619         174.6365206    
     172.9413191         165.9378402         162.2140224    
     156.7175106         154.9666202         153.6073501    
     151.0997573         146.0097940         141.0476000    
     135.9615858         130.2852228         129.2303723    
     126.9551523         126.4119904         122.0863483    
     120.6977949         114.6779167         108.2583316    
     105.4389004         103.5676360         101.3178237    
     99.58757630         95.54144286         92.67082369    
     88.41064151         86.51936270         83.13929924    
     80.17919075         78.81381289         74.15770906    
     72.28655531         71.05095096         69.76401149    
     65.26603895         62.37467481         61.00068507    
     58.38914746         56.97097138         55.96306019    
     51.72122957         51.43263278         49.63460760    
     46.53450378         44.08471424         42.09661752    
     40.16327414         39.45029535         37.12397818    
     34.47265787         33.14556676         30.73883882    
     29.16891806         26.77936781         25.52766042    
     24.42456282         20.23461935         17.85250257    
     16.17984313         13.24445860         12.45774681    
     7.947077011         5.988316626         2.181271676    
    0.4141162645E-06    0.1337064171E-06    0.5030701352E-13
    0.1673955920E-13   -0.2539407601E-13   -0.2033380057E-05
        0.417628882891386        0.089196484338225        1.766235514533028
        1.127696088567603       -0.986063374677796       -0.565278404631038
        1.386282775071863        0.210224848465803        1.236578560474054
       -0.052140390527605        1.288507216178277       -0.814683900413272
        1.552723062879824        0.058391045050882       -0.709632073869491
       -0.556817165171627       -1.346082142462722       -0.017044560438768
       -1.264940719780640       -0.165554685108160        0.911768172116498
        0.523141079017375        1.577017821379096        0.135883347640728
       -1.172240772990576        0.957091307495658        0.496553370106913
        0.107760903205776       -1.643338730869070        0.853990076143067
       -1.429908704408555        0.194743913769640       -1.297452490945395
       -0.652904055029356        0.873820035353395       -1.655646490762287
       -0.424746060095398        0.479647703251796        1.165698088936764
       -1.032412747813474       -0.693919494770490       -0.795876482284071
       -0.411112956780894       -0.283595455524825       -1.687666606355643
        0.403353189829015       -1.794208709071297       -0.304561081180847
       -1.434942298511110        0.144795784700137       -0.183888533199627
        1.006637557700119        1.040038631064864       -0.753567063671534
       -0.595995899887738        1.816788585005713       -0.037022664633364
        1.374961882373097       -0.383813139938228        0.303275651127104
       -1.004825869240908       -1.322607820796858        0.988107766313202
        0.622140170854986        1.033429968508936        1.133172961035511
        0.858469426507958       -0.793430689603497        1.209804262005980
        0.835303832861134       -0.448864508879787       -1.452691789760748
       -1.551761694788729       -0.893759296769486        0.141468311875964
        0.033772929924640       -0.799129099533971       -0.797673044328550
        1.204626344657064       -1.512809028752715        0.435079793523127
        1.222168714818115        0.703054983884430        0.243362776578928
       -1.134948315626436        1.087988402357697       -0.643366002184745
       -0.221629515790724       -0.609427533949335        1.156237622151541
        0.355509276411916        0.499211694755372       -1.441657974001716
       -0.315879378610365        1.544650767638470        0.961170934541392
        0.528875239441848        0.079979717427804       -0.398085859796475
       -0.467742409500596        0.249424009238366       -0.764170517260610
       -0.176682127857503        0.772933175693704        0.133628177382051
       -0.498247976551445       -0.270586921055638        0.160082289003499
        0.449074799200724        0.089527080860959        0.675713552873632
        0.389752903749196       -0.843272544955354        0.212154311555189
