     -170.549769551156942
     1 C1  
     904.1884328         740.6901944         699.6136538    
     635.7155446         583.1911472         559.1133737    
     536.8726806         517.3470637         497.5360557    
     477.9306416         468.5993157         422.3170749    
     409.2008762         397.7874979         392.4805770    
     383.7560498         377.2934829         370.2563885    
     349.4886652         345.5673922         343.4867005    
     335.0966841         326.3582414         316.3436102    
     308.5069408         303.7454125         287.7969098    
     281.4751256         269.7936899         252.8996175    
     248.7777064         245.4955550         235.5920190    
     234.3742340         228.1956373         221.8480890    
     210.5081800         208.7175070         202.1359415    
     196.3569888         188.7728574         183.6437111    
     178.5228531         172.9450629         167.9076183    
     167.2798158         164.3923205         157.1308448    
     155.4743590         150.3554134         147.0483626    
     144.7394556         139.2944985         135.5636482    
     133.9790316         133.1205974         130.5970230    
     128.0642868         126.5892260         124.2639829    
     117.3302205         117.1745824         116.0106758    
     107.4550449         107.0621004         102.6911250    
     98.73580297         94.38971789         93.18201684    
     92.46969203         88.40741038         87.35704313    
     83.37353037         82.57789983         81.59473137    
     78.55945366         73.55389314         73.27472422    
     71.64488664         69.00591586         66.81631376    
     64.20601157         60.84856195         59.09288057    
     56.82579052         53.98682326         51.24682035    
     47.35423623         45.97836345         43.47760420    
     40.75629254         37.62267542         35.94521831    
     35.76120812         32.78557802         31.41770708    
     30.14742546         28.39557003         22.86860671    
     21.69902516         19.93805535         17.56273971    
     14.41248504         11.33094194         9.660660183    
     9.396965228         4.633991245         4.580276065    
    0.2335853652E-06    0.1860234268E-07    0.5624113622E-13
    0.2056536607E-13    0.2917924648E-15   -0.6517999260E-06
       -0.093435413013274        1.015654086989677        1.582093720293150
        1.191614725968567       -0.901320890615803       -1.009747879929928
        1.549818790926194       -0.439681989864203        1.122273792935431
       -0.162383578518260        1.580812422313124       -0.630335538849056
        1.460065546963578        0.205684501773351       -0.814079687799063
       -0.553047638037864       -1.301076210370316       -0.264448391246087
       -1.406309504315923       -0.145864707018805        0.829963636808198
        0.719086820162764        1.252511634625485       -0.049050854024180
       -0.857640110919478        0.773574598472658        0.811362474284596
       -0.045426512138635       -1.225879764137456        0.749410329146398
       -1.278834757723331        0.106718360887136       -1.112178604557196
       -0.306350413901103        0.631096070613969       -1.295250319343624
       -0.268306746323006       -0.103361684185246        1.360762803959207
       -1.070146443489813       -1.012276471014535       -1.194901468845473
       -0.471024326736781       -0.331578275532117       -1.818872941991021
        0.336050589184641       -1.936828985097168       -0.032282999870472
       -1.537275352996957        0.527253623553449       -0.071202528408220
        0.698574455490842        0.960789296284834       -1.091883663293647
       -1.094024961073459        1.552015582287994        0.069142715928204
        1.437923793514565       -0.516265514463094        0.002238819855194
       -1.125698189233071       -1.177886462463077        0.662015405150273
        0.853048159123998        1.330298721415588        1.059227875267853
        0.589233996122198       -0.838174416765285        1.607709655499573
        0.514945290207150       -0.119154170879052       -1.347806112103957
       -1.348475967399000       -0.540057517453364       -0.225214641505711
        0.070713394074930       -1.163590110893034       -1.232712188596159
        1.041088963388054       -1.340003445505740        0.627410898935401
        1.275530456239916        0.463510385264955        0.475920697959592
       -1.179814059320904        1.181496860075020       -0.941120203687221
        0.583300594778093       -0.357087995126686        0.657793080479673
        0.507067378354506        0.190881759488061       -0.301894904210134
       -0.128384380544904        1.617268840465288        0.557432837634843
        0.176373471607932        0.597069002101574        0.627825071451203
       -0.365230024746594       -0.308787005359866       -0.729896140935208
       -0.483052228987656        0.649904646382104       -0.221262436727204
       -0.439640040272782       -0.294516881332098        0.321127778278591
        0.780508004819633        0.296986515838378        1.501618662871248
        0.429556219665226       -0.880134411055709       -0.241188750315019
     -169.041564210383484
     1 C1  
     805.5751084         721.6545621         679.0679186    
     644.9909299         602.5332729         543.7373485    
     530.3040852         495.6654112         482.5158496    
     453.5190029         446.2645693         430.8891196    
     421.4550180         409.3771353         397.0420869    
     392.0117260         382.5265565         379.8882754    
     365.4874842         360.2345448         346.8398885    
     342.8085874         329.0872066         321.4136720    
     310.7881446         295.2602650         284.9928895    
     277.0278601         268.3531053         262.7631606    
     253.5819041         250.8259443         246.5614797    
     236.1236376         229.2245965         226.6478212    
     224.2510647         217.9737790         210.2649265    
     199.2982277         196.5892954         186.4128984    
     176.9965761         170.3773925         168.2539942    
     166.0904556         162.9957634         157.5962282    
     156.0872309         151.7407575         149.3606930    
     144.6025193         141.7256428         140.2522199    
     136.2566127         134.9989091         131.2551044    
     128.0404257         126.0702050         122.2268608    
     118.0600555         116.9848301         113.6790993    
     108.7159933         105.6505967         103.4045949    
     101.1416139         97.56677877         96.09991051    
     93.04180488         89.89597022         84.60988139    
     83.69681369         81.97015872         81.31876072    
     77.71409587         75.78514727         74.38520085    
     70.59985589         67.44960741         64.94921600    
     60.96248888         58.25095656         55.26389751    
     54.68082712         52.90718373         47.59804248    
     44.66577246         42.12013182         39.82770232    
     36.39645086         32.91334417         31.92635003    
     30.04559292         28.10063115         24.34804010    
     22.35160683         20.08639478         17.85063659    
     17.29691818         16.58295870         13.33087530    
     12.32959894         6.868068088         5.504408660    
     2.453770686         1.570910534        0.1666464674E-05
    0.9434387877E-13    0.2575163920E-13   -0.1938526311E-13
   -0.2914736284E-06   -0.2591056918E-05    -9.158564367    
       -0.104677197798466        1.000523621514635        1.602894021022446
        1.020882416801160       -0.928500317525178       -0.767278569091212
        1.595874321006950       -0.378394908630068        1.176056945060219
       -0.150357100770081        1.660848467083920       -0.721884196951657
        1.459833870540706        0.136665785036519       -0.857230863380476
       -0.665268268961634       -1.492481453102208       -0.350145280321516
       -1.484589023903416       -0.150511098058756        0.792932101715954
        0.669025451544629        1.251591822093339       -0.037455065174361
       -0.846243403920905        0.745312996361397        0.809013245289431
        0.011875657937745       -1.211840443257574        0.936112370136244
       -1.320605323801306        0.094367685170214       -1.184717250078709
       -0.323100780990834        0.632607605514365       -1.351374642683236
       -0.226959608085357       -0.130269073133611        1.385178644351158
       -1.098588984081557       -1.007608695369368       -1.239852128673670
       -0.475394308200816       -0.341748138754598       -1.833996429743262
        0.441977670703573       -1.872669534265757       -0.441840912239934
       -1.361899879866915        0.460819613356876       -0.129385281829225
        0.669866579811335        0.903745407164975       -1.047317012050748
       -1.065080734930314        1.528647654863186        0.050390326146994
        1.511892397524031       -0.452961968350784        0.068663819029566
       -1.016096766431545       -1.131639039038347        0.641419195659520
        0.837792085541345        1.362475444945771        1.080163682574539
        0.669132504544150       -0.758185479979268        1.714085585002260
        0.487730440783016       -0.148140498247620       -1.331297360036147
       -1.344509172967074       -0.606993248935136       -0.254450745937606
        0.008575971883765       -1.145563634126786       -1.181999929237929
        1.006219205700394       -1.363853244880466        0.418156663808674
        1.280853966188316        0.507760823784598        0.513837776910391
       -1.163003762195830        1.173945323187296       -0.961839967628330
        0.626935847569866       -0.370742234382179        0.703451117985425
        0.550482578912106        0.112740697902174       -0.264808234248106
       -0.144023636498342        1.602273302758770        0.605466159070789
        0.201960306241089        0.582533731479216        0.660648163369530
       -0.418441389428140       -0.252708293137700       -0.723639179994797
       -0.335903035242395        0.734671088082712       -0.247324770713728
       -0.488363539911756       -0.192583300011087        0.341721140934212
        0.804885585616207        0.336230655035736        1.534209066014356
        0.177309060036293       -0.890367122449216       -0.106562203567059
     -169.497147140591153
     1 C1  
     840.4131920         739.5059918         703.2586746    
     670.0759229         607.7016734         537.8917283    
     513.6382109         497.1641772         480.9444546    
     465.6932046         453.8586853         440.2497400    
     434.0868206         415.7796132         405.5948626    
     402.2613938         392.3176424         372.9725919    
     365.8598971         354.1925382         346.4524408    
     343.7339501         331.8056008         319.6114225    
     313.3826198         308.0316571         290.8582783    
     286.9613147         269.6359404         264.8400086    
     256.7078636         250.5522306         236.5034453    
     233.7624819         231.6326666         224.5252422    
     220.9584106         208.1716675         206.0205952    
     202.1400387         187.3224507         184.1624638    
     178.8013764         171.6349613         170.3648214    
     164.8955144         159.0718324         158.8323748    
     155.1945287         152.9289849         149.6053021    
     143.1259304         138.4029146         135.4816446    
     133.7801509         131.0508909         129.5417739    
     126.0924740         123.3476984         119.9693926    
     115.6698726         112.4156219         110.2561091    
     109.6137247         104.6778701         99.49389745    
     94.92942896         93.32989739         91.34316849    
     87.02911784         84.25308659         83.11118452    
     80.24274056         77.90315173         74.55501195    
     72.99093502         68.61102565         66.09727574    
     65.06240307         60.90910516         59.83346691    
     58.02053776         56.37558050         53.59016231    
     49.82315897         46.35744338         44.12393145    
     42.51915219         39.91883520         37.87525375    
     36.79074386         34.00683054         32.28307671    
     30.96689972         29.42664436         25.36080279    
     24.96690269         22.75046433         21.27288873    
     20.51938047         16.27104927         15.44781412    
     14.70768842         12.10219165         10.40642019    
     8.451324127         6.985377380        0.7464742381    
    0.1557643481E-05    0.1311360922E-13   -0.3033331919E-14
   -0.2966506507E-13   -0.2293420624E-06   -0.7826510024E-06
       -0.116166869362232        1.029776624718533        1.590451326941846
        0.956990462581797       -0.883398622467633       -0.715482877915395
        1.510717210959330       -0.457668042587340        1.184716673487128
       -0.112785585120807        1.773661413377408       -0.594931944059199
        1.418728468789797        0.183318868875088       -0.872264839239914
       -0.708594803974772       -1.585375459891862       -0.354476132554091
       -1.405191848862366       -0.157583035409453        0.822778943286251
        0.741117466402965        1.249899036893199       -0.023521175517468
       -0.840221945532302        0.789844959120069        0.796165720880752
        0.188559913386321       -1.423773697983140        0.934634155024675
       -1.335469440402435        0.084918607390804       -1.190246348607118
       -0.359630246548391        0.593493855962477       -1.447661613617565
       -0.305306448854516       -0.088588436518645        1.352138601652920
       -1.119079565162482       -1.019283357484244       -1.210873666044444
       -0.490600703710574       -0.409270414605480       -1.853765540014363
        0.424626060236912       -1.885284386969644       -0.424867631589034
       -1.319492797202126        0.456912389762352       -0.142533362019098
        0.571147194906727        0.900887070840202       -1.016640814094011
       -1.058150101979580        1.546089415868685        0.036300089669200
        1.529428481916748       -0.389590796076249        0.062386393794839
       -0.785556430184974       -1.067011699580895        0.658619685038684
        0.836385786071984        1.373414133881160        1.106372514912872
        0.541648182950289       -0.746631089133248        1.739770755947465
        0.473717036228282       -0.148977632302590       -1.362470454088569
       -1.292509440626359       -0.629248967259006       -0.211944656255239
       -0.015585908850432       -1.164857944852155       -1.159954275180038
        1.063783291516517       -1.322454150031822        0.313694820046936
        1.276915635496200        0.497075208679082        0.585795544891648
       -1.116563180924348        1.179052844029010       -0.971920985374873
        0.556836290563338       -0.399129347017737        0.708816102480397
        0.534018143712618        0.074430317683198       -0.257226050700411
       -0.114164830888899        1.626192488564314        0.560518797543127
        0.211820016389673        0.608118661765920        0.649939443503159
       -0.415621723472479       -0.242439079745649       -0.752255084533274
       -0.296476421449764        0.773330230249960       -0.304953578191278
       -0.466701238685524       -0.107593443558380        0.292037556383451
        0.752518095129462        0.319438681478566        1.546858916939361
        0.084911795456407       -0.931695205964853       -0.074005012329318
     -172.877736411077507
     1 C1  
     820.6877622         812.4092372         799.9991465    
     545.2001977         532.2239991         515.8577088    
     501.4645532         486.0786328         471.6710795    
     440.1310753         434.1585735         403.4856953    
     401.1914272         385.5438569         377.2756179    
     375.8606193         370.4770301         353.2250962    
     350.7685448         342.5295892         303.2812879    
     293.4673607         290.9306576         285.2067545    
     280.6589084         277.9639043         273.0330270    
     270.2167524         253.5590540         250.3557272    
     246.8071382         242.9700129         229.3300928    
     224.4081878         217.7587119         214.7661372    
     211.6413500         210.4001791         201.5550487    
     197.5400836         188.1679776         184.8720600    
     180.1970719         176.9754065         173.7234339    
     167.7607507         163.4583472         162.0137470    
     156.1159452         153.3519091         152.0397757    
     150.1306004         149.6935778         148.0514545    
     145.3718717         141.2372099         138.5286570    
     136.0738070         134.4478600         133.4678565    
     131.1771850         129.2785302         124.0884238    
     122.4417399         119.3531476         117.6089093    
     110.7746059         103.5680582         101.9265096    
     99.83466658         95.96492726         92.63943950    
     90.73351308         89.25834445         88.14240730    
     87.44793830         85.48749187         84.84995734    
     83.24056522         79.36591272         78.35494313    
     74.37252298         72.15068011         71.94527346    
     70.93628244         68.99463921         67.50187123    
     65.28502485         62.38480253         61.96217433    
     56.50595205         53.59228341         52.03090665    
     48.94866036         47.24778450         46.76503764    
     44.23159594         40.64581017         39.62703556    
     38.64438423         36.29587450         36.09149047    
     29.37066033         28.81692328         22.33020738    
     18.70346009         16.75680237         12.86542598    
    0.1797689098E-13    0.1306353600E-13   -0.4667701116E-13
   -0.9917870736E-06   -0.1724662601E-05   -0.2314232162E-05
        0.280288553525368        0.922525133913805        1.688673193629577
        0.970543174802140       -0.859893151196809       -0.567761583988927
        1.322655380432135       -0.699326350849461        1.336266001392153
       -0.173894636046623        1.655953281381108       -0.981261171700271
        1.438409888340931        0.136365188425096       -0.731551483081023
       -0.616186835193289       -1.731451070796231       -0.426540443705756
       -1.401390385986878       -0.145931045004592        0.833700817220111
        0.373302555030082        1.576427096933283       -0.011078026881035
       -0.901326262415650        0.867400871028733        0.650191470347074
       -0.063272599351749       -1.841248148499843        0.559388097844575
       -1.296555001702878        0.107685067888774       -1.319412368776449
       -0.305091332308039        0.631238205291144       -1.406466620521891
       -0.423236407286575        0.124098174005782        1.376268185615402
       -1.084765247218062       -0.999332707973336       -1.142358873456936
       -0.431328088583711       -0.397590437054248       -1.821047335621166
        0.498631877736913       -1.853154013519307       -0.403951824514732
       -1.326817057243482        0.281409209345875       -0.226009008961516
        0.632579740275647        0.897158296204796       -0.857524722759077
       -0.742290449752547        1.736501547015640       -0.019660510638065
        1.383635645866831       -0.280462419986550        0.303622334645269
       -0.570506221051383       -0.926595336075309        0.932480882811821
        0.918501894078891        1.482982542480330        0.960580319184758
        0.358898819481603       -1.277664908530723        1.428345086813137
        0.503554974512051       -0.130508220559268       -1.278240712858379
       -1.119361578011242       -0.819759597037232       -0.050954224280075
        0.032845210738602       -1.129541760475838       -1.114850401804047
        0.917824867937300       -1.281760864392639        0.463951848925519
        1.180797281182587        0.809617917927785        0.116273890684824
       -1.166367150571155        1.145332040022973       -0.898900800255113
        0.412116880345396       -0.367649419903939        0.828600527206099
        0.473381640209385        0.039148169628554       -0.198235191210735
       -0.188206569973325        1.657382055603374        0.956475008502874
        0.213007792884352        0.699939378671980        0.628636910799407
       -0.446238060637863       -0.222070107532804       -0.730103340903418
       -0.320586161570296        0.783057641814562       -0.320221819762974
       -0.469099083324779       -0.053862251725975        0.319925272095388
        1.126094367494884        0.397015968048535        1.155865800553550
        0.009448584254446       -0.933435974818014       -0.033115182089942
     -170.379409654345466
     1 C1  
     832.7473766         808.6736475         788.2741033    
     566.9651750         536.4759872         520.8058771    
     505.4451965         482.6390587         469.3974501    
     442.4629784         423.3012598         412.2396532    
     394.0005253         388.2772537         374.5577362    
     368.9665611         368.1575419         354.0214229    
     344.6888238         341.0524833         322.6096228    
     311.7041598         290.2192808         285.3348933    
     284.4578566         276.9076483         274.1027227    
     271.9100922         267.6481195         250.6012290    
     247.1558635         236.1738955         231.9973425    
     226.9992962         220.7907604         217.8525959    
     211.7933564         206.8646282         199.6326442    
     191.8649638         188.2878780         186.1370241    
     182.7796278         177.4372850         169.2898691    
     163.5041834         163.2364569         158.1450062    
     156.4171475         151.4270093         150.8838191    
     147.0161495         145.6381854         144.4735885    
     143.5592671         137.8588823         137.3602538    
     135.0049869         133.9446788         132.0537139    
     125.4033018         124.5465142         124.0254455    
     113.9117726         111.1847634         110.3404324    
     106.8316437         104.0391403         101.1545897    
     97.60220084         96.79371179         92.55906998    
     90.45818094         87.37343637         86.80562852    
     83.45380832         81.38572111         79.69924927    
     77.86970367         76.47013795         73.93051818    
     72.36605239         68.21156227         67.29728163    
     65.13035081         63.76868289         60.65212164    
     58.03505671         54.72328899         53.03911086    
     49.27084621         48.76328882         47.09218719    
     45.84708591         43.63387732         41.46291964    
     39.34418330         36.96530982         36.50292886    
     31.71993706         29.10389899         28.32666557    
     23.74950808         19.05093925         14.56280567    
     12.63595151         7.882864675        0.1241060541E-05
    0.6001580016E-13    0.7833385706E-14   -0.4625489244E-13
   -0.1220094374E-06   -0.2062322453E-05    -11.16652851    
        0.089629402295991        1.062500986675629        1.666963085158685
        0.971282144306698       -0.845326546788100       -0.600245870037249
        1.383746157253507       -0.642248381450105        1.279637567162812
       -0.196290883862683        1.650895157303255       -1.029558024027892
        1.429156542845565        0.151201867792993       -0.798024758832846
       -0.607139437033910       -1.725492669823904       -0.388527698755440
       -1.362099467548914       -0.118566659588196        0.855873580151184
        0.387726749691355        1.581122654240206       -0.079633912233134
       -0.852425030808806        0.896345137957460        0.667727032469056
       -0.004443427984125       -1.811061206331280        0.580737374119237
       -1.325884882171925        0.086876454994127       -1.296781824398582
       -0.335083078358949        0.616967632551562       -1.428778509974280
       -0.367225676919376        0.108589643531050        1.372046430901105
       -1.095724044275733       -1.015298393275895       -1.115607174341911
       -0.471584286211272       -0.417232820640710       -1.822105997989816
        0.511034292788125       -1.840744561359910       -0.407858540290348
       -1.318546801149118        0.304020621883606       -0.205655630376804
        0.618781504709367        0.900090123437167       -0.922165958309999
       -0.759788459676386        1.739456637354392       -0.067176598680880
        1.413703749380344       -0.245511313294005        0.242939377082419
       -0.531299441246603       -0.907161806979644        0.926484800055542
        1.109667367092592        1.056061455789417        1.156553910853994
        0.415467772028291       -1.188627499665614        1.428965088068100
        0.480501262869873       -0.138199675967685       -1.315292177240983
       -1.108993085500646       -0.800270615365553       -0.032927497277076
        0.019376107935582       -1.135378392247510       -1.118695181316849
        0.958261334543225       -1.255337406870346        0.437931884762950
        1.186054413588819        0.829672986007003        0.061483110800082
       -1.182556221473393        1.134695378538316       -0.920567504997662
        0.460097142031994       -0.339057692210544        0.765770201163394
        0.477815518068763        0.061156174625549       -0.241346301669349
       -0.149141783905812        1.743330564382710        0.854091747907857
        0.238484687189144        0.725570254581408        0.620340984496746
       -0.453848002981983       -0.220759064157024       -0.734819952687981
       -0.318352674583815        0.793516907448871       -0.341562319437604
       -0.446661030446527       -0.031658259579887        0.312727833946549
        0.710710707750930        0.154062020431488        1.682070239941063
        0.025590860669821       -0.918199694230293       -0.045012815664080
     -173.134317008761826
     2 C s 
     830.8884004         821.5378557         799.6797768    
     541.9436802         538.5979011         518.3839771    
     512.7739452         500.2634956         471.3676916    
     443.9317454         427.9101874         408.6361322    
     392.2382652         384.0783021         377.9850667    
     373.9456585         367.7610059         353.6548679    
     350.6657287         337.1387201         332.4759245    
     289.0851038         284.0323182         282.9401335    
     281.4881979         279.7562166         276.1405769    
     275.6094820         267.6679565         249.2302476    
     242.3474060         237.7508819         221.6979203    
     219.1095932         214.8266557         211.6179678    
     210.1760777         208.6154798         201.8481835    
     196.8922912         186.9455106         185.0804172    
     178.6818844         170.9690955         168.4855788    
     167.6917935         162.7607054         159.2599278    
     157.0354318         154.0617316         152.2233318    
     151.7861859         150.4117985         146.0845759    
     146.0412583         139.7912218         139.2283582    
     136.5547578         135.5616123         135.2685830    
     132.8370507         128.0171383         123.6067858    
     121.6851227         121.1654224         115.2248721    
     113.2878325         104.1710423         102.4149588    
     98.63116608         96.31911041         94.86633039    
     92.91501792         88.49951358         88.24866301    
     87.35832431         85.59959077         85.19330036    
     80.92678586         80.32787433         79.51012714    
     76.19073936         75.94953094         70.83549340    
     69.70940412         68.43969222         66.70150364    
     64.81944445         61.58740931         60.40656953    
     59.85992819         56.63999322         50.19526865    
     49.79700034         49.01460696         45.66369156    
     44.60040912         42.11669902         42.09198848    
     39.64054260         38.21161438         36.86481965    
     31.91468347         27.30111339         23.32221015    
     19.97372164         18.44785036         13.59997083    
    0.2513770780E-05    0.9642447613E-06    0.1200660764E-06
    0.1432119598E-14   -0.3206492023E-13   -0.4812751196E-13
        0.319431519686712        1.015836255519694        1.626323748541889
        0.983961434925115       -0.814988217480588       -0.587464313607495
        1.391726820205907       -0.572175365352298        1.290031049206906
       -0.232251780765455        1.657127352895197       -1.062288117002262
        1.422826377880728        0.187626336378297       -0.804467550257279
       -0.574294781039205       -1.720792532981106       -0.364505794199708
       -1.368596915838331       -0.104681999147198        0.845634758269368
        0.341819000233666        1.625280696148247       -0.101231636182893
       -0.900878483123200        0.912497036687255        0.610423075197127
        0.010669469531144       -1.763802522380180        0.617278519438226
       -1.324406366997965        0.068910414731508       -1.316566313181453
       -0.348648523306228        0.612988259770197       -1.447330731246550
       -0.391377219433153        0.213083173790248        1.348431937802524
       -1.080030499498542       -1.026549070949628       -1.097058862901350
       -0.460970439541788       -0.436214817269120       -1.819261907371736
        0.541467716336241       -1.812301948427797       -0.367240179697669
       -1.331650212216537        0.281113709255685       -0.230453173753502
        0.596306940408000        0.924122244884370       -0.935987240698522
       -0.776492578817045        1.761224031652565       -0.088810851569829
        1.410365940671607       -0.193370096355593        0.243170245898281
       -0.508233277601103       -0.849224322363985        0.962259072816446
        1.159033244860588        0.503456365603173        1.082496874514458
        0.440086916033628       -1.138541419372228        1.453233410130320
        0.481489808941183       -0.125225258926584       -1.315289212152778
       -1.088805248133899       -0.806513861697806       -0.012654088799070
        0.039835071502143       -1.129701098843682       -1.098123666193260
        0.970584743497387       -1.197976804486103        0.463566034044795
        1.170743709714013        0.885721579270916        0.031151974406539
       -1.208871738152936        1.125052484974152       -0.935267871609851
        0.454986282537573       -0.283388868277208        0.783309447427671
        0.475466654598250        0.088199132515863       -0.244662957213974
       -0.194628979138950        1.721509041378281        0.881711117978636
        0.224508999325941        0.769633852320310        0.574390385336597
       -0.451279379296730       -0.217161664800552       -0.737541289231491
       -0.339235225212316        0.806872069050231       -0.367113623322800
       -0.450987482786743       -0.007686433192877        0.304065239210258
        0.557298034061376       -0.069728232031148        1.843174971842551
        0.039030446848922       -0.890229502790498       -0.027332481369102
     -172.200559790511221
     1 C1  
     834.1578741         815.4919728         762.1079919    
     540.6046981         530.1322497         509.3178749    
     491.9888013         480.1274863         460.1059410    
     432.4970026         413.8197296         397.7433828    
     389.3275883         377.6572446         373.2713939    
     368.8846878         367.0565414         354.5395600    
     343.1893459         326.0166933         302.2209379    
     295.9255504         291.0776208         290.8093408    
     281.2901092         277.3856877         273.2522040    
     271.5267224         256.7154618         252.2243398    
     244.1067118         242.2872041         238.7985957    
     228.0679963         226.5156240         219.5046846    
     212.5362870         210.7675155         206.4311497    
     201.6597094         198.9172902         191.3792103    
     184.6744089         180.2789937         172.7435761    
     172.1391297         167.2093149         163.1547807    
     162.4088255         160.3298551         155.0379145    
     152.2764997         151.1437392         149.2089188    
     147.2046127         143.2334035         140.0202215    
     136.6546483         134.7666623         132.3142662    
     129.7262652         127.9184142         123.2490280    
     119.7357591         117.6867609         114.9790307    
     109.0811353         103.2592668         102.0008570    
     100.3116810         98.57778466         92.37929664    
     90.90551852         90.29485436         89.02356440    
     86.56946429         85.03224973         83.90794201    
     81.82305195         79.07924209         76.77357203    
     74.19767535         72.82971287         71.01907413    
     69.26246481         68.27769733         65.61421911    
     64.60343157         60.82661746         60.23006113    
     56.63870380         55.19367405         51.65062882    
     48.91554687         48.13108611         44.82051155    
     44.25782640         43.61252403         41.56819357    
     37.70713017         34.17846846         32.44453192    
     28.25076111         27.57162905         22.42199262    
     17.90765767         15.78002876         11.95238823    
    0.1761742087E-05    0.6493263613E-06    0.5088005956E-13
   -0.3708447269E-13   -0.6478212043E-13   -0.7094763193E-06
       -0.587691090188881        0.984203298274682        1.773265606175496
        0.919843299502186       -0.964533246651513       -0.706837486036964
        1.266708900994584        0.188282255284585        1.067044256676335
       -0.079750606910692        1.636064935602139       -0.908541184748790
        1.441970602376131        0.008610461693703       -0.842606812500644
       -0.710696986293861       -1.744206096295993       -0.515167309802034
       -1.299596030083976       -0.178999154581466        0.893542597190046
        0.518363202679858        1.465930969785048        0.019916246898539
       -0.760539551744071        0.805748935053220        0.700958974718018
       -0.111534809528503       -1.940690787766115        0.428322157739192
       -1.320813767550051        0.186196720444615       -1.255672009847224
       -0.304673409919739        0.649534309690587       -1.376418572168745
       -0.286170085660090        0.003593456382754        1.372410693306111
       -1.174746729268622       -0.937208982409531       -1.142922456764505
       -0.524998883445674       -0.343196340096209       -1.836532296354070
        0.391745926050555       -1.935485543072283       -0.571789769066160
       -1.270842957532367        0.283717328038922       -0.154917428467381
        0.681632587168461        0.823496574076461       -0.877662249731629
       -0.579002262487328        1.704092448189593        0.087839371085886
        1.425547808489270       -0.464949186513069        0.171300803030501
       -0.506363782566546       -1.018144184879797        0.903712942533744
        1.113121109817075        1.291544186331706        0.946592303959399
        0.654791066628966       -0.356153220994541        1.822713705677161
        0.458580364728485       -0.166881837586094       -1.341219243797231
       -1.120507264525661       -0.831975556393672       -0.039008776331181
       -0.067314974544483       -1.142178230259054       -1.208083190522412
        0.900084520922949       -1.448604531633889        0.300938250841742
        1.279253400670109        0.649430268712279        0.053186359873066
       -1.096777239894733        1.181593200132511       -0.780265752617817
        0.491789638625832       -0.535527750257757        0.753620409196532
        0.509174941386320       -0.059221085975325       -0.252055307162618
        0.021940024339130        1.530011249305744        1.018685414449536
        0.340374696232661        0.565456159877240        0.629996329075264
       -0.458455522742759       -0.230292812674988       -0.738881736573734
       -0.239568284951740        0.737436644901467       -0.284235971934361
       -0.399898411039443       -0.126519735753750        0.319001994562247
        0.494820317765650        0.739279879877901        1.689647738852949
       -0.009799756598989       -1.009454998160100       -0.119878600914254
     -170.226578645358444
     1 C1  
     805.1222708         770.4057635         747.1474146    
     527.9074697         520.2727040         498.3331986    
     484.2024854         466.7999274         461.1732939    
     440.6879234         428.8285929         406.2634873    
     399.8611559         392.1781972         385.9354628    
     381.1035601         371.4971328         369.3507509    
     352.9001102         349.7198984         329.9318042    
     318.4431274         313.3198018         300.1388153    
     294.2719364         287.9061723         285.3031096    
     280.5502432         269.0522717         262.4688572    
     258.4710201         247.4247619         246.0075821    
     242.1288749         233.7694461         229.7106816    
     224.5584439         206.6569203         206.0298191    
     202.8906021         188.4527325         187.8728268    
     184.4877060         183.6057126         173.9856032    
     168.2726547         165.7790758         164.6303223    
     159.4946562         157.8092717         154.6704629    
     151.7392114         149.4986993         144.8741195    
     144.3566076         139.3599970         136.5033654    
     135.1393994         132.2507343         128.9880444    
     126.8916984         124.5721229         119.2520798    
     117.4651057         114.4542270         106.5535598    
     105.7851520         104.3998039         102.3887186    
     99.57885905         98.29882457         94.93488325    
     92.13236463         88.16546672         87.22952046    
     85.29436732         82.28460854         78.69119451    
     74.73587264         72.97289099         68.83280226    
     66.95532546         65.37403630         61.45508014    
     59.13340186         57.38775270         55.02061355    
     52.44062299         50.77627880         49.16305520    
     46.60386374         45.45588042         43.06263842    
     42.45712571         39.10800525         35.96905270    
     33.72186293         31.84587895         28.87983689    
     28.50485679         23.61206723         22.05679573    
     17.70069083         14.86469458         11.63813151    
     9.632923135         8.876915357        0.2602869930E-05
    0.9169323808E-06    0.1129078592E-12    0.1182914689E-13
   -0.1463084340E-13   -0.4158523091E-06    -8.981865706    
       -0.362267997023295        0.992069605641462        1.716731678853995
        0.917604819676455       -0.950969064936737       -0.646478621756777
        1.333644431593541        0.238375361612387        1.032626240725689
       -0.085726436924056        1.637089123612139       -0.944946225718896
        1.439634036977240        0.023641502357414       -0.794248336453879
       -0.705844551731013       -1.730794516686469       -0.481444585500751
       -1.380595441380566       -0.154746503331946        0.831804084487700
        0.491675173118255        1.491205193828944       -0.000878554519520
       -0.802454532317693        0.846077902852960        0.697654708638325
       -0.131094518471141       -1.926811236017476        0.470299587918798
       -1.308204614444814        0.163170973104669       -1.287566792141065
       -0.291537405337672        0.635870271975884       -1.390458669899119
       -0.419952445314891       -0.038727601860401        1.387539476755705
       -1.151492290223251       -0.952491762080732       -1.160124921728536
       -0.486296482667797       -0.365363486323894       -1.835009447653692
        0.403891962036283       -1.917348941003562       -0.499517350617171
       -1.284539781830210        0.316941773722416       -0.190089992767679
        0.674539599223620        0.829698438292231       -0.879030193170750
       -0.643209565274803        1.719313116723659        0.017052877974022
        1.400755947373975       -0.453141591327974        0.210037339461811
       -0.571309205323435       -1.006625786695458        0.880619783558137
        1.030800193713472        1.311494101451272        1.007272758917717
        1.093164922352940       -0.651684920831475        1.648182036221836
        0.474970214585769       -0.173619774054176       -1.308653845171709
       -1.143011716978795       -0.801661017284721       -0.067611344635201
       -0.047526522516492       -1.147202310142704       -1.170343778337547
        0.860225718990564       -1.398899850877160        0.400804837165690
        1.241829768314329        0.700208110381445        0.066031198015400
       -1.101026041701366        1.177362986211932       -0.853202839001931
        0.448073059060819       -0.458871104478204        0.804642727842368
        0.492872784343525       -0.029245049276425       -0.215313539331785
       -0.034652444651186        1.653222655063267        0.930748601386697
        0.283649168483265        0.614815736240212        0.678667284777110
       -0.456583261675892       -0.224486601717624       -0.734795362849156
       -0.256611884315484        0.756504087997776       -0.291624669916371
       -0.436461316464854       -0.092176922073784        0.324828229158682
        0.534682742630171        0.350761366766546        1.728039657395082
       -0.021616085005505       -0.982954267135684       -0.082244037583223
     -172.877736411122385
     1 C1  
     820.6875671         812.4088159         799.9992332    
     545.2003858         532.2239865         515.8575742    
     501.4647005         486.0782458         471.6711541    
     440.1311796         434.1583742         403.4856221    
     401.1914494         385.5437563         377.2752640    
     375.8604400         370.4769118         353.2251795    
     350.7685540         342.5295707         303.2812724    
     293.4670024         290.9305613         285.2068033    
     280.6587888         277.9640404         273.0328612    
     270.2168610         253.5589694         250.3555697    
     246.8071934         242.9698168         229.3299871    
     224.4081102         217.7585589         214.7661064    
     211.6412260         210.4000404         201.5551392    
     197.5400076         188.1679810         184.8720173    
     180.1970550         176.9753395         173.7233467    
     167.7607415         163.4582209         162.0137041    
     156.1159582         153.3518281         152.0397963    
     150.1305811         149.6935915         148.0513408    
     145.3718159         141.2371396         138.5286446    
     136.0737171         134.4478507         133.4678079    
     131.1771615         129.2785070         124.0883683    
     122.4417676         119.3531187         117.6089006    
     110.7746321         103.5680462         101.9264686    
     99.83475413         95.96489461         92.63945455    
     90.73353222         89.25830077         88.14235332    
     87.44796576         85.48752484         84.84991863    
     83.24051048         79.36588521         78.35491882    
     74.37254204         72.15070848         71.94530410    
     70.93630801         68.99460966         67.50187687    
     65.28504358         62.38477600         61.96213536    
     56.50591722         53.59225790         52.03093105    
     48.94862890         47.24769745         46.76502838    
     44.23159805         40.64581883         39.62700492    
     38.64435529         36.29583718         36.09147413    
     29.37066620         28.81690440         22.33018954    
     18.70344698         16.75673854         12.86544558    
    0.1987418895E-05    0.1903019418E-13   -0.8389581666E-14
   -0.6832306470E-13   -0.8484407948E-06   -0.1539889228E-05
        0.310682694679419        0.875476539542211        1.686455417335602
        0.930671974868314       -0.928224018115818       -0.579252205891325
        1.134142268362882        0.313552287527134        1.147158139022384
       -0.100958862092670        1.637048253503247       -0.984995161711083
        1.441844322968406        0.047786627332098       -0.735926658916049
       -0.692145999187622       -1.734679183271618       -0.457168694872079
       -1.416221777277047       -0.121308424978341        0.812310484279919
        0.435656654197189        1.526410188801496       -0.010455661759221
       -0.876938885972790        0.874339530762876        0.627758736656676
       -0.153812379443527       -1.862416460193356        0.537565336878489
       -1.288590812728231        0.142482659597167       -1.341437161023053
       -0.274765059738523        0.622283388954626       -1.416671559020087
       -0.441296189943841        0.127593535053279        1.357407347029411
       -1.127097952940269       -0.972892960061001       -1.161872748416122
       -0.444093038387600       -0.398300322914323       -1.838323327612633
        0.415385836514691       -1.900689151887117       -0.424774155142056
       -1.318365902785393        0.302864986376906       -0.246777181813300
        0.670665781217650        0.843684794796447       -0.861918423203224
       -0.669014399487067        1.741266921176761       -0.027841704119260
        1.363520964698559       -0.371576288831319        0.296706371496681
       -0.603574880052449       -0.927494708299546        0.929566855918311
        0.971269597034116        1.406470511240189        0.961491843232064
        1.280008733040486       -0.786236214231125        1.329470421128002
        0.499082792190132       -0.175241803212895       -1.288644950060757
       -1.153907871598441       -0.807265331346846       -0.065889848695782
       -0.014961893138747       -1.153948044110113       -1.137005042881553
        0.850876307016906       -1.353517698093935        0.453579985841374
        1.208864423090578        0.727635679987330        0.113651490687021
       -1.115772859344546        1.168317221860252       -0.907515609335609
        0.384782493820020       -0.428517351929651        0.812342635053309
        0.470745693820393       -0.009778158382079       -0.207901041622154
       -0.129276767405974        1.622973231336532        0.953304942482787
        0.235748917783992        0.652132107909501        0.625807427088145
       -0.457039135745486       -0.227150566619437       -0.747003883169372
       -0.288890117216667        0.768180254653256       -0.328536005894815
       -0.477799692199661       -0.065445281479018        0.304518747117170
        0.478160305415874       -0.213641523072226        1.878064355269616
       -0.037585283133039       -0.962175229681510       -0.057249510857426
     -173.134317008810996
     2 C s 
     830.8886547         821.5381592         799.6795746    
     541.9436306         538.5980862         518.3836703    
     512.7741710         500.2636312         471.3677235    
     443.9317286         427.9101089         408.6361351    
     392.2381545         384.0782974         377.9851727    
     373.9455515         367.7610426         353.6549599    
     350.6657563         337.1386999         332.4759787    
     289.0851398         284.0322863         282.9399868    
     281.4882618         279.7560835         276.1407342    
     275.6095490         267.6678657         249.2302892    
     242.3474221         237.7508664         221.6978804    
     219.1096519         214.8265736         211.6179338    
     210.1762346         208.6154985         201.8482442    
     196.8923687         186.9454287         185.0804100    
     178.6819000         170.9691847         168.4855665    
     167.6918643         162.7608110         159.2599896    
     157.0354182         154.0617074         152.2232996    
     151.7862629         150.4117979         146.0845721    
     146.0412632         139.7911972         139.2284581    
     136.5546815         135.5615397         135.2685435    
     132.8371298         128.0171377         123.6067951    
     121.6850857         121.1654449         115.2248435    
     113.2878003         104.1710237         102.4149940    
     98.63116490         96.31909071         94.86629753    
     92.91510290         88.49950307         88.24867670    
     87.35834993         85.59960924         85.19336136    
     80.92673842         80.32791861         79.51011844    
     76.19078680         75.94955920         70.83547936    
     69.70948988         68.43961323         66.70148226    
     64.81945980         61.58742406         60.40656820    
     59.85984445         56.63995111         50.19527270    
     49.79701779         49.01462245         45.66366623    
     44.60045175         42.11673427         42.09198104    
     39.64056070         38.21158406         36.86483778    
     31.91466571         27.30112024         23.32220124    
     19.97373318         18.44783778         13.59998187    
    0.1978341915E-05    0.6940542051E-06    0.1685050705E-14
   -0.3728712762E-13   -0.6904224302E-13   -0.1739530848E-06
        0.347511450768558        1.022609891695349        1.616290103070071
        0.966810903064921       -0.834230258369944       -0.588927737358445
        1.392777436926379       -0.584062915366451        1.283553635285980
       -0.215130173073824        1.652731133139887       -1.072691761476805
        1.419249829274882        0.159932587810336       -0.816674852129745
       -0.603329570406351       -1.714385926576505       -0.347391427426790
       -1.363441338088718       -0.077532323244671        0.856814086348542
        0.365817951410675        1.619068960558645       -0.115839221388343
       -0.882072166195582        0.930617623473155        0.610531342700718
       -0.011499557528688       -1.759226565010929        0.630187362019650
       -1.333362174263622        0.079644275121689       -1.306884805756891
       -0.350447506559551        0.607729239382117       -1.449113013499500
       -0.377612630333608        0.228853877347498        1.349771594687304
       -1.104059621682297       -1.017809568881153       -1.081166859531836
       -0.481667035698050       -0.442302829248069       -1.812417068811426
        0.510849668536507       -1.823013916305097       -0.357971836423899
       -1.328945346709325        0.299821427949861       -0.222344656563939
        0.603085842638363        0.908042414153987       -0.947313367227321
       -0.750156498412464        1.772233040878286       -0.095881463466624
        1.409088889101259       -0.213205213006910        0.233812256799308
       -0.513677333298378       -0.834314801044716        0.972358018848511
        1.174945557959232        0.493474659352197        1.069864964340503
        0.433887712467724       -1.134566218922730        1.458197966885574
        0.469312535193547       -0.142149616615799       -1.317967757318796
       -1.101067256830919       -0.789791153601057        0.001618964246148
        0.014057051711021       -1.138129377092879       -1.090023546703478
        0.955729458743538       -1.209321188540940        0.464973409269433
        1.184347096425302        0.867865861429061        0.015667258087988
       -1.198752022862854        1.136633093839884       -0.934290690318483
        0.456660093429673       -0.284633729328639        0.781882739897745
        0.474848469533434        0.079116690845570       -0.248931973823538
       -0.161462628954223        1.730653653831570        0.870434657118445
        0.240687749410448        0.770254090890933        0.566959490945483
       -0.460247021761688       -0.215569062900817       -0.732449094525726
       -0.329701723344470        0.809290638356696       -0.370460505602868
       -0.448682101695046        0.001440837876150        0.307549500557142
        0.570436102260954       -0.064870708724655        1.839329214948633
        0.025209909743372       -0.890898625450927       -0.021054926202756
     -171.326923699337982
     1 C1  
     754.0460077         705.2833610         631.9440847    
     536.0241819         523.7116872         501.0076068    
     485.0463869         463.4227151         458.6951129    
     441.4053945         429.8093794         417.2928605    
     403.2034362         395.2493391         387.9155750    
     385.7441777         375.3462861         368.4990399    
     358.8262572         354.9196722         345.0998615    
     336.5532152         324.6682722         316.7538830    
     313.8676515         294.3141359         286.2534366    
     285.2569730         280.3042962         274.8696664    
     263.6269233         260.2882192         254.8248720    
     240.3493183         238.1501183         233.7521086    
     232.2266940         224.5696001         222.3462550    
     217.4346959         211.4739646         192.9009893    
     185.4752928         181.8987993         179.7215530    
     169.4475487         167.6328424         161.8556859    
     160.5549483         158.3801370         154.8268025    
     151.1034817         146.8889821         142.5791527    
     139.0836389         137.9482674         136.5177719    
     133.1962329         131.1306775         127.5930685    
     125.0598741         124.0504009         123.2287002    
     118.6601514         117.1732304         113.7828303    
     105.0076388         103.4334096         102.2631923    
     97.09893998         96.32134625         94.73749920    
     92.24935901         90.05911687         88.26303294    
     85.42627407         81.63967041         78.72396820    
     75.52192266         73.14951792         71.90387196    
     70.14090958         68.42986094         66.61713484    
     63.50879169         60.32251274         58.40549064    
     56.41036447         54.58936578         51.06877684    
     51.01431677         49.05896849         47.33649368    
     46.50511096         44.32088424         40.56762506    
     39.15718774         37.64703496         34.65314451    
     31.40727322         27.74411813         22.79186906    
     19.33027993         16.01949258         13.54037938    
     7.782978648         6.930742498        0.4600873646E-06
    0.2930875616E-06    0.7036164590E-13    0.7986834467E-14
   -0.4334085707E-13   -0.9171788212E-06    -1.238915656    
        0.251693680748903        0.926192746405926        1.579836341775599
        0.959119961531353       -0.836498300599494       -0.578699044073736
        1.396477647604086       -0.604156420381123        1.282680221011909
       -0.173864060748881        1.703430998014312       -0.980957844073417
        1.441290576331781        0.126788680355145       -0.828754600292486
       -0.626020273861021       -1.669073581071684       -0.326587941163132
       -1.359296558312864       -0.024808946849512        0.858483785123083
        0.626329661925448        1.669479692737112       -0.192239716516485
       -0.710721094317898        0.928304730525037        0.911879359891328
       -0.014739198135352       -1.767263200065885        0.626795624980074
       -1.312203913097898        0.109800941519330       -1.317588395947739
       -0.315349974920292        0.641036709162056       -1.434374632894190
       -0.374197786985243        0.034465763060487        1.451517879218358
       -1.100952068220829       -0.974191245522406       -1.085165121135950
       -0.464497716039053       -0.408370542497230       -1.806598292660001
        0.485954650453655       -1.809279945955364       -0.357151574686033
       -1.311070800068411        0.323612507797730       -0.235794260576408
        0.632189518780268        0.898339604158377       -0.947758470153440
       -1.302406236244360        1.355572513979244        0.087703696348888
        1.423278674340194       -0.238136906616542        0.237546967507007
       -0.572367725419172       -0.875407713631440        0.916223635930929
        1.203492582567386        0.500260938236157        1.078587839158943
        0.374103639167921       -1.089821676893770        1.448383977829314
        0.482496965589642       -0.139902820846504       -1.312473544368222
       -1.107982233605967       -0.726973821974640       -0.017022234650358
        0.001358546826438       -1.112861151906783       -1.074504845292001
        0.932986757369199       -1.204764393596383        0.477060767469704
        1.289207237112562        0.825634933143669        0.004264985679744
       -1.170735808658333        1.161093474878382       -0.985305946287120
        0.472335820344569       -0.242769965626208        0.792600486178276
        0.492853384407621        0.096325598726330       -0.242165943897739
       -0.319549956864494        1.761510351241622        0.303218839829241
        0.320365186949080        0.849100591904363        0.513503815526340
       -0.445006874871332       -0.172933205260865       -0.716482103276282
       -0.330588044407778        0.860483720007886       -0.343455740087004
       -0.431252446118763        0.057680181410179        0.344744912332524
        0.637044038171094       -0.073982873873072        1.872778130461596
        0.020224241576755       -0.857917964394428       -0.004731013721107
     -171.327361404992530
     1 C1  
     758.9867010         719.7768419         631.6807538    
     537.9932088         526.4494158         504.9627451    
     486.2229177         466.2997740         457.3632468    
     441.2597308         426.5260766         416.5067337    
     404.1774984         394.7179099         388.6404551    
     386.0115642         374.6142429         366.9074840    
     359.4126341         353.8859825         342.1724628    
     334.5228301         324.4463170         316.7102628    
     313.2521797         292.3364096         287.7534774    
     284.6864572         283.4073563         274.2387606    
     262.8797374         259.9226973         253.8166261    
     240.4648378         237.7627843         233.0362759    
     231.8856154         224.8806923         221.9423454    
     217.8846285         210.4100183         191.9276777    
     184.3473950         181.6656818         178.1226456    
     169.5855480         167.5656525         160.8877033    
     160.1742791         158.2323018         151.9368531    
     151.3397046         146.3582567         142.6270206    
     139.4085709         138.2069266         136.4787285    
     133.4466347         131.1201021         127.7649315    
     125.2004780         123.4217418         123.1670237    
     118.4367807         116.8897990         113.9967190    
     104.5316813         103.1480488         102.2418450    
     96.56943791         95.73491388         94.13577232    
     92.60271614         89.69413185         88.10412008    
     85.88912221         81.52095186         78.46235535    
     75.31506704         73.41062342         71.68151356    
     69.81052883         68.07569022         66.74771916    
     63.02754860         61.25868905         57.91599479    
     56.34400392         54.40578864         51.55407170    
     50.58116432         48.82230924         46.97623654    
     45.81755922         44.11957822         40.01342391    
     39.02191938         37.60680349         34.30340648    
     31.29909387         27.33005402         22.47905815    
     19.20646247         15.92496132         13.03432377    
     7.758682192         6.936181898         1.748165724    
    0.1657270280E-05    0.1721215863E-06    0.5527152235E-13
    0.6278259609E-14   -0.3969349040E-13   -0.1017623262E-05
        0.253842792445315        0.926896788866001        1.575100318664758
        0.959140265961450       -0.837397098485433       -0.579461256984856
        1.396284317817173       -0.604048641235797        1.282982832327481
       -0.175705592963163        1.709392277123348       -0.960105572056773
        1.440000934719073        0.127103218607068       -0.829488939384090
       -0.625601223662019       -1.670631777149259       -0.327992247388479
       -1.359658495584874       -0.022659815285321        0.858799760393099
        0.640853502934792        1.677787189850623       -0.185860288863480
       -0.706814587736392        0.932031865687987        0.905283503047533
       -0.015327288057059       -1.767854960561342        0.626934314267643
       -1.311679567177341        0.110290175080060       -1.317700357196424
       -0.315222942199847        0.642616231510713       -1.433058114916337
       -0.375681781123784        0.037867948172619        1.450879812572919
       -1.101407798129967       -0.974813019815586       -1.085040895389618
       -0.464388316967428       -0.407847144236395       -1.806379215553573
        0.486175331147495       -1.810154941566406       -0.357145112706190
       -1.313069660164436        0.320369131418715       -0.235682433997742
        0.628832203973972        0.901696440030216       -0.939294344679026
       -1.308597114913411        1.353063614094318        0.087200248222450
        1.423474521430510       -0.239842681505739        0.237294325564507
       -0.571273673610279       -0.875103101827155        0.918497970635163
        1.202974421385510        0.499886498586701        1.077266286866930
        0.375583315820079       -1.091226242992712        1.448794497010291
        0.481624157952252       -0.137657232969991       -1.311632694141150
       -1.107751574140993       -0.729579061958414       -0.015419734246944
        0.001870928469527       -1.113299217847700       -1.075157058681850
        0.932976305462586       -1.205515392522228        0.477117773461837
        1.292039172216980        0.823704261948588        0.004356079157805
       -1.171649047527614        1.161823912825426       -0.985028893522299
        0.471993738920008       -0.243369246800479        0.793195871287972
        0.492777935420600        0.093786734368339       -0.241340070257180
       -0.321531126689856        1.761530567089561        0.280985003875423
        0.321591451485271        0.851173811753302        0.508138146912667
       -0.445624426171551       -0.175458365177247       -0.716353476620173
       -0.335275914634091        0.853576022755560       -0.344131805142726
       -0.431530858550133        0.055287874682507        0.345489834999967
        0.635695168208389       -0.073746892598036        1.872384586176707
        0.020060525133280       -0.859679730216401       -0.004428653216236
     -172.200559790528246
     1 C1  
     834.1580631         815.4920148         762.1079312    
     540.6049039         530.1326052         509.3180382    
     491.9887836         480.1274143         460.1060044    
     432.4970676         413.8196295         397.7433504    
     389.3276680         377.6573610         373.2714062    
     368.8846409         367.0565541         354.5397301    
     343.1894187         326.0166003         302.2210324    
     295.9255989         291.0777609         290.8093920    
     281.2901604         277.3857201         273.2522285    
     271.5268175         256.7155236         252.2243910    
     244.1067006         242.2872977         238.7986944    
     228.0679548         226.5156520         219.5046890    
     212.5363235         210.7675102         206.4312176    
     201.6597002         198.9173485         191.3792206    
     184.6744965         180.2790130         172.7436044    
     172.1391320         167.2093305         163.1547827    
     162.4088292         160.3299089         155.0379293    
     152.2765409         151.1437283         149.2089068    
     147.2045995         143.2334419         140.0202559    
     136.6546636         134.7666551         132.3143042    
     129.7262599         127.9184316         123.2490440    
     119.7357653         117.6867709         114.9790430    
     109.0811697         103.2592984         102.0008946    
     100.3116961         98.57784146         92.37931839    
     90.90554218         90.29485524         89.02356772    
     86.56947813         85.03230183         83.90794231    
     81.82305851         79.07925703         76.77355865    
     74.19767304         72.82975459         71.01907466    
     69.26242825         68.27773784         65.61422373    
     64.60345526         60.82663754         60.23007841    
     56.63871992         55.19368935         51.65062708    
     48.91553874         48.13108018         44.82049761    
     44.25782641         43.61253557         41.56820965    
     37.70714092         34.17846366         32.44453229    
     28.25076559         27.57162172         22.42198905    
     17.90764954         15.78003302         11.95239104    
    0.6463890409E-06    0.1326239948E-12    0.6379768585E-13
    0.5088221361E-13   -0.2106507054E-06   -0.1447475665E-05
       -0.582853175481217        0.979185401037601        1.777634802925627
        0.918395375337508       -0.961945126147589       -0.712226714783062
        1.269953157743258        0.186648874921653        1.063468988902563
       -0.084038949617738        1.638302677917665       -0.904111421899345
        1.439262209306861        0.011986595946746       -0.847183704526192
       -0.710863472292998       -1.743496135866332       -0.517335843539215
       -1.296581293643494       -0.182382776869970        0.897230497548470
        0.517183313272374        1.466317878841321        0.021994341406073
       -0.758976944415656        0.803312437719912        0.705434755004539
       -0.108522434627687       -1.941868898842401        0.423731332211142
       -1.324977523203657        0.188262621001318       -1.250968409113059
       -0.309620988067379        0.652774026752573       -1.373779336264536
       -0.281784827315371       -0.000143288816616        1.373322514196170
       -1.177600201215436       -0.935301042759897       -1.141547952773822
       -0.530575424054771       -0.338970479968231       -1.835714319791905
        0.391554353837118       -1.933688853162940       -0.577966661145275
       -1.271571339677332        0.283024409601914       -0.150134120633708
        0.678126640150868        0.826309321279507       -0.877734620429894
       -0.580160626524781        1.703367966291779        0.094028776782478
        1.426480866221714       -0.464165133010401        0.165561741694687
       -0.502610860316139       -1.020872827577361        0.902729409955838
        1.115047412213791        1.290081945233936        0.946318739796391
        0.660915044404945       -0.360230238320073        1.819699953843156
        0.454432206610387       -0.163076487909751       -1.343097929461756
       -1.119921687732056       -0.832830790104307       -0.037548587277671
       -0.070209311784102       -1.139157533241768       -1.210767530336469
        0.902267681256231       -1.448595918246340        0.294370566170473
        1.278866734435815        0.650385736038277        0.050753965604047
       -1.100265368043094        1.182637109530082       -0.773745882973377
        0.494648940359555       -0.537023376222958        0.750679299939519
        0.508416585381658       -0.058144382888962       -0.253830450561301
        0.023900908912678        1.527432306716246        1.022503998648976
        0.341907912688839        0.564141835535373        0.630344269064729
       -0.460619750175617       -0.228803602485974       -0.737997786550396
       -0.241099578140408        0.737952463510696       -0.281589863406738
       -0.398769522245638       -0.127672797545366        0.319954447056050
        0.499592388618098        0.735400763654105        1.689936370449876
       -0.009328451278863       -1.009154681844128       -0.122417635235244
     -170.226578645417703
     1 C1  
     805.1226864         770.4056982         747.1476198    
     527.9074246         520.2730438         498.3335636    
     484.2027119         466.7998464         461.1734161    
     440.6880277         428.8289028         406.2636950    
     399.8611109         392.1781526         385.9355942    
     381.1036391         371.4972415         369.3508182    
     352.9000332         349.7198170         329.9316918    
     318.4429679         313.3199318         300.1388024    
     294.2718464         287.9062770         285.3031508    
     280.5501775         269.0521341         262.4690115    
     258.4709313         247.4246103         246.0075533    
     242.1288209         233.7695124         229.7106575    
     224.5584075         206.6569004         206.0297662    
     202.8906897         188.4527510         187.8727389    
     184.4876938         183.6057597         173.9855798    
     168.2726180         165.7791136         164.6302947    
     159.4946826         157.8092420         154.6704504    
     151.7392203         149.4985780         144.8740845    
     144.3565868         139.3600292         136.5033761    
     135.1393758         132.2507556         128.9880342    
     126.8916743         124.5721838         119.2520474    
     117.4651527         114.4542100         106.5534888    
     105.7851554         104.3998334         102.3887485    
     99.57887078         98.29882466         94.93482820    
     92.13237917         88.16549614         87.22961905    
     85.29441885         82.28460918         78.69112039    
     74.73590676         72.97293118         68.83278488    
     66.95530043         65.37394989         61.45506326    
     59.13341401         57.38778000         55.02062966    
     52.44059096         50.77630300         49.16303809    
     46.60387228         45.45584293         43.06273995    
     42.45716773         39.10797871         35.96902867    
     33.72191459         31.84591856         28.87977034    
     28.50487036         23.61205519         22.05683151    
     17.70068274         14.86466312         11.63813881    
     9.632918037         8.876924335        0.2221817921E-05
    0.4052200631E-06    0.2898831299E-13   -0.3064811951E-13
   -0.7650774553E-13   -0.1223278804E-05    -8.981877446    
       -0.358126098057933        0.986380053321757        1.720874041243512
        0.916622056413841       -0.948030312838656       -0.652164141140753
        1.336487969108374        0.236530723333718        1.029367661713730
       -0.090201669923232        1.639919728570395       -0.939606748910671
        1.437225673085972        0.027563161773403       -0.798472418966989
       -0.705540668664622       -1.730011376257385       -0.484693599934348
       -1.377942864878317       -0.158723779542254        0.835444843000028
        0.490169045412751        1.491699450631637        0.002273958334750
       -0.801213848851084        0.843098066378111        0.702670159254662
       -0.127746820514443       -1.928390525680505        0.464715235896415
       -1.312215496534805        0.165828702160665       -1.283137632646513
       -0.296337161756400        0.639876570568559       -1.387603348063668
       -0.415757946510379       -0.043450828693485        1.388662040193914
       -1.154000206075575       -0.950063747072880       -1.159623343766339
       -0.491418355169972       -0.360173382605982       -1.834670870067243
        0.404324022044328       -1.915382034966898       -0.506663311365285
       -1.285421200867126        0.316224621722276       -0.185265045111275
        0.671070276340780        0.833101323794340       -0.878467024253837
       -0.644885795299617        1.718597830974328        0.024304998640320
        1.401834141872891       -0.452367000210668        0.204442125971038
       -0.567657520511548       -1.009927582196243        0.879199356907714
        1.032489392266523        1.309415001881965        1.008247367746902
        1.098748220379520       -0.655675277207431        1.642878044696899
        0.471225773581468       -0.169084205487201       -1.310600058039675
       -1.142401859635027       -0.802607755172231       -0.066678045989200
       -0.049874941829732       -1.143620844034283       -1.173746622869881
        0.862828960606261       -1.399259866643709        0.393892497477599
        1.241316323329723        0.701261442936124        0.064487923752434
       -1.104758851461359        1.178880726786851       -0.846254000390907
        0.450941183601324       -0.460905321210466        0.801872754827868
        0.492255480384766       -0.028077604943900       -0.216875947948760
       -0.033530875531316        1.650296773904508        0.935968218012440
        0.285060198028962        0.612999053820425        0.679718794833362
       -0.458554117555368       -0.222673691635526       -0.734119217029035
       -0.258244730245438        0.757142572037823       -0.288510001196576
       -0.435393996719164       -0.093625458620060        0.325844398055212
        0.539499368064907        0.345951189788168        1.727512559623997
       -0.020873057029913       -0.982716399665282       -0.085225601991828
     -172.877736411120651
     1 C1  
     820.6874440         812.4090741         799.9995347    
     545.2005828         532.2241072         515.8577774    
     501.4648153         486.0784417         471.6711451    
     440.1311840         434.1585125         403.4857466    
     401.1914271         385.5438830         377.2754112    
     375.8605824         370.4770679         353.2251765    
     350.7685769         342.5295695         303.2812443    
     293.4670530         290.9306638         285.2068542    
     280.6587495         277.9640818         273.0329381    
     270.2167701         253.5590045         250.3556698    
     246.8073074         242.9698720         229.3300512    
     224.4081510         217.7585772         214.7660849    
     211.6412323         210.4000771         201.5551806    
     197.5400585         188.1680083         184.8720187    
     180.1970698         176.9753628         173.7233891    
     167.7607499         163.4581715         162.0137507    
     156.1159644         153.3518636         152.0398090    
     150.1306040         149.6936070         148.0513565    
     145.3718069         141.2371446         138.5286619    
     136.0737687         134.4478365         133.4678363    
     131.1771813         129.2785128         124.0883967    
     122.4417839         119.3531206         117.6089278    
     110.7746803         103.5680628         101.9264774    
     99.83483590         95.96490757         92.63948061    
     90.73355306         89.25831197         88.14239109    
     87.44798692         85.48752287         84.84993158    
     83.24052892         79.36591597         78.35493924    
     74.37254733         72.15072190         71.94528766    
     70.93630307         68.99461973         67.50190801    
     65.28503997         62.38481522         61.96215325    
     56.50592877         53.59226929         52.03094309    
     48.94865328         47.24771639         46.76502830    
     44.23159714         40.64581743         39.62700583    
     38.64435868         36.29583367         36.09147516    
     29.37066669         28.81691706         22.33019056    
     18.70345630         16.75672840         12.86544501    
    0.7302086821E-06    0.9937675584E-13    0.2811800331E-13
   -0.4982980248E-13   -0.1763712546E-05   -0.3111013219E-05
        0.314441311853628        0.869735953067067        1.688727438562220
        0.930075928727930       -0.925080723490403       -0.585207559166637
        1.137009049779326        0.310687572735700        1.145097692823669
       -0.105549875941086        1.640476314596491       -0.978790862964075
        1.439717634645452        0.052063224522428       -0.739789779249777
       -0.691492599501379       -1.733796242073113       -0.461486258662114
       -1.413798801057389       -0.125831354943565        0.815835525743935
        0.433923501049351        1.526927144978658       -0.006165919944180
       -0.876146652256936        0.871082091356822        0.633368543996825
       -0.150225491126765       -1.864515232110249        0.531266516301492
       -1.292511025199374        0.145871046501202       -1.337295011361800
       -0.279436169940914        0.627080455777758       -1.413639421801573
       -0.437624428715166        0.122199169148335        1.359091386524701
       -1.129270853295330       -0.969962631356634       -1.162212708720912
       -0.448809453928473       -0.392165402000335       -1.838496929358482
        0.416310198633118       -1.898675889178655       -0.432797336231175
       -1.319390646647771        0.302269875969339       -0.241983806741164
        0.667301432896903        0.847542661640761       -0.860743853497066
       -0.671030918099939        1.740602284887435       -0.019678042279057
        1.364762178222466       -0.371110064677260        0.291537896814155
       -0.599927619413002       -0.931520499125773        0.927900908971265
        0.972397467004745        1.404084601499833        0.963836249627459
        1.284612912546427       -0.789586609443753        1.323028236088710
        0.495656905162469       -0.170030252726377       -1.290663802690628
       -1.153187514059932       -0.808320055557005       -0.065568057062574
       -0.016868269706758       -1.149854833309245       -1.141117721475003
        0.853655368864263       -1.354187117772472        0.446302009790617
        1.208366843308290        0.728580474239328        0.112887496600651
       -1.119619075465524        1.170327413314255       -0.900158684301202
        0.387539689897214       -0.431012002183864        0.809707824329658
        0.470170568749055       -0.008498450890491       -0.209254325932726
       -0.128408245669630        1.619377325032966        0.959517441534390
        0.236778255216434        0.650135157812175        0.627494333526130
       -0.458881525298742       -0.224968271805857       -0.746534585750759
       -0.290667974353566        0.769035019440007       -0.324948703979123
       -0.476869353198362       -0.067080860352582        0.305619128982186
        0.483670321751940       -0.219877208697527        1.875932419393593
       -0.036673074533488       -0.962004085127916       -0.060617677943153
     -172.877736411132673
     1 C1  
     820.6870166         812.4087809         799.9997859    
     545.2002945         532.2238160         515.8577495    
     501.4646680         486.0785227         471.6712313    
     440.1312425         434.1584300         403.4856508    
     401.1915206         385.5440264         377.2754025    
     375.8604825         370.4771569         353.2251593    
     350.7684082         342.5296427         303.2813226    
     293.4668833         290.9304107         285.2067385    
     280.6588337         277.9639597         273.0330208    
     270.2168835         253.5587983         250.3555004    
     246.8072201         242.9699196         229.3299586    
     224.4080966         217.7585178         214.7660790    
     211.6410592         210.4001429         201.5551798    
     197.5400565         188.1678781         184.8720543    
     180.1971559         176.9753625         173.7234404    
     167.7607314         163.4581601         162.0137409    
     156.1159988         153.3518589         152.0397487    
     150.1305677         149.6935755         148.0513444    
     145.3717409         141.2371786         138.5286362    
     136.0737455         134.4478133         133.4677698    
     131.1771916         129.2784866         124.0883725    
     122.4417489         119.3531412         117.6089196    
     110.7746442         103.5680609         101.9264783    
     99.83479328         95.96488107         92.63944657    
     90.73352615         89.25829309         88.14235865    
     87.44801000         85.48751014         84.84988339    
     83.24048965         79.36593997         78.35495477    
     74.37259086         72.15068820         71.94522720    
     70.93627538         68.99459016         67.50189854    
     65.28503160         62.38474703         61.96216054    
     56.50588449         53.59225829         52.03099488    
     48.94864881         47.24773409         46.76503234    
     44.23155732         40.64577472         39.62698216    
     38.64434866         36.29583104         36.09147664    
     29.37064085         28.81689737         22.33019694    
     18.70343946         16.75671298         12.86544771    
    0.6683447791E-06    0.7621119480E-13    0.1986283572E-13
   -0.8900702719E-14   -0.4661104338E-06   -0.1456778339E-05
        0.316842162690884        0.868914746510533        1.688701569500740
        0.929878664333504       -0.923732572627668       -0.587645322653662
        1.138919871708841        0.311075821686865        1.143091857179575
       -0.109132711939095        1.641029447362203       -0.977470224176663
        1.438219559828127        0.054036852286406       -0.742556843272379
       -0.690618374274134       -1.734190728812657       -0.461314658253700
       -1.412077573635394       -0.127829358417380        0.818501412514857
        0.432350280991153        1.527374215897603       -0.005974994617352
       -0.875800429858157        0.869756841771386        0.635664257074532
       -0.147285213675481       -1.865026918646637        0.530293310582931
       -1.295262229476375        0.145452827451250       -1.334676063981065
       -0.282830344391119        0.627750470054792       -1.412666711476860
       -0.435100727193061        0.120832585266733        1.360023491613251
       -1.130540847387892       -0.970331382302547       -1.160668830749825
       -0.451989258159801       -0.391380623651165       -1.837885014089697
        0.417406075364424       -1.897955984302397       -0.434894894722057
       -1.320167677859868        0.301083422980428       -0.239208877810744
        0.664756711589664        0.848807112486465       -0.861466474734010
       -0.672846172984862        1.739928012016842       -0.017190431785183
        1.365706168861994       -0.369910745260820        0.288627538877048
       -0.597166339255072       -0.932760977116992        0.928435655491567
        0.972838425452038        1.404426353190870        0.962893119167238
        1.287993511901170       -0.789167096125085        1.319988038446741
        0.493314981190086       -0.168649897631634       -1.291741791629605
       -1.152486397276535       -0.809455219813551       -0.063870257462772
       -0.017916365644440       -1.149099607302006       -1.141862476843946
        0.855906368405783       -1.353614570938117        0.443719717860179
        1.207839440536296        0.729739860693505        0.111028299483962
       -1.122565854233763        1.169789916644584       -0.897182574343916
        0.389556674784152       -0.431162768536946        0.808658714472405
        0.469770404564152       -0.007875851651033       -0.210175329589323
       -0.128192952639201        1.618595689486501        0.960864092914440
        0.237335994148309        0.649952384298766        0.627472994345974
       -0.460104881075734       -0.224932632910701       -0.745791962963419
       -0.292086157429189        0.768957054614406       -0.323860206037397
       -0.476204282622575       -0.067775399822111        0.306501618650543
        0.487547754296969       -0.220651244016570        1.874837025536793
       -0.035808258735768       -0.962000035114085       -0.061198772019190
     -171.021231572085298
     1 C1  
     807.6299427         801.6809820         779.4780839    
     547.3598141         536.8485760         522.9139275    
     494.1481818         486.2192236         451.5835801    
     448.1135492         441.4855953         423.6887292    
     409.8039506         391.8621987         387.7468055    
     383.1385674         374.0379849         362.2518382    
     360.8270475         345.7937592         330.0631438    
     322.1049010         309.1532981         294.1843279    
     289.7853028         284.7414670         279.6974262    
     273.8429311         270.9519803         267.1192448    
     259.1631291         250.2834713         243.8484153    
     236.4019513         224.0837567         223.1133286    
     217.7824844         210.0672346         201.9340821    
     199.2837405         190.7269442         184.3281665    
     175.2994179         171.1358785         168.8350516    
     164.6115792         163.4902254         161.2098689    
     158.1403437         154.7574657         150.4435429    
     146.8711722         146.4783348         142.9634478    
     138.2556858         138.0929683         135.9508586    
     133.4113033         131.9229091         128.6679435    
     126.9902279         121.4600352         119.4464305    
     118.0745858         113.4827768         109.9304739    
     102.9717937         100.2679331         97.96601875    
     95.94648071         94.84577246         93.72803507    
     90.53227440         88.04177974         85.64376066    
     84.64022458         82.51560590         80.40185486    
     75.81923039         72.86214405         71.45193015    
     70.27734240         68.92544027         66.08557170    
     64.10178428         60.84359023         57.98514621    
     55.36764954         51.73278549         49.13883761    
     47.77323971         45.81499468         44.21593558    
     42.33558901         38.72585251         37.94590080    
     35.86504674         31.58454079         29.87438127    
     24.53730794         24.05017303         20.77277675    
     19.21645574         17.99607023         11.93647225    
     11.11879686         9.042033805        0.2317741971E-05
    0.1854233785E-13   -0.2430410796E-13   -0.6600211724E-13
   -0.8743756895E-07   -0.8937648498E-06    -4.480084029    
       -0.092180269963951        0.980894266542684        1.678828119444636
        0.919774457394668       -0.938678591283614       -0.596053060946469
        1.531293075350774        0.326015654570008        1.089745188280340
       -0.090908885104628        1.636427384928818       -0.945017894851393
        1.436895307927939        0.038255509764869       -0.731814719110644
       -0.712485689215196       -1.731136872469822       -0.469915393234471
       -1.423032643871438       -0.132548579534731        0.817138691495760
        0.459403862114171        1.493179175651179        0.017195901697902
       -0.818695674456324        0.860849128425157        0.711972421117915
       -0.143947051730478       -1.899101979912670        0.504719250409161
       -1.301173801505341        0.149547632006925       -1.310942820878080
       -0.276087347818012        0.629760649598439       -1.393904277239986
       -0.452720313772285       -0.003363515265751        1.384446826240041
       -1.135879567665049       -0.966575841818278       -1.178640196712725
       -0.457777056248973       -0.374374221129397       -1.836131437374178
        0.401674051153830       -1.910465773841777       -0.462796457474063
       -1.308851431955258        0.335322104491356       -0.211006475536535
        0.672128858194141        0.833883649216461       -0.849422183556098
       -0.701995455341774        1.713503036333552       -0.013734207962792
        1.354630718082508       -0.403138817797988        0.284281498107426
       -0.640511302285512       -0.987986940371569        0.879757527699133
        0.927656056591461        1.280650117205216        1.121447602194451
        1.281037851931611       -0.744432317857798        1.337459195704044
        0.490608943205508       -0.174441366711058       -1.285671244794208
       -1.175096253113854       -0.791823788090892       -0.090165202014557
       -0.031082875380814       -1.149456079264295       -1.153618952540810
        0.857520711337998       -1.386802627958720        0.430339217314353
        1.202188359779722        0.707724711318162        0.130600607879345
       -1.107601190298102        1.171411915055971       -0.901078931273340
        0.375525352751864       -0.486934699970085        0.806822915150703
        0.464946261127303       -0.023738794212535       -0.199882990972648
       -0.104275865789334        1.712397066105891        0.902017783438373
        0.246893861570870        0.603256368244190        0.678525987526171
       -0.463754296951804       -0.225484748468018       -0.739291514325305
       -0.281608549335323        0.760732072293257       -0.295935024005488
       -0.480132576495813       -0.084436147421961        0.317643771371614
        0.622678408230377        0.160006304145956        1.643980208922750
       -0.045058037545466       -0.978895042817127       -0.071899728690319
     -171.026506373490236
     1 C1  
     813.6140925         806.0869844         778.0455996    
     550.3455496         537.3042087         522.0314717    
     501.4541694         486.7809293         454.1722979    
     449.6770379         444.3135103         422.6019903    
     409.2165491         393.8575292         386.2772671    
     382.2704223         375.7792634         361.8345259    
     356.9629161         343.9273177         330.3712992    
     316.8964714         308.9533475         292.0860377    
     290.8542429         284.7194098         283.0053156    
     272.8352617         270.5768113         263.2878286    
     257.4110067         249.1969831         243.6949352    
     233.6694003         224.2432638         221.8296553    
     217.0783568         209.1608845         204.6497283    
     197.8174157         190.2798180         182.5360552    
     175.2230827         169.3218286         166.0394311    
     164.0185586         162.6899211         160.7006644    
     158.6211676         153.9151809         151.5392283    
     146.9690742         144.4140474         141.1856237    
     137.8754847         137.2533298         136.1721811    
     132.9315932         128.5155662         126.7361663    
     125.7215263         120.6827615         119.2205801    
     118.6269007         113.4835645         111.1064737    
     102.3809675         99.96337596         96.53720253    
     95.89247366         93.01088466         91.61428893    
     89.90981446         87.56847633         85.85988959    
     84.35774792         81.21085470         79.95411532    
     76.19984967         72.83513075         70.68868785    
     70.28893754         68.95603853         65.84783934    
     64.94327507         61.87424953         58.35593335    
     55.58250153         51.56505984         49.10663495    
     47.84929861         45.49718339         44.56680092    
     42.92801300         38.68543197         37.77270965    
     35.70037214         32.40461149         30.25313552    
     26.81225234         24.40273315         23.05537815    
     19.97337936         18.97178614         12.10533566    
     11.26460421         10.30545168         5.040375557    
    0.1013828516E-05    0.5556124452E-07    0.4655736958E-13
   -0.3105950207E-14   -0.9676111198E-14   -0.4179681589E-06
       -0.098717925409173        0.980595291334611        1.686522507827476
        0.919272655995947       -0.937344083430999       -0.593330153286866
        1.575489419997558        0.321822160576870        1.088804590156903
       -0.092625510486929        1.635993180612706       -0.947782513525835
        1.436100794898142        0.040957615006395       -0.725773707086315
       -0.712429742292617       -1.731981630994300       -0.472117104481638
       -1.424644178118716       -0.134335407846845        0.818655747637589
        0.459391927992968        1.494556670098392        0.012594093737900
       -0.830181850685615        0.860636710881772        0.709379832568620
       -0.147023367211022       -1.899332486667633        0.504062692279684
       -1.300869771550421        0.149575439011615       -1.314130506677935
       -0.276169712952166        0.629418009018883       -1.395278810314568
       -0.447839678541636       -0.001962213322724        1.383027660026083
       -1.135724572308180       -0.967122134809161       -1.180441767477271
       -0.456175500791135       -0.375102234528665       -1.837079279581737
        0.402029816446347       -1.909681791486042       -0.461459031955809
       -1.313210403523626        0.332923932509117       -0.213906442542463
        0.671667068096151        0.833584117435701       -0.847242842577586
       -0.700079201954780        1.714301014189316       -0.013457346697093
        1.352354992969883       -0.402236241466700        0.287616704966256
       -0.641364879278932       -0.987294197047569        0.880039411435173
        0.929478935900732        1.252922424237286        1.142685683224063
        1.278289570128168       -0.737992326377887        1.339917686167014
        0.491267183642580       -0.174068906747741       -1.284408931486605
       -1.177039671242355       -0.794057796456368       -0.091236667352870
       -0.030138547547597       -1.149416979319715       -1.153561377983559
        0.854198384922634       -1.385372293674080        0.433359198807623
        1.196331484214356        0.704443821618987        0.143452144415082
       -1.109667745962470        1.171538285685473       -0.901786558332691
        0.373037149352422       -0.483250790867208        0.805198545081886
        0.461923788591517       -0.023081608799420       -0.199086092815949
       -0.099676739994888        1.703004759623397        0.901997999334798
        0.233074428860886        0.611023985617851        0.672641433849309
       -0.465070193456583       -0.226079185708325       -0.740608290005483
       -0.285479618469299        0.760740544677059       -0.298825582179948
       -0.484832670516612       -0.084527759040287        0.315843490605795
        0.642189324200957        0.184958258982163        1.617615129186391
       -0.047135443016477       -0.978756152825920       -0.071901544445416
