         0.6710233521        0.9118067862        1.1682423611
        -0.3031519808       -0.0695800470       -1.1409947728
         0.0536772550       -1.0110642676       -0.6111295912
        -0.9674584515       -0.5729612205       -0.3665394421
         0.7733047744       -0.1490433964       -0.7855956041
        -0.3014022121       -0.9634073802        0.4673088782
        -0.8786762410        0.5597144230       -0.3899006145
         0.7758705123       -0.6986807585        0.2113912260
         0.1988365171        0.8238077229       -0.6454618344
        -0.8754236006        0.0097823557        0.6069216834
         0.8663387332        0.4315659409        0.1834004927
        -0.1602916115        0.8720263805        0.4293067592
         0.1984576899       -0.0745238804        0.9620230970
        -0.0511047365       -0.0694426586       -0.0889726384
        -0.6885557686       -0.5135014918       -1.3815431008
         0.9272935182       -0.0882977961        0.7286575386
        -0.1034105035        0.0948775408        1.1742725825
         0.4248460432        0.9246799534        0.6025648520
         0.1252160690       -0.8899811360        0.6554610401
         0.9798231314        0.4524631872       -0.2694408221
        -0.6876373886        0.7488020356        0.4514698154
         0.7924683856       -0.6700980533       -0.2403717163
        -0.8742987958       -0.3738824243        0.4802391624
        -0.0200470836        0.9680037032       -0.4442781212
        -0.8231796160        0.1701386645       -0.5136690152
         0.2130705304       -0.0140223230       -0.9616818737
        -0.3180285167       -0.8482898262       -0.3868978368
         0.0524399949        0.0391079660        0.1052174950
        -0.5348696234       -1.5048558286        0.3094795464
         0.1563028724        0.8392351584       -0.8184530160
        -0.1105526322        1.1522406840        0.2423450010
         0.9242615888        0.7376527051        0.0148519501
         0.8100209960       -0.0882833008       -0.7572626400
        -0.8640889544        0.5824321258       -0.3892271302
         0.3783053839        0.4180932597        0.9588835819
        -0.2964933347       -0.1881837605       -1.0057309181
         0.9453844092       -0.3524542936        0.3418192423
        -0.7280294379        0.3179822452        0.7097017214
        -0.8444833706       -0.5031733382       -0.0639697659
        -0.0723923379       -0.6053023972        0.7738191389
         0.1958990906       -0.9199921778       -0.2926869349
         0.0407353501        0.1146089186       -0.0235697769
        -0.3901440934        1.5724905803       -0.1466803666
        -0.3884437295       -1.1165995959       -0.0304694854
         0.4352976305       -0.8435904129        0.7053245823
         0.6606912071       -0.8915974186       -0.4088431854
        -0.2438316210       -0.4908594387       -0.9679761428
        -0.6084706275       -0.4131942849        0.8345110181
         1.0888072039       -0.0491884791        0.2223826149
         0.6677781509        0.1729615052       -0.8117713740
         0.3032907631        0.2505943662        0.9899663030
        -1.0287939438       -0.1908929446       -0.1998974968
        -0.6024269051        0.6472294990        0.4342850473
        -0.3758205061        0.5989641720       -0.6858779559
         0.4523533305        0.8734423928        0.0538753522
         0.0297131405       -0.1197599407        0.0111710889
        -0.1130830218        1.3459581860        0.9066768774
        -0.0816770005       -0.4650797083       -1.0842699436
        -0.4090445034       -1.0926362072       -0.1934949380
         0.6958030121       -0.8832441007       -0.3665373173
        -0.9922186439       -0.1593897369       -0.4769399707
         0.7951903254        0.1793622845       -0.7568858425
         0.2655791322       -0.8358910415        0.6841992052
        -0.2482051210        0.6300655947       -0.8223306323
         1.0090696561       -0.0461544170        0.3383257358
        -0.7775960991       -0.3847655835        0.6181552046
         0.1000348176        0.2543114263        0.9464388181
        -0.6816287441        0.6747259233        0.2248441379
         0.4291638552        0.8852447496        0.0508706333
         0.0086123352       -0.1025073692       -0.0690519679
        -1.4130763123        0.4697440836        0.6549885496
         0.8587122383        0.2543581707       -0.7723514685
         1.1338166348       -0.2715462741        0.1983281067
         0.5701530977       -0.8347154247       -0.6138299301
         0.7451069969        0.7960733245        0.2201306120
         0.2782795040       -0.9658167872        0.4765848429
        -0.1667810667       -0.1150149269       -1.0937688528
         0.3824360451        0.0432546096        0.9933216070
        -0.0624394671        0.8937027018       -0.5763791271
        -0.5290728510       -0.8674548066       -0.3200315314
        -0.9160117107        0.1985751779       -0.3031800574
        -0.6394270026       -0.3301591107        0.6727226566
        -0.3493151520        0.7647746901        0.5133481281
         0.1076190456       -0.0357754280       -0.0498835356
        -0.4816906610       -0.2064583705        1.5400659781
         0.9130423013        0.0126192400       -0.7515358201
         0.0525176051        0.7367496480       -0.9236089191
        -0.0919906856       -0.3749466859       -1.1178391095
        -0.9086920999        0.2232149368       -0.6015217540
         0.4834543623       -0.9482744929       -0.3231439720
         0.7172381303        0.8502144120       -0.0089207156
        -0.6434036060       -0.8183423549       -0.2261939309
         0.9818505539       -0.1916035896        0.3661607008
        -0.4097170467        0.9793987288        0.0878986699
         0.1688109096        0.4096781453        0.8798263446
         0.0235250327       -0.7080001252        0.6845510194
        -0.8416300683        0.0200267623        0.5115520107
         0.0366852722        0.0157237458       -0.1172905024
         1.2158353384       -0.9992921291        0.4118420076
        -0.6755706872        0.9138567097        0.3272334627
        -0.3902645106        0.8091215589       -0.7691732528
        -1.1391407656        0.0892861505       -0.3049555336
         0.4081476275        1.0347637352        0.0073612315
        -0.8033753352       -0.1297772969        0.7583670516
        -0.3418104475       -0.2992165586       -1.0153864929
         0.1560553729        0.4516469763        0.9520912951
         0.6174283398        0.2822781685       -0.8209247135
        -0.5935908651       -0.8817786415       -0.0702311657
         0.4865533668       -0.7604334604       -0.3942517927
         0.9526178733        0.0685740373        0.2413389558
         0.1997119835       -0.6551347399        0.7080545875
        -0.0925972911        0.0761054900       -0.0313656406
         0.5572394431       -0.1613327961       -1.3159213961
        -0.7018066216        0.5540779567        0.7952068512
        -0.1209850951       -0.3158620695        1.1478164540
        -0.5533997275       -0.9387216090        0.3246164620
         0.2386484919        1.0298488570        0.4186688357
        -1.1346278536       -0.0681725855       -0.0282399843
         0.8198766191        0.1592998332        0.7715252796
         0.5511589289       -0.8765383599        0.4599694281
        -0.6356217116        0.9009921510       -0.2605104984
        -0.4652061847        0.0216946423       -0.9189087438
         0.9752322357       -0.1693581466       -0.2855181885
         0.1192852078       -0.8537420223       -0.5640712093
         0.3907408428        0.7060785181       -0.6403557220
        -0.0405345751        0.0117356307        0.0957224319
         0.6516950385       -0.0326067180       -1.3114646493
         1.3935676923       -0.0178726828       -0.4509532143
        -0.9347297074        0.5331611852        0.7967294396
        -0.0328063290       -0.0260879094        1.2733428074
        -1.2636411856       -0.0505330268       -0.1543246800
        -0.5853557778       -0.9775584493       -0.2498996138
         0.1773964928       -0.9624097324        0.6348304628
        -0.6140941704        0.8659520210       -0.2359011636
         0.1281006429        0.8806924547        0.6249839495
        -0.3836947711       -0.0489603067       -0.8693405970
         0.8039840299       -0.0253722941        0.5082694057
         0.4658014041       -0.6169683152       -0.3910173387
         0.4403597270        0.5392004662       -0.3888797113
        -0.2465830862       -0.0606366926        0.2136249030
         1.0889991671        0.3529054889       -0.9139188572
         0.0901149157        0.7946363825       -1.2272495545
        -0.6380315445       -0.9431190624        0.7044149755
        -1.1917711533        0.0473106501        0.4478861018
         0.4654695433       -0.6855614647        0.9677305007
        -0.4415723856        0.9129000542        0.5764885466
         0.5854249380        0.4587368769        0.8986377718
        -0.8083382438       -0.6272517519       -0.3684812545
         0.1909797748       -1.0691744679       -0.0550144927
        -0.6722003013        0.4977423883       -0.4536200304
         0.9269335167       -0.2094334525        0.0479973629
         0.3862297348        0.7583017194       -0.1622359502
         0.1469501722       -0.2044061699       -0.7566406191
        -0.1291881342       -0.0835871909        0.2940054993
         0.5265493182       -0.2448466189       -1.3448067133
        -0.2407241444       -1.0191788634       -1.0242243298
        -0.5034139665        0.8664709138        0.8880094644
         0.5855898555        1.0122164805        0.5056293676
        -0.6873872742       -0.2724718176        1.0375049799
         1.0784926684       -0.0278710278        0.4436084935
         0.2896246976       -0.8239964467        0.7732134994
        -0.2840153145        1.0285411207       -0.2099342179
        -1.0516219666        0.2538726208        0.1107873791
         0.6669108710        0.4718421354       -0.4878183596
        -0.5614325931       -0.7678018747        0.0254084034
         0.5075876798       -0.6306600796       -0.3084445175
        -0.3404622420        0.0392631631       -0.7200174495
         0.0143024109        0.1146202945        0.3110840003
         0.8616064750       -0.0606942163        1.2540370179
        -0.0433141130       -0.7418468247        1.2592054252
        -0.5990826987        0.8285633774       -0.8612975289
         0.0329938696       -0.0147639118       -1.3363922384
        -0.0792239211        1.1546765095        0.1211710192
         0.9436994143       -0.2101251724       -0.6477001735
        -0.8989201846       -0.2562721262       -0.7410419455
         0.8675997864        0.4947928256        0.2759811899
        -0.9724994273        0.4508626700        0.1352955292
         0.0294091017       -0.8859007004       -0.6177800719
        -0.5823240212       -0.5970312430        0.2850365792
        -0.0976814486        0.2689128975        0.8099993109
         0.5392493411       -0.5808909765        0.3312559691
        -0.0015121736        0.1497168913       -0.2677700825
         0.1400181848        0.7655358491        1.3376477017
        -0.4967034727       -0.1700357070        1.4192064870
         0.7274769526       -0.5591311663       -0.9633724445
         0.7331642282        0.5966712023       -0.8403792884
         0.5220957344       -1.0286101286        0.0735433805
        -0.1792829355        0.0539939845       -1.2425589391
        -0.3079141644       -0.9232497850       -0.6801083281
         0.5188297307        0.8421744132        0.2783322778
        -0.3009714074        0.9007180797       -0.5027496039
        -0.9319580162       -0.0327878369       -0.4096977329
         0.4353095325       -0.1697232905        0.8207763168
        -0.4963308726       -0.6735286185        0.4140161413
        -0.5105132236        0.4487660772        0.5022104185
         0.1467797292       -0.0507930734       -0.2068663867
        -1.5328094722        0.2108069846        0.0317354623
        -1.0921599897        0.2691163732       -1.0121938887
         1.1292800243        0.4725207960        0.5209487195
         0.3798908141       -0.0975434497        1.2024774018
         0.5287820877        0.9728612028       -0.3316051346
         0.9938298588       -0.6443803448        0.4196267647
         1.0726070657        0.0029471535       -0.5091699456
        -0.6892255526        0.0430281706        0.7609386325
        -0.0961981340       -0.9046709531        0.5717957650
         0.3339247053       -0.8387294034       -0.4716993726
        -0.5733232123        0.7350309134       -0.1516713459
         0.0221375465        0.1511336283       -0.9209033913
        -0.6801696033       -0.4292496587       -0.2595073974
         0.2034338617        0.0571285874        0.1492277302
        -1.5299177432       -0.2148762825       -0.0901747437
        -1.0763537256        0.1968690896       -1.0452170843
         0.9254833475        0.6207531090        0.7266931927
         0.3366830902       -0.2682548418        1.1893138755
         0.2479478422        1.1272520312       -0.0620975592
         1.1148471295       -0.4376435555        0.3802557487
         1.0504362370        0.4035577523       -0.3787789442
        -0.7074306645       -0.3172646663        0.6743855535
         0.1364870670       -1.0044854029        0.3563907499
         0.5777926725       -0.5884738745       -0.5977684713
        -0.7495805312        0.5718510799       -0.0555834176
         0.0206891453        0.3597331114       -0.8611379380
        -0.5191608109       -0.5218568569       -0.4151716764
         0.1720769443        0.0728393070        0.1788907145
         0.1624988418       -0.0712806517       -1.5373564312
         0.5003269168       -1.0145940210       -1.0050101899
        -0.9099823346        0.2264634562        0.9437072099
        -0.5699234968        1.0997222164        0.2560896550
        -0.7960236899       -0.7606712681        0.3517909729
         0.1203737903        0.6767236009        1.0519342929
        -0.0132395757       -0.4492590736        1.0989720809
        -0.2333929708        0.6469656445       -0.7634618946
         0.5244491384        0.9374358752        0.0283035720
         0.8580244707       -0.0091608895        0.5488015168
        -0.4212999725       -0.4864523731       -0.6912630241
         0.2984703647       -0.8796126476        0.0926905173
         0.6458058083       -0.0190916226       -0.5447939209
        -0.1660872906        0.1028117540        0.1695956431
        -1.3125807273        0.0789471937       -0.2588515350
         0.2684888149        0.2192208235       -1.2945890967
         1.3125807273       -0.0789471937        0.2588515351
        -0.2684888149       -0.2192208235        1.2945890967
        -0.0339195069       -1.3197782062       -0.2305209225
         0.0339195069        1.3197782062        0.2305209225
        -0.5236435657       -0.4962466935       -0.8665585289
        -0.7515274389        0.5729438217        0.6150844936
         0.4906907951       -0.7859166558        0.6426076582
         0.7844802096        0.7092195276       -0.3911336228
        -0.4760757382       -0.4304024574        0.2373663808
        -0.2977844178        0.4769474709       -0.3899778624
         0.3177823915        0.3011561132        0.5258864229
         0.4560777644       -0.3477011267       -0.3732749414
        -0.2255266770       -0.5691698760       -1.3088165856
        -0.3525077993       -0.0967310189        1.3830288657
        -1.0976288720        0.7668465488       -0.1047843279
         1.2161178376       -0.4934387079        0.3817025157
         0.6918391649        0.2417253690        1.0696016712
        -0.4799040511       -1.0167963129       -0.2913332507
         0.4481163000        0.3337231846       -1.1311000734
        -0.0581099246        1.1105247746       -0.4484209529
        -0.9609813331       -0.2314514377        0.4326544937
         0.5652062953       -0.6172763481       -0.5332170418
        -0.2194860112        0.6103142898        0.5458127562
         0.6799327628        0.3760300201       -0.0431304652
         0.1162338460       -0.4680222173        0.4590067854
        -0.3233015384        0.0537217319       -0.4110043904
        -0.3630288179       -0.3551580600        1.4352187410
         0.9837238033       -0.4058647002       -0.9477878043
        -0.0505254932        1.1636811453       -0.8209955938
        -0.8876273229       -0.5256010412       -0.7340593147
        -0.7664726232        0.5255371796        0.8439033180
         0.2386177490       -0.9997579538        0.7206858004
         0.0443110623        1.1493076979        0.3171954731
         1.0923549278       -0.4411723735        0.1887121385
        -0.0182392215        0.0827696563       -1.1733739097
        -0.7336883896       -0.5160092178        0.4028908657
         0.6268023837        0.4400897684       -0.3349665007
         0.2130198636        0.0911661581        0.6090766840
        -0.4956813132        0.3599693685       -0.2157293157
         0.1164333917       -0.5689576274       -0.2907705818
         0.4792369880       -0.1149906352       -1.2650994156
        -0.4359679370        1.2115618459       -0.4306011141
        -0.5311243236       -0.8405978252        0.7537577164
        -1.0085637886       -0.5679555669       -0.2032594671
         0.5849194962       -0.8049050470        0.6777110653
         0.0083422623        0.0308203074        1.2034432912
        -0.0252626482       -0.8802239620       -0.6205255341
        -0.9490845489        0.4588184766        0.2218298619
         0.9103542030        0.2702849443        0.5687411057
         0.9393086423       -0.4074988695       -0.3054758360
         0.0195005743        0.9257256812        0.5332196840
        -0.4799987886        0.1826241977       -0.8167276514
         0.5203507319        0.6361802490       -0.4406227486
        -0.0320108631       -0.0998437962        0.1236090425
         0.5404409839       -0.4379978539       -1.3332622334
        -0.7392571116        1.0969853692        0.5364277387
        -0.0794103297       -0.5086725278        1.3313823475
         1.0616849845        0.5740529432        0.2782337742
        -0.9726441621        0.0230529818        0.8538994744
         0.4775984201       -1.0951401431       -0.3940659541
        -0.1596423431        0.4555087221       -1.1617858179
         0.7574634948       -0.5112167884        0.5593215648
         0.1184175003        1.0438248906       -0.2105731629
        -0.4373316966       -0.5942025278       -0.8371724137
        -0.3087204769       -0.6538786632        0.2620552601
        -0.6904642453        0.2750489503       -0.1978529738
         0.0554108149        0.3453384881        0.6515250266
         0.3764541669       -0.0127038409       -0.3381326306
        -1.4449827374        0.1068045190        0.4083355509
         0.7832096302        0.2054531625       -1.2925134053
         1.1847561461       -0.5058796489        0.4257438651
        -0.6359244366        0.6578875984        1.0002871737
         0.9234537844       -0.7274464548       -0.6648541916
        -0.9247390444       -0.7241951350       -0.1803031316
        -0.0330865543        0.8252107507       -0.8102575983
         0.1639845933        1.0935810474        0.3038165487
        -0.6204271659       -0.4638624525        0.8813558933
        -0.1014550498       -0.3121485330       -0.8684967869
         0.3302462998        0.1140084933        0.8446078074
         0.1450500403       -0.7245926296        0.1284341561
         0.6562069147        0.2311834602       -0.1976963732
        -0.4262924203        0.2239958222        0.0215404916
        -1.0174422563        0.0880628318        1.0163643159
         1.0948885610       -0.6738948602        0.6896761242
         0.4811969448       -0.6180608780       -1.1175967581
         0.2218099285        1.2561694680        0.0006709565
        -1.3409369765        0.1902771378       -0.0886426487
         1.2747417011       -0.2668735781       -0.3660854976
        -0.6135442145        0.8611592856       -0.6757813712
         0.0515382346       -0.3404668554        1.0129780998
        -0.7605156885       -0.6989184623        0.2833645388
         0.7606626336        0.3446275536        0.4200734347
        -0.5225688718       -0.2522122243       -0.7203668771
         0.3977218443        0.3702545517       -0.6360741486
         0.2786930026       -0.5803746053       -0.0385429983
        -0.3062448429        0.3202506351        0.2199628297
         0.4929427979        0.1641814431       -1.3230800124
         0.5858649724        1.2750633359        0.2268580857
        -0.7407521785        0.2745625079        1.0776423103
        -0.8379547616       -0.8874915426       -0.5436928260
        -0.0743176442       -0.6491078668        1.1886275911
        -0.1311320149       -1.3283220136        0.2409661973
         0.1170479213        1.1159303216       -0.8068342451
         0.7061900528       -0.6078487692        0.3933237569
         0.3387657439        0.3542352426        0.8478886323
         0.2500924106       -0.7058518754       -0.6311789645
        -0.4146804866        0.8180012999        0.1340128573
        -0.4696374440        0.1609924722       -0.7826669621
         0.5188582602        0.2779385441       -0.2303126391
        -0.3412876293       -0.2622830998        0.2084462183
         0.8707621143        0.4684410289       -1.1692348773
         1.3425490155       -0.5302029990        0.5110976193
        -0.6548416688        0.2891399920        1.0486708285
        -0.9265735804        0.8643222422        0.0808610808
        -0.6595763014       -0.9355281216       -0.3708076317
        -0.9236650477        0.1087427437       -0.8014221094
        -0.4823718132       -0.8253545203        0.7703030906
         0.1264715809        0.8945806540        0.4961518007
         0.3867409311       -0.1226395521        0.9148018916
        -0.0431362155        0.7872929720       -0.6162633783
         0.1217705100       -0.3056895312       -0.8889631017
         0.3857097186       -0.8643767553        0.0510918838
         0.7577578988        0.1889488704       -0.1004608256
        -0.3015971422       -0.0176770237        0.0741737288
        -1.3805041108       -0.2995331202       -0.5909840652
        -0.6639230699        1.3411594375        0.3244555060
         0.8107072822       -0.6635388064       -0.7173562633
         1.2234316210        0.2814397954       -0.1900967221
         0.1161795090       -0.6218235411        1.0235183771
         0.1189019677       -1.2215517588        0.0305470849
         0.7891672192        0.3130956093        0.8868177613
         0.3473932255        0.3527105276       -0.9040738066
        -0.3109052271       -0.5565657713       -0.7713909452
         0.3420205177        0.9383808554        0.0627283362
        -0.3326664953        0.3896798956        0.7975036828
        -0.7335547618       -0.5281986928        0.2853648444
        -0.5913448746        0.4252010671       -0.2991761655
         0.2650971973       -0.1504554975        0.0621423753
        -0.9423507233        0.9167340065       -0.4498741094
         0.8396111535        1.0363556344       -0.1176449119
         0.6012118903       -1.0869743780       -0.2261955813
        -0.6395429856       -0.9185311680        0.5380238616
         0.1880698178       -0.4902434930       -1.0617510531
         0.4452865173       -0.8132352221        0.8282676324
        -0.8172465503       -0.1529896449       -0.7379908729
        -0.2528337808        0.0039550913        1.0836105486
        -1.0346310731        0.1149879530        0.3151549031
         0.9725444808       -0.0328906286       -0.4094224145
         0.7506340789        0.2421226602        0.6512915720
         0.0646349330        0.5672770495       -0.7507555546
        -0.1567472558        0.8239413644        0.3286104390
        -0.0186405025       -0.2105092247        0.0086755411
         0.7279803498       -1.2296456037       -0.6892224573
         0.8104461875       -0.5150420588        1.1874446336
        -0.9896326761        0.8376630308       -0.2982101168
         0.0056274185        1.2617445539        0.1167416024
        -0.7370986297       -0.0718907550       -0.9750756608
         0.8749720500        0.6138826052       -0.2992618015
         0.4104082049       -0.1996895523       -0.9796052031
        -1.0947234107       -0.2188176617        0.0880650705
        -0.6428871822        0.5817486855        0.7491682213
         0.4781852367        0.4530798517        0.7458267194
        -0.2497764859       -0.8489778760       -0.3184741263
        -0.2004396562       -0.4505503194        0.7264172600
         0.7255621879       -0.4320020129        0.0832487479
        -0.1186235946        0.2184971126       -0.1370628893
         0.3442666383       -0.6384510662        1.4598094776
        -0.1189984654        0.3519248789       -1.5871897296
        -0.6086230921       -0.8257693812        0.8541650979
        -0.8861055856       -0.2325626306       -0.9708999266
         0.8579898932        0.2683239281        0.9867982399
         0.5805073997        0.8615306786       -0.8382667847
        -0.4297439468       -1.0014186291       -0.2601561383
         1.1045229281        0.1431444828       -0.1214047170
        -0.2593569150        0.2147160691        1.0966852065
        -0.5253714295        0.7834063808       -0.6529523302
        -0.6981712251       -0.0016673240        0.1056078671
         0.1836167489        0.6561465180        0.1853523605
         0.3046923778       -0.4541858837        0.3774014393
         0.1507746733       -0.1251380215       -0.6349500625
         0.2934222372        1.3250572599       -0.8162938482
        -1.3201029767        0.1036384389       -0.8687900798
         0.6983568057       -0.9488551948        0.6121063812
         1.2175616187       -0.0561471315        0.0821509124
        -0.2788362697       -1.1889020009        0.0334654328
         0.5986112881        0.1029116124        1.0174089223
        -0.3030094488       -0.5796042397        0.9880745866
        -0.3530758514       -0.4502087642       -0.8524307034
         0.5637875648        0.2438456103       -0.8226004452
        -0.4064804762        0.5066221153        0.7061213817
         0.5193765685        0.8260417101        0.1542088882
        -0.9414013641       -0.2797492892        0.1066823077
        -0.4338475992        0.5907435908       -0.4099589463
         0.1456379031       -0.1953937176        0.0698552100
        -0.6765126561       -0.3419680256       -1.3055510261
        -1.0994309021       -0.4584349287        0.9274503188
         1.3484774505        0.6077475436        0.2870926137
         0.4560885696       -0.1279755964       -1.2531054659
        -0.2452299079        0.2230078372        1.2979975509
         0.7897825614       -0.1204478403        0.9482796155
         0.7118999071        0.7972436082       -0.6285694530
        -1.0356074912       -0.4667396616       -0.2204821900
        -0.0397477075       -0.8716471971       -0.5755492296
        -0.8495582987        0.4708443949        0.3862148172
         0.7585761856       -0.2054940255       -0.1765299447
         0.2480773686        0.6591843891        0.3908478035
        -0.1336489122       -0.4063374286        0.4124289881
        -0.2331661670        0.2410169308       -0.4905243985
        -0.3424069432        0.4555400038       -1.5680260867
        -0.7833103654        0.6740489487        1.2373749569
         0.4884335612       -1.0188669330        0.5547810314
         0.9161185622        0.0321209520        0.8004972948
         0.2285299957       -1.0474373665       -0.5743182180
         0.9274797019        0.6484769532       -0.1843789202
         0.5074781578       -0.0205770249       -1.0258311955
        -0.5768446482       -0.8705006536        0.2022698714
        -0.1593560730       -0.2237993572        1.0270391434
        -0.5673131820       -0.2707573872       -0.7551983344
         0.1083560316        0.7869924228        0.5805536453
        -0.1457364002        0.7591295099       -0.5156168709
        -0.8061598229        0.2292294464        0.2174410539
         0.2047314242       -0.1335995145        0.0034126284
         1.1487488966       -0.9817298628       -0.7071403452
        -1.1875339779       -0.6367181436        0.8850801974
        -0.4593763692        1.1508972051       -0.2210161485
        -0.0877354278        0.8731438880        0.8432218805
         0.2520820827        0.6576178532       -0.9915572567
         0.8617892480        0.2139487030        0.7254528149
         1.0677227534        0.0878485807       -0.4031598750
        -0.7449881152        0.1845433627       -0.7364582082
        -0.9463144970        0.3180519879        0.3655430459
         0.1774218819       -0.4577430171       -0.8511587041
        -0.1457507261       -0.2483676667        0.9408564537
         0.5439225838       -0.7284653153        0.1919999381
        -0.5523845274       -0.6661738317       -0.0283579187
         0.0723961940        0.2331462567       -0.0133058739
         0.5894618212        0.0934560876        1.5035565153
         0.1155881030       -1.4824563815        0.3402582752
        -0.6334832880        0.8372040651       -0.8144427208
         0.4722363953        1.0457283077       -0.5313324339
        -1.1469055236        0.3322390527        0.0927845269
         0.6406442060        0.6713166084        0.5487136026
         0.1940618926        0.1498297258       -1.1613093232
        -0.3622651554        0.2227118101        0.9360880173
        -0.7823767714       -0.2843585203       -0.7832009587
         0.9633321933        0.0449680905       -0.3355340960
        -0.6192738438       -0.6491933003        0.2732060025
         0.1949812873       -0.7583000293       -0.5033572940
         0.4640241306       -0.4476600645        0.5434378024
        -0.0900254471        0.2245145480       -0.1088679157
        -0.9026779940       -1.2933638937        0.6770856931
        -0.0789300097        1.4971172828       -0.8357467640
         0.8736167577       -0.7796248379        0.2960893787
         1.1652790940        0.2083936763       -0.2395553298
        -0.4992408736       -0.3442228865       -0.9067733457
         0.3204918412        0.4670054938       -0.9839325024
        -0.1476362034       -1.1187980791       -0.1242043896
         0.7198080039        0.2216015772        0.8006937030
        -0.3701709105        0.4948442390        0.7111997021
         0.3846830437        0.9764184237        0.0319953112
        -0.0738633643       -0.5769269497        0.8741265242
        -0.6226658203        0.6427386337       -0.3737844565
        -0.9054857929       -0.3153259987        0.1456210439
         0.1367922281       -0.0798566807       -0.0728145682
        -0.5819519338        0.9026344452       -1.3153073268
        -1.0423759040       -0.5576872914        1.0937583786
         1.0604517315        0.0331002143        0.6737611748
         1.1482691728       -0.2429602259       -0.4477254886
         0.1984557782        0.8015602001        0.7922654189
         0.3488102066        0.3587584092       -1.0268449106
        -0.2357766208        1.0082269568       -0.2599442934
         0.6021412060       -0.9217656145        0.2732226170
         0.1717712810       -0.7221438942       -0.7567300691
         0.0358734081       -0.2903046947        1.0189892260
        -0.6673128242        0.0246391678       -0.6389567450
        -0.7523980463        0.3014141809        0.4482828342
        -0.4996539614       -0.7580262257        0.1427604272
         0.2136965063        0.0625543721        0.0024687570
         0.0059334664       -0.0428603479        1.7474257030
         0.6336246552        0.6651394689       -1.3861552105
        -1.1581798066        0.1789645470       -0.1625423325
         0.1607812378       -1.1550246145       -0.1997406239
        -0.6279070527       -0.5973030446       -0.8438332266
        -0.6953220636        0.1067476417        0.8924708099
         0.1234265174       -0.7213296830        0.8693798715
        -0.3691613525        0.9175665618        0.1770955940
         0.9177574373       -0.3840152587        0.1408009814
        -0.3367836794        0.4919533101       -0.8687125241
         0.4635691288       -0.3175186421       -0.8912846517
         0.4042029307        0.3773904781        0.7982386032
         0.6144342231        0.6151577247       -0.2741774509
        -0.1363756420       -0.1348681416        0.0010344572
        -0.4017093489        1.2835248897        0.6890459476
        -0.2638975210       -1.3789865200       -0.5588784637
         1.1744125761        0.0309439713        0.0636731419
        -0.2645620086        0.4715347202       -1.0352600962
         0.2618547833       -0.5037356870       -1.0067779363
         0.1780833860        1.1147197623       -0.2482046367
         0.5091554533       -0.3895590706        0.8873719461
         0.5414186483        0.6974368648        0.7115239939
         0.6263534638       -0.9434956842       -0.0575843676
        -0.8322247917        0.6151439600       -0.0856616989
        -0.7798812105       -0.3961290568       -0.5596473794
        -0.3982476945       -0.8237397802        0.3974773204
        -0.4504860805        0.1855008586        0.8705104214
         0.0997303449        0.0368407721       -0.0675881924
        -0.3533063194        0.5034984131        1.5803712728
        -0.6213043692       -1.4639909552       -0.4912872192
         1.0703948485        0.6332644033       -0.1554194594
         0.9492279144       -0.4210236386       -0.6240302004
         0.4384057140        0.6685977011        0.8114331849
         0.2469003678       -1.0327868476        0.0589516098
         0.3594546632        0.4619245893       -1.0168866809
        -0.0771601420       -0.3679840074        0.9410646428
         0.0469132420        1.1176427973       -0.1484618398
        -0.6860490024        0.3937245058       -0.6067148850
        -0.1394468094       -0.5436060025       -0.8912104153
        -0.6466955640        0.5179398494        0.5081530314
        -0.7629786556       -0.5076923968        0.0599494001
         0.1756441121        0.0404915888       -0.0259124419
        -1.0383771044       -0.6726325726        1.0341012933
         0.6218475099        0.4301402527        1.4241882287
        -0.7574437842        0.3991893873       -0.9244553450
         0.1908263305        1.0290598906       -0.7016494790
         0.4740499388        0.8700397323        0.4079375325
        -1.0600310325       -0.1489445619        0.0474893500
         0.2689547546        0.0254629971       -1.2166652142
        -0.4858269178       -0.6873115650       -0.7609157408
         1.0126209232        0.3080040957       -0.4088399306
         0.5970956385       -0.7364874096       -0.4592170579
        -0.3015397432        0.1457494047        0.8713319779
        -0.2027587512       -0.8435426831        0.3213138849
         0.7162010689       -0.2331409891        0.5372329943
        -0.0356188311        0.1144140207       -0.1718524940
         1.6505588456       -0.1629213068        0.5403474597
        -1.5609773317       -0.7688479535        0.1228243737
        -0.2609461431        1.0211874003        0.5251765245
         0.7774453493        0.5258911014        0.6311410168
        -1.0443505287        0.1821694036        0.3942942889
         0.6362001202       -0.6273322250        0.5605834693
        -0.4863094464       -0.8391182426        0.4146490530
        -0.6591398161        0.7549338283       -0.4991905894
         0.4460459088        0.9634513233       -0.3555083989
         0.1099215311        0.1226435979       -1.0234883119
         0.2210887916       -0.8508672138       -0.4657743321
        -0.7924076302       -0.3639268896       -0.5711331336
         0.9849278209       -0.0285936261       -0.3400665846
        -0.0220574713        0.0713308025        0.0661451647
         0.8808714716       -0.8203116120        0.8404659434
        -0.0923687911        0.8946849250       -0.8698498571
        -0.5981179758        0.3754962342        0.8797401677
        -0.5271576990       -0.8968298609       -0.4364473143
        -0.8346485360        0.0689394760       -0.8998443441
        -0.8785171300        0.8555085333       -0.0861595896
         0.6680775566        0.0859382490       -0.8575601800
         0.6229677804        0.8947618308       -0.0208537128
         1.2327567382       -0.0299293616        0.0953942118
        -1.1534110308       -0.2118798597        0.1426346256
         0.5304484334       -0.8153756355       -0.2003635244
         0.4738366275        0.1996806878        0.8496852253
        -0.2268350432       -0.6856253857        0.6505477405
        -0.0979024017        0.0849417793       -0.0873893921
         0.7672625971       -0.4971891328        1.1753513052
        -0.9725781518        0.6581773238       -0.9155511818
        -0.6894179623        0.5405735138        0.8723687400
        -0.4710533948       -1.0525995909       -0.1896694710
         0.8406415852        0.7628050140       -0.2779963016
         1.2036089277       -0.1729905267        0.2013368674
         0.5524992017       -1.0741356960        0.2451812515
         0.1219370931        0.5453093272       -1.0985926408
        -0.5291726325       -0.3558358425       -1.0547482568
        -0.9048955116       -0.0359370172       -0.0524127815
        -0.2505197577       -0.4704847173        0.7340016604
        -0.2534614522        0.8656570344       -0.0962790055
         0.4009143017        0.4311093340        0.6901354364
         0.1842351564       -0.1444590238       -0.2331256220
         0.2748265719       -0.1135103092        1.5451483392
        -0.5302438738       -1.0515453679        0.6562307163
        -0.4736086696       -0.3434477927       -1.1195015108
         0.5309278986        0.1495547906       -1.1335507422
        -0.4098166395        0.7561581884       -0.9216634254
         1.0785499738        0.0107005293       -0.1583602054
        -0.4315878533        0.9844555715        0.1817736344
        -0.0357685105       -1.0211694104       -0.3450209881
        -0.9909653145       -0.4052470168       -0.1298785350
         0.5476339258        0.9802454436       -0.3749001769
         0.4945256300        0.5385759935        0.6537449226
         0.4607296666       -0.5781746677        0.5608440404
        -0.5037661476        0.0437438393        0.7780809436
        -0.0114366578        0.0496602086       -0.1929470128
        -1.1036597189       -0.8056422037       -0.5911995264
         1.0990196188       -0.4921881704       -0.3839244804
         0.6633658039        0.5200568876        1.0964986394
         0.6516563541        1.2060101045        0.1835926069
        -0.6053369562        0.0725031063       -1.0693664981
        -0.5867850131       -1.0142913623        0.3770021475
         0.5082513592       -0.8578981998        0.4919575594
         0.4895110800        0.2399292120       -0.9690943611
        -0.3098664630        0.8705156245        0.6580757911
        -0.2103384834       -0.1792794879        1.0057281111
        -0.2289909333        0.9134027525       -0.4484763202
        -0.0013565364       -0.6657016490       -0.5001876291
        -0.7236129430        0.0341810340        0.0349649346
         0.3581428313        0.1584023518        0.1144290254
         0.3975714225        1.3728288243       -0.7875957912
         0.4882475961       -0.8414234505        0.7810873714
         1.0667941649        0.7643242336       -0.0938587766
        -0.6041035219       -0.6379802014        0.9237053166
        -0.2429181610       -1.2509051358        0.0376619326
        -0.8919688361        0.3823177960        0.5448421258
        -0.3105543071       -0.6043320019       -0.8814573707
         0.6198317298        0.2701484964        0.8036638624
         0.9855963894       -0.3505474306       -0.0936132560
        -1.0956166964       -0.5243322636       -0.0839060407
        -0.7114313349        0.4136113214       -0.5761244688
        -0.0054819706        0.9103592490        0.1270624983
         0.3707764537        0.2718555982       -0.7959574408
        -0.0667429283       -0.1759250352        0.0944900376
        -1.4553694438       -0.3080458050       -0.0407388560
         1.2239900198        0.1899694310       -0.6736543541
         1.3251176592       -0.4102971995        0.2525263140
         0.3018710144        0.7867944123       -0.8625495839
         0.5061479647       -0.4257389473        1.0083272920
        -1.0498892852        0.5841567109        0.4932327147
        -0.6098466210       -0.8735532856       -0.4995704980
        -0.0696859527        0.5273985558        1.0163510638
        -0.1713930215        1.1311045232        0.0848636739
         0.3711435039       -0.9279226045        0.0195511714
         0.2702689346       -0.3291581301       -0.9043117476
        -0.5726567816        0.2375544023       -0.4500953811
        -0.4710025224       -0.3658381022        0.4809083516
         0.4013045317        0.1835760387        0.0751598392
        -0.7935287922       -0.5963314450        1.0011552494
         1.0540498846       -0.9542681442       -0.1349660160
        -0.0453037760        0.2260124350       -1.1911548566
         0.7441804952        0.9486655239       -0.1349557680
        -0.2752089507        1.1401049658        0.2732358305
        -0.9003653981        0.5678690710       -0.5631198686
        -1.0056015775        0.3570209051        0.5073895392
         0.9206156448       -0.0034106975       -0.6858051937
         0.9378490913       -0.0003401525        0.4353654813
         0.0998525109       -0.7673989012       -0.6857350351
        -0.0117692072        0.2296209413        0.9775199761
        -0.8421515433       -0.5304681223       -0.1333939431
         0.1248205693       -0.7741879545        0.4364001501
        -0.0074389511        0.1571115750       -0.1019355454
         0.9079512091        0.1490592485        1.0654170300
         0.7195897150       -1.2008082254       -0.1481814905
        -0.2224297987        0.8259584099       -0.8841780550
        -0.4466606325        1.1380717921        0.1693893475
        -0.6341693830       -0.2056846203       -1.0387150262
        -1.1277075413        0.4022637922       -0.2724015617
        -0.8700227420       -0.3422498001        0.5157147482
         0.4371339780       -0.4277038004       -0.9101191169
         0.6180640042        0.8689070601        0.2555990388
        -0.1612551764        0.4021246305        0.9480687560
        -0.3493671076       -0.9459543841       -0.2639218521
         0.9942852730       -0.1422975009        0.0039532913
         0.2111036451       -0.6235120461        0.6607579180
        -0.0765154428        0.1018254440       -0.1013830274
         0.4565306782       -0.3578458251        1.2839247714
        -1.0301155178        0.5516261924        0.7870878454
         0.1383305567        0.8047126729       -0.9674575406
         1.0499217737        0.2470368066       -0.6628038977
         0.5185444865       -0.7121501670       -0.8137003499
        -0.3997579438       -0.1503686431       -1.1205968773
         1.0175523035        0.0996811424        0.4368559328
        -0.4664480833        1.0075345573       -0.0590967652
        -0.4550951583       -0.9122662346       -0.3081798470
        -1.0115874593        0.0479897007       -0.2062052288
         0.4822262046       -0.8658670932        0.2930270628
         0.0808817397        0.5769179805        0.8140462345
        -0.4683664771       -0.3968565565        0.6750007730
         0.0873828967        0.0598554666       -0.1519021135
         0.7856426359       -0.7689013570        0.8744390931
         0.5513669804       -0.3192798338       -1.2812324512
        -1.0474339275       -0.3617869822        0.6769308509
        -0.8728052754        0.7231476771        0.6016504709
        -0.5066899307        1.0576797513       -0.4289353287
        -0.4003149265        0.2155261613       -1.1393478055
        -0.3005124699       -0.8274575575       -0.7344067863
         0.9735263763        0.2436368487        0.4615005340
         0.1753184975        0.9712781514        0.4259083972
        -0.1853529683       -0.9732683296        0.3835584431
         0.5195760330        0.5340004072       -0.5473857481
        -0.0132051036        0.0049475858        0.9742125566
         0.6304036574       -0.5368827921       -0.2089474653
        -0.3095195786        0.0373602694       -0.0579447606
        -0.1585760406        1.1918155188       -0.1955822708
        -0.5814716685       -0.9277115902       -0.5339147115
        -1.1362765695       -0.3743579636        0.2292480919
         0.1847810462       -0.4213016623       -1.1279112950
         0.3962288598        0.6384618918       -0.9587450746
        -0.9248287556        0.6854055906        0.3984143119
         1.0414556630       -0.1312154169       -0.4797423892
        -0.2606264008       -0.9917504213        0.5296273428
         0.0986837853        0.8090903301        0.8170890337
        -0.4551136305       -0.0780349218        1.0577250465
         0.4876582457       -1.0183406673       -0.2391063741
         0.8469684312        0.7825000811        0.0483553163
         0.5987872831       -0.2136917278        0.5902504808
        -0.1376702486        0.0491309589       -0.1357075087
        -0.8473520077       -1.0219500073        0.8927592597
         1.3889734484        0.2772455620       -0.1552644246
        -0.2080670941        0.8339154182       -1.0100203904
         0.0093827679        1.0475131192        0.8584003235
         0.1651271865       -1.0151606669       -0.8418236062
        -1.2140819111       -0.2450900492        0.1741789876
         0.9238317782       -0.7576220501       -0.0264602283
         0.5373458703        1.0306450805       -0.1478993043
        -0.4725620729        0.0247051993        1.0018631976
        -0.6449939470       -0.2171674978       -0.8086059329
         0.5304658380        0.1335067548        0.5234703050
         0.4105757701        0.0296502788       -0.5941239827
        -0.4086664182        0.4848978254        0.0097830933
        -0.1699792084       -0.6050889668        0.1237427026
         0.0851924532        0.7197675910       -1.3152367245
        -0.3089904308       -1.1723595236       -0.7568391167
         0.5698163466       -0.8439894292        0.8662718014
         0.8728456039        1.0430894985        0.3199601631
        -1.1866429919       -0.5313942601       -0.4181860587
        -0.1176646909        0.9278090868        0.8878192689
        -0.2939794077       -0.1598805851        1.2082669606
         0.8330896462        0.3409465154       -0.5787149000
         0.6235536170       -0.7544745151       -0.2758518139
        -0.0771622852        0.9482242863       -0.2366398551
        -0.7752050654        0.2519924505        0.2805748652
        -0.3585676886       -0.7758118794        0.2751121651
        -0.1960828550       -0.0853209407       -0.6075103261
         0.3297977488        0.0914017049        0.3509735709
         0.7687202247       -0.7245359789        1.1083401403
        -0.0245148127        0.5369963183       -1.4336439633
        -0.4878757610        0.9126837211        0.6051887320
        -1.0759266374        0.0131670984        0.3422812234
        -0.1940882314        1.0472889886       -0.4573922655
         0.2879045283        0.2807451418        1.0871914730
         1.0518584347        0.0069391717        0.3176377103
         0.7534628882        0.4814966502       -0.6385943047
        -0.6086404828       -0.8285615512       -0.2212689691
        -0.3034639404       -0.6284039466        0.8309931438
        -0.7903125107        0.1458624026       -0.7291514123
         0.1675647239       -0.4257189356       -0.9106027825
         0.4681007669       -0.9036805813        0.0524886171
        -0.0127891901        0.0857215009        0.0465326575
         0.5810234504       -0.1526212337        1.4780316137
         0.6789103547       -0.2374781419       -1.3371324670
        -1.1898095249        0.7093299128        0.4211646868
        -0.1941412479       -1.2437237807        0.0168037814
         0.0174535393        0.6446119458       -1.0684246599
        -1.0122940657        0.3390836954       -0.6362676841
         0.8006613957       -0.8713582501       -0.4038743565
         0.6858265485        0.6509988535        0.7051344901
        -0.3455335479        0.3173989245        1.0668606425
         0.8034925257        0.2504684021       -0.3494833000
        -0.8045706636       -0.3189718351        0.2663320557
        -0.1390313257       -0.3360159980       -0.6056652242
        -0.1710121838        0.5918381287        0.0183057835
         0.2890247453       -0.3435606232        0.4282146381
        -0.5522901721       -1.3253981179       -0.0999477995
         0.5266348875       -0.1734889286       -1.3512985932
        -1.0951415394        0.8163401028       -0.1341455781
         1.2249259636       -0.5104818902       -0.5197844407
         0.7693931777        0.9296145870        0.5637737787
         0.1123162532        0.3001683008        1.2482148643
        -0.9751164915        0.2340834908        0.8517337219
        -0.3449579472        0.3679233422       -0.8779520072
         0.7215391724        0.4758981299       -0.4728006468
        -0.9298578271       -0.2768925753       -0.1529153033
         0.7776936960       -0.1732177461        0.4570303005
        -0.2364001783       -0.5849221122        0.6709337831
         0.1310667256       -0.4980786701       -0.3751854269
        -0.1298057205        0.4184520869        0.1923433472
        -0.0465997637       -1.3707068665        0.8332484610
         0.0104009030        0.2123745661       -1.5032195838
        -0.1836297775        1.3273434775        0.4156683563
         0.8977396095        0.5992092701       -0.9227502938
         0.4738009324       -1.2273088928       -0.1573288043
         0.0960922405        0.5086227710        1.1537349384
        -0.5784101558       -0.4126466252        1.0878643497
        -0.8077495061       -0.0242566812       -0.7686787541
        -0.1367002484        0.8744178860       -0.6203383241
        -0.5339493321       -0.7911030544        0.0193391299
         0.6212182715        0.6115919899        0.1618377228
         0.3943583370       -0.3892273525        0.5678648809
        -0.4553664912        0.2746438417        0.2351972578
         0.2487949808       -0.1929543298       -0.5024393367
         1.3786365306       -0.0847046428       -0.5687880989
        -0.4318317719       -0.4097656496       -1.4032772318
        -0.5176494851       -0.2235366783        1.3860128350
        -0.3878561708        0.6940699225       -1.1769881588
         0.5950915517       -0.2998341595        1.1272527932
        -1.0052084481        0.4341057488        0.5858776928
        -0.2413940350       -0.9700751355       -0.4480675405
         0.0179899961        0.6679807493        1.0022729405
         0.7491362058       -0.7418791322        0.0768510554
        -0.8588971908       -0.0101245948       -0.4559323337
         0.7815688832        0.3706221946        0.2555011632
        -0.1913497890        0.8102837058       -0.0818944256
         0.2754325702       -0.0179436822       -0.6481325508
        -0.1636688467       -0.2191986460        0.3493118599
         0.1847510189       -0.2355042050        1.6448427196
         1.0091682712        0.1617533412       -1.0054728718
        -1.0999170074       -0.4901264687       -0.8029680927
        -1.2842854735       -0.3069113072        0.2961357208
         0.1659746782        0.9109388855       -0.8375837022
         0.6830179680        0.4806321528        0.9417705104
         0.7276902238       -0.8012086008       -0.4637406929
        -0.0231473426        1.0960548521        0.2916735904
         0.5434493578       -0.6175610406        0.6608204144
        -0.0427320937       -0.1886921517       -1.0242069542
        -0.6487426479        0.3862670984       -0.2946220012
        -0.3394475671        0.1046435692        0.7290580858
        -0.2992918185       -0.6731225331       -0.0579331603
         0.4235124328        0.1728364077       -0.0777735661
        -1.4136829461       -0.3929807974        0.3650650804
         1.2987709183       -0.9374363279        0.1027205533
        -0.2021174314        1.4188639146       -0.0113094801
         0.4052202470       -1.1211431846        0.7633616676
        -0.6001996662        0.7736505232       -0.8682630635
         0.1581876164       -0.0474964276       -1.1618292705
         1.0983051033       -0.0159064018       -0.5068651513
         0.0060462775        0.7185655141        0.8683079761
         0.7679312233       -0.0845291405        0.5806954390
        -0.8959850799        0.5829600777        0.2056663929
        -0.7078570212       -0.2684944028       -0.4863350832
         0.2754345679       -0.7114630331       -0.2605133777
        -0.3273162000       -0.3027088614        0.5737205708
         0.1372623910        0.3881185475       -0.1644222539
         1.3230534740       -0.4191989341        0.3217967383
        -1.0838370393        0.8150376644        0.2185964829
         0.1831686588        0.9301998110       -1.0160192418
         0.4254999931       -0.6510265561        1.0284022180
        -0.5198017208       -0.8523965499       -0.6339971893
         0.3268266553       -0.1925776526       -1.1063563715
        -1.2388416178       -0.3109123604        0.0757518880
        -0.4799346160       -1.0117637026        0.4781164982
         0.6867771477        0.3785261259        0.7386823829
         0.0341408050        0.9851173646        0.1021615781
         0.9034412185        0.4233262358       -0.3482134771
        -0.3769468136        0.0890856931        0.6582069558
        -0.4746928474        0.2301082373       -0.4847082632
         0.2911467026       -0.4135253764       -0.0324201991
         0.9891331517        0.3005637995       -1.3120327801
         0.1456781676        0.6083378231        1.3790826524
        -0.8105324375       -1.0503463420        0.2364273824
        -0.5784718654        1.0671572723       -0.3141459828
         0.6054066273       -0.6978010944       -0.9770855084
        -0.7951838012        0.7635031455        0.7642583939
         0.7599006712       -0.1969236209        0.8682557303
        -0.5182444731       -0.7484575342       -0.8254049202
         1.0218396956        0.0471389281       -0.2269693445
        -0.3711005053       -0.2630237252        0.9278181078
         0.0273457034        0.2256636916       -0.7658310046
        -0.7947643728        0.0134894618       -0.0584942672
         0.1591776193        0.5083354658        0.2819905891
         0.1598158192       -0.5776372709        0.0221309518
        -0.3942591630        0.0312649392        1.6802118756
         0.8168309575        0.0118002604       -1.3402390357
        -1.1651084933       -0.3438993501       -0.3881572157
         0.8429407561       -0.8514208844        0.3525367959
        -0.4792761002        0.8489832918        0.9192241996
         0.5870778002       -0.9360673548       -0.7572154471
         0.2229952929        0.8563523564       -0.8659654385
         0.4348441698        0.9979398972        0.2644280176
        -0.8893391884       -0.1889145031        0.7051702241
        -0.2148328766       -0.1850522992       -0.9862783180
         0.2212786890        0.0029376671        0.7578974011
        -0.1912220255       -0.6913159643        0.0010463624
         0.6255156920        0.0409218405       -0.2561326044
        -0.4174455105        0.4064701034       -0.0865268168
        -0.9512041049       -0.8233272591        0.2469319247
        -1.0746177382        0.4083915151       -0.6816845829
         0.3989857489       -1.2103795985       -0.4025821445
        -0.2230250598        0.0241436216        1.3175574718
        -0.0453732853        0.5291019911       -1.1084023341
         0.7006629960       -0.2904278163       -0.9671020813
         0.8142626962        0.1412248720        0.9097225856
         0.0727772881        0.9557554904        0.7692842743
         1.1291660163       -0.4837730467        0.0388732869
        -0.3583556731        1.1502873790       -0.2428652771
         0.1079090302       -0.5828307284        0.4573109319
        -0.6365575027        0.2349746912        0.3163079916
        -0.3223167764       -0.3887081578       -0.5527089363
         0.3876863648        0.3355670465       -0.1006431107
        -1.4225588130        0.6404159084       -0.5792267347
         0.6829215480        0.2351335372        1.3171898058
         1.1849186012       -0.1475470622       -0.5679412495
         0.3643157274       -0.8219800660        1.0105048842
        -0.4656672843        0.5185469940       -1.1476301954
         0.6598256825       -1.0497265512       -0.0749830038
        -0.9938810268       -0.3862952545       -0.7014982586
         0.1794939638        0.9627733844        0.5899073657
        -0.3592332097        0.0427735362        0.9937547811
         0.4444925642        0.7274797326       -0.5152124923
        -0.3838104343       -0.7232385655        0.1826163593
         0.1087780722       -0.3255222202       -0.7271599066
        -0.4919600728        0.3576056252       -0.0519660856
         0.4923646815       -0.0304189984        0.2716447303
        -1.1213953225       -0.2763317790        1.2700557286
         1.1254965069        0.2812763165       -1.0368516428
         0.6892028676        0.4642557195        0.8946421090
         0.9864063668       -0.7441888553       -0.5439840308
         0.1531294552        0.8660758338       -0.8761906472
        -1.1378830664        0.5152328589        0.4786404966
        -1.1100423110       -0.5873492171        0.1949599391
         0.7422631304       -0.6426815742        0.5726922316
         0.1552108764       -0.2470696119       -1.1217342628
        -0.1236935802        0.9512398768        0.2481206874
        -0.0725401695       -0.8060599283       -0.1833017768
        -0.5702856093        0.1678414082       -0.4025660275
        -0.2265825736       -0.0919946837        0.6454131581
         0.5107134292        0.1497536359       -0.1398959626
        -0.1209034296        0.2537827131        1.5533518608
         1.1660939700       -0.5811069876        0.2925908158
        -1.3396661857        0.4069482418        0.1128980231
         0.3348295839        1.1707930769       -0.1767981472
         1.0304874117       -0.4612752537       -0.8442290190
         0.5351953054        0.5499923930       -1.1084228407
        -0.9501680117       -0.2292659341        0.9693024895
         0.2898969633       -1.0349187909       -0.2121097315
        -0.0707332686       -0.3825973824       -1.0413196978
         0.1289792811       -0.4836806040        0.7606640871
        -0.4849518053        0.5597681115       -0.6086179047
        -0.3187601921        0.5550003487        0.5057131776
        -0.6027943302       -0.3977126722       -0.0667749073
         0.4024947080        0.0742727399       -0.1362482057
        -0.0092371143        0.2761557453       -1.4938699439
         0.0224155501       -0.8420860123       -1.2642718928
        -0.9846509760        0.2047333404        1.1328850495
         0.5632537244        1.0967337175        0.5382029590
         0.6159206222       -0.7639097251        0.9202313559
        -1.2645547469       -0.0241958996        0.0564885552
         0.7853303832       -0.1521434681       -0.8492710561
         0.1409198929        0.2485134966        1.1909407721
         0.3006048051        0.8244691631       -0.5510182048
         0.3510358895       -0.9571863128       -0.1852076625
        -0.4032236581        0.6309146383        0.2938258666
        -0.3716328595       -0.4851414657        0.5229751568
         0.5550130884        0.0556999867        0.1947682358
        -0.3011946010       -0.1125572042       -0.5066791907
        -1.0907240822        0.8549092928        0.6263313830
        -0.6716611994       -0.7811036577       -0.7234638662
         0.3911833982       -0.8770878912       -0.9686166586
         1.0204268300        0.0302729579       -0.8323749691
         0.4670053331        0.9690175540       -0.4986953681
        -0.6225855655       -0.0761902333        1.0709927676
        -0.6279022190        0.8406242921       -0.4059437306
         0.4420120600       -0.2566366095        0.9150257418
         1.0219253750        0.3527049410        0.2212863780
         0.8575183638       -0.7329892285        0.0144228505
        -0.2448987830       -0.8794167880        0.3160451521
        -0.9949830187       -0.0851569694        0.0522194920
        -0.0076247170        0.6793985939        0.5101477922
         0.0603082247       -0.0383462540       -0.2973769646
        -0.1678858998       -0.5693099731       -1.3623154619
         0.6247185533        0.6814232234        1.1634397526
         0.8524290609        0.7529472459       -0.6403531011
         0.4086834361       -0.4175989567        1.0765348802
        -0.0574635102       -1.1531808190       -0.4089135990
        -0.9729040411       -0.5291028426        0.5673133152
        -0.9200991448        0.4891745874        0.0465000662
        -0.4148664928        0.3323752272        1.0163047578
        -0.9056351806       -0.4420598482       -0.5476046651
         0.9815171755        0.1336919636        0.2733467692
         0.6790522350       -0.3435989977       -0.6905039853
         0.1228593180        0.8743411970        0.1863208781
        -0.1844086755        0.3894709969       -0.7928355400
        -0.0459968340       -0.1985730042        0.1127659332
        -0.2586705748       -1.3365104247       -0.9648517994
         0.6806243059        1.3134129209       -0.4276792842
         1.3029889325        0.6981808037        0.2960045411
        -1.2425090790        0.1327542561       -0.4059051981
        -0.1900871406        0.1961922106        1.2864692534
        -0.2093398346       -0.8574441137        0.8535178431
        -0.8328743529       -0.8978696829       -0.1157512183
        -0.3418520331        0.8403819685       -0.4998974685
         0.2289921834        0.8863835143        0.4907474173
        -0.3088447345       -0.2286160401       -0.8716899104
         0.6585434752       -0.1480463405        0.6629486775
         0.2898853410       -0.8289538168       -0.1396313144
         0.5715035190        0.2151061819       -0.3788620433
        -0.3483600074        0.0150285627        0.2145805040
        -0.7974422768       -0.3946608268       -1.3660761189
        -0.7220696710       -0.6174421850        1.0999351624
         0.1432368768        1.1355633360       -0.7984650191
         0.4169630864       -0.7226813404        1.1371415763
         0.1539242715        0.1968753815       -1.4212269933
         0.8727042155       -0.7667190241        0.0785727376
        -0.9532988628        0.3342041522        0.5102768403
        -0.0909402496        0.2845175531        1.2366840693
         0.0708008864       -0.6857896180       -0.7312774438
         0.8549536145        0.1907439222        0.6623505698
         0.0216065018        0.8307538691        0.2734509309
        -0.5163495584        0.2849003991       -0.5370330894
         0.6291516716        0.2124114509       -0.4195829257
        -0.0832405059       -0.2826770697        0.2752497036
         1.2865614752        0.6716049592        0.9773958541
        -1.3356687498        0.6846016274       -0.1086987096
        -1.3215791814       -0.2680575592        0.5117441608
        -0.1159219954       -0.0721064708       -1.3156416116
         1.3151879363        0.0447990426        0.0510264052
        -0.0602262268       -1.0298529468       -0.6761890220
         0.7637498747       -0.9548698356        0.1196670898
         0.5328661329        0.8744551105        0.1814232733
        -0.3211560822        0.7922487604       -0.5908813425
         0.5030769791       -0.0955240744        0.7958794833
        -0.3053877111       -0.7360258562        0.3794045185
        -0.8013978251       -0.2163867182       -0.4635262225
        -0.4245061048        0.3735434820        0.4351734544
         0.2844014784       -0.0684295209       -0.2967773311
        -0.6025092855       -0.4992533983        1.4726595688
         1.3205156395        0.4146058183       -0.3576610332
        -0.5606580506        0.6838144638       -0.9730538163
         0.9308598501       -0.4916400639       -0.9512447276
        -0.1644564780       -0.3345675362       -1.2953410877
        -0.2783592215        0.5437190076        1.2261297879
        -1.1489495432        0.0640186474        0.6743680620
         0.9261074810       -0.4689973584        0.1796230811
         0.6085846899        0.5639374076        0.5294619751
         0.0697366173       -0.9211885314       -0.3772066997
        -0.4563774373        0.7506605742        0.1529405781
        -0.7898798679       -0.2069664403       -0.3557874396
        -0.1085956875       -0.2804742005        0.5071952585
         0.2539812936        0.1823316102       -0.4320835072
         1.7817826148        0.2708625624        0.0319295297
        -1.3535849830       -0.2715642706       -0.7109425264
        -0.6125339002       -1.0741965341        0.8386193929
         0.9483515831        1.0169917505        0.0164469161
        -0.7032508135       -1.0933455402       -0.2869674208
         0.1864854792        0.8642974914       -0.8180050661
        -0.8772854441        0.7165393119       -0.4379618678
        -0.1335215154       -0.0933669665        1.1275193594
         0.8953175602        0.0893805551        0.6844336686
         0.8069782657        0.0141193045       -0.4372084910
        -0.8650756316       -0.1544093956        0.2755901522
        -0.2528559952       -0.1565992956       -0.6895260839
         0.1775982708       -0.6208905127        0.2091230647
         0.0015945092        0.4921815395        0.1969493724
         0.9707502368       -0.9073946072        1.0024663848
         0.4704849313        1.0420605846        0.8785165149
         0.0572276318        1.4949643483       -0.0776831592
        -1.2938346360        0.2203847697       -0.1968555119
        -0.7748711321       -0.3536963759       -1.0320216145
        -0.0447507111       -1.1479057958       -0.6089289761
        -0.0250633173       -1.1299297287        0.5398131287
         0.3180367258       -0.1479555495       -0.9661097026
        -0.4902300747        0.6892084838        0.4488209860
         0.7496613624       -0.5872301964       -0.0386243320
        -0.3978620639        0.6594715558       -0.6794600375
         0.2612143260       -0.0638461800        0.8552145792
         0.5135614520        0.4874061752       -0.0757692470
        -0.3143247312       -0.2555374840       -0.0493790128
         1.5191507257       -0.5973855067        0.3608427103
        -0.9045434611        0.7100602220        1.0178026477
        -0.4631923106        0.6330137042       -1.1924544296
        -0.1425819726       -0.0391825184        1.4018253555
        -0.0281882406       -0.4294623190       -1.2655952140
         1.0683140713        0.3786475152        0.0536103667
         0.8529271677       -0.5744830555       -0.5350209818
        -0.9411741901       -0.1991583450       -0.6400617497
        -0.7831140623        0.7895474533       -0.1020645349
        -0.1715097017       -0.9187644635       -0.2670576793
         0.1190007208        0.6712291497        0.5935584604
        -0.6371688881       -0.1804676876        0.4209669672
         0.4367767513       -0.4106166459        0.5156216760
         0.0753033903        0.1670224971       -0.3619735944
         1.5375976475       -0.5990001584        0.3765710695
        -0.3669053513        0.5050938742       -1.4771269503
        -0.6132350250       -0.8610747594        0.9494189075
        -0.3152677653        1.3006454178       -0.6814244348
        -1.0392069727        0.1481544635        0.6243709214
        -0.2453172724       -0.4940789206       -0.9798670036
         0.5079719310       -0.8383616131        0.7363519803
         0.7205962373       -0.6339832546       -0.3826431532
        -0.0365387413        0.0672337876        1.1393113682
        -0.8405036400        0.3406795873       -0.4837264189
         0.7606343851        0.1958495413        0.3809767357
        -0.1830551970        0.7899929849        0.3039414906
         0.3098601260        0.3859905896       -0.6063743280
        -0.1966303620       -0.3071415400        0.1002198156
         1.3602797563       -0.0112595054       -0.4227066046
         0.5349095002       -0.4716362912        1.3429372828
         0.5192526674        0.6704077767        1.2621329527
        -1.3150259767       -0.0684632278       -0.7128192431
        -0.6315370932       -0.9733337475       -0.5435485127
        -0.6568017877        0.8695290477       -0.6739386594
        -0.3696721260        0.0653392427        0.9950975285
        -0.3129307285       -0.0882630553       -1.1868274212
        -0.0444310643       -0.8836901634        0.4567863172
        -0.0694007046        0.9376507231        0.3279189343
         0.4184055316       -0.5984606615       -0.5244446641
         0.4029368525        0.5298590587       -0.6042779399
         0.5846132589        0.0340448847        0.3678957127
        -0.4205980860       -0.0117240815       -0.0842056832
         1.5179639201       -0.4551695541       -0.3764188578
        -1.3956899810        0.5780060426        0.6234839400
        -0.5435376488        1.3219148314        0.5062821233
         0.2973848292       -0.4366774094        1.0825460550
         0.8874811765       -1.0734810536        0.3503602492
         0.7927646987        0.2236106706       -0.9423456936
        -1.1656952410       -0.2981090913       -0.0561489596
        -0.9296885682        0.7562777249       -0.3689447243
         0.5272961705       -0.8428941583       -0.6822690029
         0.1759966386        0.9055766118       -0.2579224277
        -0.1932621949       -0.8238639228        0.1672563630
        -0.2362810706       -0.0547345137       -0.6211332124
         0.6244355739       -0.0364105040        0.1069822000
        -0.3591683030        0.2359543260        0.4682719480
        -1.5760502847       -0.5085583814       -0.0647764459
        -0.6160422992        0.5034205687       -0.6928166478
        -0.7345046126       -0.8828582229        0.5952109045
         0.7406285655        1.0526613164       -0.1344330730
         0.4516686604        0.4718837559       -1.0473841835
         0.4917825539       -0.6176110036       -0.8237488878
        -0.0358437398        0.9189513246        0.6666006802
         0.9371822013        0.3316129132        0.7104297211
         1.2274807966        0.0499240793       -0.3289409596
         0.3344929713       -0.9009656874        0.2481797716
        -0.0126400758       -0.1525968207        1.0109410775
        -0.8392962408        0.1998543284        0.3538903255
        -0.5425220515       -0.5869354902       -0.4464925859
         0.1736635556        0.1212173197       -0.0466596968
         0.6845868603        1.0041596346       -0.5337130526
         0.2860311010       -1.3727117167       -0.2413846059
        -0.4944450878       -0.0032261042        1.3341407054
        -1.0958338011        0.2754740214       -0.7822977454
         0.5776061318        0.0264447930        1.0473137488
         0.9658796513       -0.6548508141        0.2635169249
         0.6763637732       -0.4853518864       -0.7980996525
        -0.0935961482        0.8656810465        0.7561967658
        -0.4107797808        1.0038331685       -0.2935273170
        -0.0233227495        0.3239702399       -1.0756759162
        -0.1172619873       -0.7103657718        0.5593788358
        -0.4114107787       -0.5564514831       -0.5101779161
        -0.8025997666        0.1299598355        0.2795042811
         0.2587825824        0.1534350369       -0.0051750562
        -0.1404926488       -0.1315680028       -1.3154343173
        -0.7800490331        0.5043655524        1.1090819899
         1.1808644420        0.7224355076        0.0931596199
         0.2960427757       -1.2982572281        0.3897684600
        -1.1687860907       -0.0667700777        0.2347916534
        -0.7263005945        0.9437468003        0.0864622049
        -0.6239381823       -0.9582890528       -0.1429620496
         0.2498226119        1.0371436505       -0.4358630777
         0.3655855485       -0.8602185713       -0.6288100153
         0.8043269410        0.1417477890       -0.7758843699
        -0.2395583470       -0.4015183399        0.7611237219
         0.2066197195        0.6174313674        0.6115564545
         0.7502506907       -0.2911468887        0.2546102918
        -0.1743878329        0.0408974940       -0.2416005665
        -0.0131361201        0.6850250240        1.6619130168
         1.1144568002        0.0843784297       -1.0048288109
         0.2500214642       -0.6015996247       -1.3107081931
        -0.3417660174       -0.3378397274        1.3465184709
        -0.2056994086       -1.1385329710       -0.3940303961
        -0.7975482984        0.5787883979        0.8731087536
         0.6990677691        0.8331003960       -0.2460640517
         0.3159831066       -0.8325154934        0.5835597491
         0.1009315620        0.5102874988       -1.1488632668
        -0.6767944843       -0.2118627032       -0.8211011806
        -0.4013924063        0.6570731618       -0.1670280103
         0.2611192793        0.2986101389        0.6583492392
        -0.6213721761       -0.3367859977        0.2747623098
         0.3161289299       -0.1881265297       -0.3055876297
        -1.1052835166        1.3236204106       -0.5092150249
         1.5685606638       -0.4229489552        0.2961584005
         1.0534709370        0.2712320858        1.0195252930
        -0.7892536625        0.3608903650       -0.9828124756
        -1.0700825812       -0.5826370395       -0.4040483109
        -0.1341949004       -1.2035352625       -0.1347441737
         0.8303450573       -0.7030060770       -0.5031540132
        -0.0672068142        0.9599058882       -0.3250505506
        -0.6047923366       -0.5092225254        0.6113002490
         0.8594131951        0.3508062115       -0.0718900457
        -0.9609746006        0.4143610890        0.1144278917
         0.0086660565        0.4308184289        0.6545195935
         0.4954735164       -0.5604551283        0.5401609198
        -0.0841410140       -0.1298294910       -0.3051777527
         0.4060249571        1.1540914696        1.3123431917
        -0.4915842363       -1.3302553794        0.1668214011
        -1.0616213046        0.5773939851        0.0392852856
        -0.5666593511       -0.9809980006       -0.9285367623
        -0.8875422978        0.1316499544       -0.9955008705
         0.9304807892        0.2292582405        0.9617520262
         0.7163971054        1.0827761188        0.2410135174
         0.4185449062       -1.0044181780       -0.3723289645
         0.1855863215       -0.1619247400       -1.0685544169
         0.2555932414       -0.6330927729        0.6897091795
        -0.0875940190        0.7374103836       -0.4630309997
        -0.1069783264        0.4456578679        0.6290710172
         0.6793836292        0.0315315017       -0.0941660503
        -0.3900314148       -0.2790804508       -0.1178775546
         1.3207853948       -0.6361657907       -0.3497368303
         0.2256529864       -0.2717964034        1.2869769935
        -1.4087881402        0.0944456317       -0.0318039492
        -0.9000045238        1.0848215230        0.0881454079
        -0.8594702810        0.5505371180       -0.8999989142
         1.1394566160        0.4799635121       -0.2001871831
         0.3028505330       -1.1485372262       -0.3974230188
         0.4895745776        0.6997889974        0.7369970782
        -0.3466056653       -0.9278828193        0.5398616375
         0.4925046278       -0.1440681022       -0.8995188733
        -0.4926041834        0.1825700666        0.5820451829
         0.0442673180        0.6459380375       -0.2756639071
        -0.4662459744       -0.3478047652       -0.3960210475
         0.4586267144       -0.2618097794        0.2163274236
        -1.3067540409        0.9269917712       -0.4364169432
        -0.3482928996       -0.6879213547       -1.1823095567
         0.6166807550       -0.0377416485        1.2540648290
         1.3215660715       -0.0844959482       -0.4807126995
         0.6874515696       -0.9866798009       -0.7742970858
        -1.0785309638        0.5304303880        0.5867753483
        -0.0594151436        0.8512729239        1.0140985765
        -0.2235913117       -0.9961970041       -0.1278846094
        -0.8642202289       -0.0900225797       -0.3556162767
         0.7467809432       -0.6272703250        0.2925871150
         0.7356403639        0.4987784274        0.2950857905
        -0.2566306860        0.8454257714       -0.0828256839
         0.2229809012       -0.0309614586       -0.5164836847
        -0.1936653300       -0.1116091622        0.5139348805
        -0.4697675598        0.7490080273       -1.1809774761
        -0.8084056000       -0.9569764679       -0.5836053874
         0.2410142606        0.4497883182        1.2005523749
        -0.3812503337        1.0804890583       -0.0935141470
        -0.0782025728       -0.6191700352        1.1377552338
        -0.8888676760       -0.5517894968        0.4310285654
         0.9244617370        0.6781065960        0.3487093955
         0.8896127196       -0.3603584396        0.7376122775
         0.9349679146       -0.2465960262       -0.3389405934
         0.4938274377        0.7111350037       -0.6561630223
        -0.9519165742        0.1582914065       -0.3928372981
         0.1285845199       -0.9512095929        0.0554202015
        -0.0302510821       -0.2416609885       -0.8584241806
        -0.0038071907        0.1009426372        0.1933840563
         1.3535657490        0.4898363233        0.9484238161
        -0.9649640013       -0.7937533241       -0.9389776018
         0.0518442371        1.2281919721       -0.7314941034
         0.3002693739       -1.1932165414        0.4360958375
        -0.8013281230       -1.1806560908        0.1348162964
         0.2431456678        0.5726375070        1.0505832898
         0.7777907543        0.9734966658        0.1222901440
        -0.5204325722        0.2648442822       -0.9779969772
        -1.0920951982       -0.1213141675       -0.0721055218
         0.5887104775        0.2626331745       -0.7177613582
        -0.3412651786       -0.3427834304        0.7309668445
         0.6852796695       -0.1359783918        0.3216160738
        -0.0754192459       -0.5274125928       -0.3565624900
        -0.2051016099        0.5034746139        0.0501057501
         0.9747874740       -1.1487725378        0.0546530360
         0.2315065127        0.6721703821       -0.9952241412
         0.3568895997        0.8634613125        0.7892678580
        -0.0720432560        1.3204598519       -0.1364864563
         0.0420812205       -0.9999044709        0.6478359130
        -0.0330745789       -1.1145660461       -0.4218053337
        -0.8522184862        0.6393535365       -0.5631448684
        -0.7755583382        0.7563102273        0.5279067509
        -0.3735510972       -0.2506888139       -0.9650248836
        -0.2327885267       -0.0359341478        1.0383528140
         0.7209971853       -0.3108354915       -0.6324420054
         0.8060376855       -0.1810932994        0.5778814744
        -0.8083491766       -0.4318981512        0.1030946154
         0.0152837821        0.2219376484       -0.0248647731
         0.3499352512       -1.2699251486       -0.7140761274
        -0.7177788933       -0.4536389889        1.0150586605
        -0.7373966985        0.6165219370       -0.8628527871
        -0.3655212146        1.3088562504       -0.0806144540
         0.4598406390        1.0045806917        0.6095346736
         1.1188663636        0.2988971864        0.0826183466
         0.9096056257       -0.7768445082        0.1319594763
         0.7191204425       -0.2314026300       -0.8225718704
        -0.3795682724       -0.4319889516       -0.8985113710
        -0.5530343276        0.5955203420        0.7467794557
        -1.0056190672       -0.0642076160       -0.0189940566
         0.3433937062       -0.0944742699        0.8324714397
        -0.1785178176       -0.7801295268        0.1225411207
         0.0366742630        0.2782352326       -0.1433425066
         1.2154353824       -0.6121212594        0.4976469762
         0.2942490863        1.4028684727        0.2121453328
        -0.1605800669       -1.2643146713        0.4065286659
        -1.0893650825        0.7672964111        0.1186719596
         0.9162387056        0.3200422471       -0.6975255337
        -0.5430224013       -0.9489736830       -0.5979556259
        -1.0012750040        0.0534015166       -0.7399810488
         0.0109144448       -0.1603622073       -1.1670070603
        -0.2348993215        0.6210649423        0.8096084496
         0.2216737730       -0.3776365198        0.9511133433
         0.7700775376        0.4080324569        0.3950812193
        -0.6506206197       -0.2590337493        0.2710753195
         0.3512815545       -0.4688134984       -0.1597518152
        -0.1001079883        0.5185495417       -0.2996501822
         0.9089106625        0.8689435516        0.6403116248
        -0.5897647586       -1.2392737309        0.1083696996
         0.9482499709       -0.6031883559       -0.8264177415
         0.3483038665        0.2352815102       -1.2536482716
        -1.1965185598       -0.3499823066       -0.2431206731
        -1.0089581303        0.6306309475        0.3855788755
         0.6656131178       -0.1733922910        0.9052705623
        -0.1032579310        0.6128652280        1.0786217250
        -0.0246713726        1.1214168658        0.1104186680
         0.4952461149       -0.9330003202        0.1313458956
        -0.5023305784        0.4378687532       -0.5769096200
        -0.1607987964       -0.5847436904       -0.6775411325
         0.5312593275        0.1834922735       -0.1602132075
        -0.3112829331       -0.2069184348        0.3779335955
        -1.5314652241        0.0057470071        0.1643764452
         1.1890468114        0.8152973157        0.6112756426
         0.8970158057       -0.6605450398       -0.5535412119
        -0.1353289299       -0.7073342766       -0.9499579011
         1.1021035474        0.4088632592       -0.4089934971
         0.3264790730        1.1220412330       -0.0516459020
        -0.9416121162       -0.8587010304       -0.2158789021
        -0.8652868732        0.1253045822       -0.7247189936
        -0.6985068604        0.7412918182        0.1927390161
         0.1039161556       -1.0039072994        0.1329032610
         0.1619571351        0.5028157314        0.8546457146
         0.8780220906       -0.2608645089        0.4904720911
        -0.5674792200       -0.2823634837        0.6431563539
         0.0811386051        0.0523546921       -0.1848321167
         0.7787534682        1.0487798341       -0.2051900409
         0.0995449883        1.1124979638        0.7077698309
        -0.5972134959        0.1696376039       -1.1675008269
        -1.2764219760        0.2333557336       -0.2545409551
         1.1980421961       -0.4357550267       -0.2159655276
         0.3878722004       -0.9533943847       -0.7825745711
         0.1117793956       -0.3338501827        1.2441374836
        -0.6983906002       -0.8514895408        0.6775284402
         0.3710478663       -0.9559247962        0.3427627076
        -0.6214052475        0.2577171090        0.6530770594
         0.4607414926        0.1561984024       -0.8014933384
        -0.2972281460        0.7657442087       -0.2745703003
        -0.3541497738       -0.3595107035       -0.2383830732
         0.4370276318        0.1459937792        0.3149431118
        -0.8934230242        1.2514124338       -0.5931767503
        -1.2168771840        0.2365141583       -1.0062235679
         0.9666711640       -1.3363515916        0.0645340327
         1.4522164337       -0.3454802038       -0.1799251746
         0.4399591906        0.5706762340        1.0939204888
        -0.0890915557       -1.1315122802        0.3996181774
        -1.1301866600        0.4080184265        0.0848704982
        -0.2202680990        1.0517091802        0.2985122531
        -0.7426351651       -0.5630177640       -0.3562814580
         0.7704368934       -0.4400755062        0.6913790363
         0.7050969194        0.4637678180        0.0264321007
         0.3757069135       -0.5142577729       -0.3843069273
        -0.2078073298        0.3879680965       -0.5888002235
        -0.2097984968       -0.0393712287        0.4494475141
         0.9605438680        1.3764503880       -0.6726878844
        -0.8272958605        0.1306868427        1.2507063540
        -1.2079047078       -0.4956463943       -0.5132808730
         0.6037365116       -0.8299066734       -0.8277591747
        -1.1242964291       -0.7690835868        0.5934049831
         1.1062144073        0.6965791528        0.2032894797
         0.8652592885        0.2781985888       -0.8463885021
        -0.0670035498       -0.5962232193        0.9137962767
         0.1787522025        0.5135994818        0.8505036618
        -0.2789207514       -0.9540156671       -0.1279123614
         0.0984011027        0.8253558000       -0.2368670621
        -0.2030936771       -0.0734637360       -0.8303537927
        -0.5883068140        0.0899512476        0.1818357193
         0.4839144093       -0.1924822248        0.0617131757
