        0.0000000000      -34.6022075800
        1.9226140800      -34.2706748100
        7.1142451160      -35.3503472300
        7.1142451160      -35.3503472300
        8.8914844430      -34.5885397200
       10.6810436000      -35.3503472300
       10.6810436000      -35.3503472300
       17.1762858460      -35.0747126000
       23.2003273100      -36.1555293800
       23.2003273100      -36.1555293800
       31.1791074900      -33.5205243100
       38.0616481100      -35.3093212100
       38.0616481100      -35.3093212100
       44.5031115240      -31.2736332300
       51.0389383600      -37.1738336500
       51.0389383600      -37.1738336500
       62.7913798500      -33.6176190700
       77.4443513400      -37.9728100100
       77.4443513400      -37.9728100100
       79.2226256430      -37.2050442800
       80.9949552000      -37.9728100100
       80.9949552000      -37.9728100100
       85.7467925110      -37.5226723800
       89.1306848350      -37.9782296600
       89.1306848350      -37.9782296600
       98.1138271000      -33.6627076700
      108.0692286050      -41.7229924000
      108.0692286050      -41.7229924000
      109.8293305310      -41.3604830200
      111.6350040850      -41.7229924000
