      3.80078441730763438855      0.68606267174127844033     -3.22821691680962663540
      2.92339721976149702343      0.06674203720273132190     -3.04449383068235324146
      3.04912098452376945090     -0.89497637943565477858     -3.54138627527673710560
      2.04062723566055392865      0.56679294076677078085     -3.44174516562920684848
      2.75779604062032968059     -0.14163181834562124650     -1.55116363872799745138
      2.76682574023890692771     -1.27356644778673389062     -1.06961651689032422041
      2.58056834696911430171      0.95015932460925245362     -0.80751060800396656791
      2.56220639879920231152      1.84688846701454978394     -1.27607780139461768343
      2.46508877386583913349      0.92647336658123968789      0.66659363029583063032
      3.27046591660107699440      0.31210264654365238446      1.07205733030482686097
      2.63470247557673387107      2.34422294793150953751      1.24000929373802470934
      1.88451707359601150493      3.00613767109902951802      0.80221295461966513063
      2.46657996735861217985      2.30913970941876112164      2.31799506796781740192
      3.94278305502412118599      2.86700426158122612108      1.00863078078374956981
      4.07020613503302897129      3.03372518024909076928      0.04942748963785611321
      1.14721438556887012084      0.30589038093841253163      1.17900339429396439073
      1.02825699783665536202     -0.01453207931092788396      2.36483779934206772566
      0.16560371428518508297      0.08374972185434738370      0.29318848063340935406
      0.31876975452016398371      0.38668426244121439916     -0.65988934494807938158
     -1.09659234934887384050     -0.61407949156402286128      0.59447665298337393214
     -1.40147830126670092099     -0.37027364189601963407      1.61393597009585709756
     -2.19144747534398742772     -0.10414713539311207247     -0.36555826200135699278
     -1.87390465804088357515     -0.27252226846485194667     -1.39669942849123507322
     -3.09993021840263116573     -0.68204267350602454378     -0.19091686134039603795
     -2.51067075677125695066      1.38950763978738622839     -0.16390913260520220684
     -2.84700446762539893797      1.55279693004750618535      0.86031303553794380434
     -1.60319969473143575378      1.97520501660571645708     -0.31484807093164457470
     -3.57234782183234811370      1.91289490080501356495     -1.14733996366762425190
     -3.20142782843248374647      1.76123407538693266261     -2.16281193276005767601
     -3.68430527667558260774      2.98907664857852317652     -1.00209616320344796492
     -4.95349170778315972541      1.24240112926861745457     -1.03269457387557883621
     -4.84048358657817701101      0.16073376982487488918     -1.15010530816774636520
     -5.57209459160018294455      1.59525052002952438812     -1.86370197554259320327
     -5.64041462234706347800      1.55205728522099040134      0.25216871822451913943
     -6.55811124018350000142      1.12727282647115667480      0.27948512985414908361
     -5.76438288031299261860      2.54891662221972969959      0.36865596396292932280
     -5.12085661360582022894      1.20442645466538711396      1.04630521637266782342
     -0.97438514672210163603     -2.15725735307994348489      0.54560817426884167247
     -1.91805515320841557525     -2.86162259557470344262      0.92083536323978576466
      0.17004298786277624589     -2.69182953206790909206      0.09785136536349313408
      0.90010258931857412001     -2.05141685622131264566     -0.18788266336474912510
      0.44482086145420429713     -4.12204961294929006499     -0.00815739826992384690
     -0.27742986589693774402     -4.59265323302341865741     -0.67754879520216404476
      0.37874337393295193221     -4.58908266446199419875      0.97606736589028220141
      1.44902401673326552967     -4.27562983625150394573     -0.40636124446392224430
