     -1.41979500207392606015     -1.42770921381446069809     -3.26541028631697649587
     -2.31465090985237953447     -0.82676844396388193825     -3.10680152340794490939
     -2.34371152930779569346     -0.01983830994796135366     -3.83866317128119982627
     -3.19591046770878195460     -1.45616384322363501269     -3.22692715988790945758
     -2.29488455774831745515     -0.25067176688240355720     -1.70357650213921574256
     -2.31000431005786044381      0.96603761988754965895     -1.52353971595918458171
     -2.24436272000308267849     -1.12272042092958468373     -0.69809369176676516755
     -2.28031206695897337156     -2.10966531308874838402     -0.91890437467670571525
     -2.34391457436386652091     -0.75840992412168917181      0.72966218548461236892
     -3.24964451540194199097     -0.16878383505748176252      0.87750922182844814934
     -2.47351968116052844948     -2.03276274923456545807      1.58135512010959100593
     -1.54110710302258646642     -2.59786255001343890925      1.51814347761272805393
     -2.63499514134233159268     -1.74906614060627774165      2.62339755552671238803
     -3.55492586475239358279     -2.85348824057399186316      1.14175908532535919093
     -3.61631025150510243549     -3.64308870664287631769      1.72416136398720598599
     -1.16825683776618083343      0.09093420514222597117      1.25864906072201465648
     -1.27746345882654788184      0.70975455471471127211      2.32084999169357519833
     -0.05398038630415941813      0.16489451920577496979      0.51629081102330021125
     -0.02674730352057936439     -0.37420559198714420379     -0.33921818903790723621
      1.10794650304556552278      1.01506439690650118735      0.83080587475452116752
      1.21222751819174501264      1.08286531605342695173      1.91529543750752528908
      2.38387810106129149901      0.34989302068716432448      0.27480856849915641371
      2.28349495263983204296      0.22575513681466119476     -0.80476370251205486817
      3.23158824393901156213      1.01094379491838814999      0.46528046960535135446
      2.67659548859617579808     -1.01017348272705187462      0.93597175247662378617
      2.65156637149851137636     -0.88382582687283617329      2.01937811322852622808
      1.90362423527351998231     -1.72924221145730006022      0.66395427507156812297
      4.05790236699118000985     -1.57245197384940516017      0.55664954698913304831
      4.81705421853577320235     -0.85451149395094050387      0.87293280353905178259
      4.23052088102841228334     -2.49222202440455609107      1.11880054844683773929
      4.25370294744654042773     -1.85069042167931518961     -0.94455851218528608104
      5.31161719399610898762     -2.07526222343611976839     -1.11256758049231918584
      4.02070605392670810119     -0.94546378949727116758     -1.51293015843953315702
      3.43101177873397400475     -2.99307134480007208666     -1.43130625853243009793
      3.65076828860003210764     -3.84143099004802257568     -0.92638510430549814156
      2.44214345519444542276     -2.81266706205066174817     -1.32798396032621268681
      3.60817264669331505544     -3.17006009115117226571     -2.41156751946057745783
      0.96290495229862427262      2.47378610176039304136      0.33177466038934794179
      1.80899889895788335004      3.31861586378636630457      0.64484930579500365777
     -0.09459306911992811095      2.78502494515936316333     -0.42978439225636677623
     -0.74962599151359410321      2.04161880823478103508     -0.64215046312482071400
     -0.37642013840511429068      4.10977575100638770067     -0.97527561804225992859
     -0.49677090861723599557      4.82992369533369547696     -0.16406960846875695559
     -1.29669812242490611887      4.07845301844660568236     -1.56062195881175047596
      0.44326318734967512514      4.43020227822312673283     -1.62072802806993609970
