      2.75086285643644989918      2.26819214490008436158     -3.19596748646546968686
      2.10722357030175455606      1.39845737408620029996     -3.06759846600468177868
      2.36369076300802882784      0.64527502247973045346     -3.81228166068392226862
      1.06803253509495355011      1.69841771075085823384     -3.19837011110472513309
      2.29871279145985552006      0.83229309982237165144     -1.67347081168802813700
      2.68145938710395759230     -0.32529071575389983950     -1.51078528475150575261
      2.01306952800205252174      1.63899281375024274965     -0.65323317954710313771
      1.68348748730529429452      2.57586582842772804369     -0.85095156561000506734
      2.19978375190919051008      1.28480249933138956919      0.76697488066667562912
      3.20202987890611101562      0.87075394750434864655      0.89002837567488568560
      2.12803854649458479287      2.56149645535626779846      1.62460684626472073866
      2.22405168095227745440      2.30083037832974079961      2.68067785272141456687
      2.97553548380054966316      3.19634146338768365680      1.35970452139413433557
      0.92596338603207806184      3.30307239633589899697      1.41126457540544847369
      0.20077701897897082262      2.91281400971720438875      1.94623207580540058537
      1.22438761894311221035      0.20766000032936438036      1.28948824867522326976
      1.44123209203716151627     -0.35953461386775781294      2.36421932257851485915
      0.17841824667033573393     -0.12671561335370107315      0.51966115181965077952
      0.04917205006578354021      0.39115418126054180004     -0.33938927274665114941
     -0.75368537602731999758     -1.23224279180355411611      0.80347721008426387090
     -0.87348932473238294349     -1.32498698543722226439      1.88447915693080392252
     -2.13342975135998402791     -0.89520778547006207848      0.20145290003227792064
     -2.02861169140863273341     -0.74096292631370463955     -0.87378992743259920051
     -2.79965910831460096375     -1.74521379474689464217      0.36112319327479086573
     -2.77361627785761122311      0.34558442816043177803      0.85167594460361306652
     -2.76510958710006793382      0.21474744376722226802      1.93480425617556361928
     -2.18627055424327254585      1.23309992551228320146      0.61580699443620090516
     -4.23222327965320133103      0.56328131943992187924      0.41225188437863136137
     -4.80713130702173696562     -0.32387949499485713112      0.68465623749744641824
     -4.64820056117018420849      1.40174146684771017135      0.97414589387738537152
     -4.42225911979792041251      0.81781272188315379257     -1.09386607750251241278
     -5.49424384522029285449      0.78122268171343445253     -1.31146226665296961045
     -3.94931044123488916853      0.00943322709116818474     -1.65917097504882016246
     -3.88281492746732759258      2.13673782460011851825     -1.52773291662048049666
     -4.32759393729174668408      2.89462776433130342113     -1.02702469248087946418
     -4.05125316076724573122      2.28588681654182623859     -2.51413696446269296914
     -2.88600174167611100984      2.20153211025948447599     -1.37510341347975573179
     -0.24341621653491726796     -2.61111338035893236764      0.31712496033328879674
     -0.86477666947943310216     -3.63743315333302952297      0.61402567327610402259
      0.87753241243580970554     -2.65353160036510704600     -0.41607929753446554200
      1.33551888272143948200     -1.77285304483869876613     -0.61583513747170748331
      1.48882251600716641882     -3.86883955577571603257     -0.94668666983936344828
      2.38816702626710375412     -3.61327749518235918913     -1.50920627845928057020
      1.76085560671500318541     -4.53801208624645546763     -0.12853197015579323481
      0.78916274684963805264     -4.37989102626005522012     -1.61037717671722524493
