     -4.52905972773612042204     -0.07756376404326340013     -2.52569317940968396385
     -3.59515867252365728390      0.48311564068090073754     -2.50072606233226313321
     -3.78953967755839826737      1.52226792432308699610     -2.76518736364870809652
     -2.89763416848260346725      0.05118721559960835027     -3.21771182219723872464
     -2.99938761767884098930      0.40754603671808470322     -1.10761615035096183668
     -2.80066444929951607890      1.42976017424817869461     -0.45273499148717782914
     -2.69412239634396799559     -0.80594960507422219731     -0.65128772620281805139
     -2.92459053448640116102     -1.60534148687791233812     -1.22734106121829378289
     -2.21526805049206032550     -1.08921140127347770843      0.71683194124579840967
     -2.92165919873038415489     -0.66263858382914209155      1.43020446603733164537
     -2.17911180620946476338     -2.60960334965075624325      0.94806154990155400153
     -1.41500705689064631976     -3.04830153770819167747      0.30268009361917669331
     -1.90659435877968230777     -2.80491019269453234486      1.98729544588677620176
     -3.44010756826252039886     -3.21603379637713349126      0.66813708117437398126
     -3.37932450640260162444     -4.18089990574554626335      0.84636644761584389762
     -0.83117744372075919035     -0.49057079820719506902      1.04731615899644325829
     -0.45800382132405742519     -0.39441397232792074767      2.21960027359899614297
     -0.07313649067093913603     -0.05027356427258645316      0.03317542336780630874
     -0.43258914691101302274     -0.17243839247333328513     -0.90487150261695492581
      1.22159453124822325876      0.63479849825396239549      0.18539720059806971686
      1.72916227104339870202      0.23989559421217937496      1.06645662138912089567
      2.09190491683041868143      0.33777915356955068305     -1.05540632194982775260
      1.60866617076007956122      0.77441681581427690428     -1.93173960892006424395
      3.05536931988675330985      0.83645372160542919016     -0.93962308988243936625
      2.34273793029526400389     -1.15666365809791016339     -1.34433515747749776637
      1.39354040709520932140     -1.63463185582719372491     -1.58962027571873432130
      2.97245260705056679740     -1.23212704003806106101     -2.23119278148842692389
      2.99836507394530160653     -1.94882343261412316338     -0.19760123450558234048
      2.31649758353635437658     -1.96317696814259923244      0.65409396058597868429
      3.12491279799613819179     -2.98486175349217530695     -0.51774796633153519210
      4.35684660258690392709     -1.39637178900356784261      0.27114236883845288517
      4.65641612320361097943     -1.94633799673458662838      1.16885067571427181399
      4.24168411589258731453     -0.34658217786381001480      0.55670122643638819682
      5.42101837121329221958     -1.53346590338786570307     -0.76227050055405132234
      5.55144427194146050653     -2.50109482374457936515     -1.02582434835317637400
      5.20092611621330913607     -1.00738648018333432077     -1.59686439931219004151
      6.30711518034585072456     -1.19279753242469466201     -0.41261991340878201306
      1.09173272512068408879      2.15802283259974103657      0.43072980112545633524
      2.09634125708142082800      2.82345528163050563109      0.70472277713443831626
     -0.12289862715077386202      2.71676581955377294264      0.34483250357526762375
     -0.89994572345265277935      2.10697507512617621117      0.11840717189559432643
     -0.41285621136016142918      4.13298407207215046100      0.55029741573946056032
     -0.12868587858918381639      4.42969017261272846042      1.56142379043959045326
     -1.48043706411320097338      4.31331709997071133245      0.41505302189715453931
      0.14234311819442699298      4.73641078492736244954     -0.16998923935458126744
