     -3.71261643048794587330     -2.08105459548137217141     -2.58646232355823579852
     -3.15071261734950125444     -1.14757895460406733612     -2.58803190585163234161
     -3.78521478995086280150     -0.34352385097146459492     -2.96013277656772233470
     -2.28135887677982385213     -1.25274452750336329210     -3.23633236706831040053
     -2.69310415173231421093     -0.83304616658032293319     -1.17648911267252698210
     -3.03995751117709955835      0.20769564271279220002     -0.62010460359948826881
     -1.89419378888886735801     -1.72471292149247146241     -0.59259470631881783209
     -1.67945766218093117672     -2.57664111976218723754     -1.09563496978105345825
     -1.43698080868673194743     -1.64618294534965947662      0.80930982261850692439
     -2.30805223948802762379     -1.52763733052640482413      1.45552165532284338845
     -0.73329849386313039616     -2.95960412329971722656      1.19670088635190086102
      0.20448858012077239521     -3.02875090905039323630      0.64214769668737492481
     -0.49652186528855862813     -2.94225924673243133256      2.26262304092959531943
     -1.52412398466550591536     -4.11154604247562538433      0.90175691787195055849
     -2.28828635684542902595     -4.15110092496766913683      1.51865976442229233534
     -0.49973809905402954978     -0.45605969375604521465      1.10941996951362553681
     -0.27997612290127715795     -0.11542234961565399354      2.27480170329581010691
      0.02975034670203275874      0.21150953362035704308      0.07419839845485333429
     -0.17877285115010399519     -0.12753536499838677432     -0.85624412053411746992
      0.83367867616734137037      1.44021475422501210595      0.19068500431236537485
      1.44492418029805147484      1.38078280945278120129      1.09214855149057687989
      1.77104973093570561282      1.54222192645880307182     -1.03171729475775464380
      1.16226780421832054380      1.62731670636329384116     -1.93392997375438269181
      2.35836004786217978690      2.45859281003721452663     -0.94815772717867141672
      2.74900115822686386124      0.36667466720594843466     -1.21891562279346499231
      2.18548196274189754362     -0.55155192349177606381     -1.38604632027264740302
      3.34082217723629781858      0.56492290653186838512     -2.11383370233269252125
      3.70589646874072542460      0.17744944992820343987     -0.02894512793551614824
      4.16014904949700614623      1.14149685580380944039      0.20817098082851273610
      3.15096525557994855404     -0.16153173042815521798      0.84763202822534544634
      4.83897544877236107652     -0.81677646173094875515     -0.33517421577707895430
      5.35632116040358940978     -0.49387746182329012035     -1.24390857860396497614
      5.56212869442700785783     -0.77455595506926711025      0.48520298986859577983
      4.35744094090089184590     -2.21739324353058364636     -0.49277239020267293856
      3.88694035843332796887     -2.53939334690110207760      0.34232653456238676393
      3.71983435494184266901     -2.30547718489210762272     -1.27218219311320335230
      5.13295541663215360018     -2.84403698028287177380     -0.66428339436779448857
     -0.01637564843746648971      2.72449916459160457194      0.35023537845094915300
      0.53525463677702922460      3.79641248379412399316      0.62253990833043670872
     -1.34407215948324476607      2.63459379589072417716      0.19447613668294777556
     -1.72550536173510415949      1.72238308402827056121     -0.02723600732540952182
     -2.28140967390444959761      3.74745858569834977558      0.31594688984493723982
     -2.22725988819667097829      4.17364926091737409308      1.31922937357745606590
     -3.29774403467454879646      3.39382057749157262094      0.13559441826955878629
     -2.04025542057140896191      4.52058129086594107093     -0.41569235329640913390
