         1  1000000.0000000000
         2       53.0261971479
         3       53.7651321215
         4       56.6547664181
         5       53.0261974547
         6       55.9434622058
         7       55.9434618471
         8       53.2798491754
         9       53.2798493881
        10       53.1495391241
        11       52.9748841114
        12       55.9973762437
        13       52.8876375225
        14      121.6486932444
        15       52.8876372327
        16       52.8876371916
        17       52.8876377009
        18       51.6621160149
        19       51.7018659107
        20       51.7018661339
        21       52.0173477118
        22       52.0173480146
        23       54.5156456432
        24       51.6621162312
        25       51.6621159164
        26       53.7377130093
        27       51.6621162869
        28       51.7018657281
        29       51.7018657821
        30       54.7738127851
        31       51.7897013576
        32       51.7897014372
        33       52.7798973104
        34  1000000.0000000000
        35       55.5331816103
        36       52.5565706026
        37       51.7897012752
        38       51.7897008786
        39       51.7897014623
        40       54.2606723984
        41       52.5565697294
        42       53.1301120287
        43  1000000.0000000000
        44       54.1205243236
        45       55.4080854715
        46       51.7897013259
        47       55.5331858948
        48       51.7897010850
        49       55.5331814401
        50       51.7897038429
        51       53.1301150770
        52       51.7897041773
        53       51.0054132031
        54       54.0330413175
        55       54.0330405275
        56       52.9287523114
        57       51.0054132550
        58       50.9510579482
