       Quench         Potential energy     Harmonic term        Free energy        Markov energy            Time        
 ------------------  ------------------  ------------------  ------------------  ------------------  ------------------ 
           0          -69.029146193808    121.438812526467     52.409666332659  ******************                 0.2
           2          -68.413036332963    121.439233480901     53.026197147938     52.409666332659                 0.3
           3          -67.645916314469    121.411048435983     53.765132121514     53.026197147938                 0.4
           4          -64.509397486731    121.164163904801     56.654766418070     53.026197147938                 0.6
           5          -68.413036332964    121.439233787634     53.026197454670     53.026197147938                 0.7
           6          -65.443410162350    121.386872368122     55.943462205772     53.026197454670                 0.8
           7          -65.443410162350    121.386872009496     55.943461847146     53.026197454670                 1.0
           8          -68.280528305822    121.560377481223     53.279849175401     53.026197454670                 1.1
           9          -68.280528305823    121.560377693960     53.279849388138     53.279849175401                 1.2
          10          -68.212994721918    121.362533846008     53.149539124089     53.279849388138                 1.4
          11          -68.376604543638    121.351488655086     52.974884111447     53.149539124089                 1.5
          12          -65.358284203769    121.355660447444     55.997376243675     52.974884111447                 1.7
          13          -68.931565958838    121.819203481345     52.887637522507     52.974884111447                 1.8
          14            0.506675865490    121.142017378941    121.648693244430     52.887637522507                 2.0
          15          -68.931565958838    121.819203191491     52.887637232653     52.887637522507                 2.1
          16          -68.931565958838    121.819203150468     52.887637191630     52.887637232653                 2.2
          17          -68.931565958838    121.819203659788     52.887637700949     52.887637191630                 2.4
          18          -69.454336154514    121.116452169461     51.662116014947     52.887637700949                 2.6
          19          -69.591430265579    121.293296176248     51.701865910669     51.662116014947                 2.7
          20          -69.591430265579    121.293296399507     51.701866133928     51.701865910669                 2.8
          21          -69.292991555166    121.310339266955     52.017347711789     51.701866133928                 3.0
          22          -69.292991555166    121.310339569721     52.017348014556     52.017347711789                 3.1
          23          -66.522813452764    121.038459095939     54.515645643175     52.017348014556                 3.2
          24          -69.454336154514    121.116452385720     51.662116231206     52.017348014556                 3.4
          25          -69.454336154514    121.116452070904     51.662115916389     51.662116231206                 3.5
          26          -66.775240496382    120.512953505673     53.737713009291     51.662115916389                 3.7
          27          -69.454336154514    121.116452441407     51.662116286893     51.662115916389                 3.8
          28          -69.591430265579    121.293295993651     51.701865728072     51.662116286893                 3.9
          29          -69.591430265580    121.293296047636     51.701865782056     51.701865728072                 4.1
          30          -66.527549139808    121.301361924868     54.773812785060     51.701865782056                 4.2
          31          -69.515434565484    121.305135923057     51.789701357573     51.701865782056                 4.3
          32          -69.515434565485    121.305136002673     51.789701437188     51.789701357573                 4.5
          33          -68.609490987997    121.389388298407     52.779897310410     51.789701437188                 4.6
          35          -65.700658923333    121.233840533676     55.533181610343     51.789701437188                 4.8
          36          -68.712323263145    121.268893865732     52.556570602586     51.789701437188                 4.9
          37          -69.515434565485    121.305135840708     51.789701275223     51.789701437188                 5.0
          38          -69.515434565485    121.305135444047     51.789700878562     51.789701275223                 5.2
          39          -69.515434565486    121.305136027830     51.789701462344     51.789700878562                 5.3
          40          -66.853909018831    121.114581417246     54.260672398415     51.789701462344                 5.5
          41          -68.712323263146    121.268892992527     52.556569729381     51.789701462344                 5.6
          42          -67.896044778582    121.026156807272     53.130112028690     51.789701462344                 5.7
          44          -66.993738510585    121.114262834178     54.120524323592     51.789701462344                 5.9
          45          -65.689301735284    121.097387206773     55.408085471488     51.789701462344                 6.0
          46          -69.515434565485    121.305135891351     51.789701325866     51.789701462344                 6.2
          47          -65.700654819588    121.233840714344     55.533185894757     51.789701325866                 6.3
          48          -69.515434565485    121.305135650502     51.789701085016     51.789701325866                 6.4
          49          -65.700658923333    121.233840363426     55.533181440093     51.789701085016                 6.6
          50          -69.515431639819    121.305135482727     51.789703842907     51.789701085016                 6.7
          51          -67.896041804190    121.026156881181     53.130115076991     51.789703842907                 6.8
          52          -69.515431639820    121.305135817127     51.789704177306     51.789703842907                 7.0
          53          -70.259822912264    121.265236115324     51.005413203060     51.789704177306                 7.1
          54          -67.317059885210    121.350101202664     54.033041317454     51.005413203060                 7.3
          55          -67.317060789284    121.350101316819     54.033040527535     51.005413203060                 7.4
          56          -68.661673622203    121.590425933590     52.928752311387     51.005413203060                 7.6
          57          -70.259822912263    121.265236167302     51.005413255039     51.005413203060                 7.7
          58          -70.132739747475    121.083797695677     50.951057948202     51.005413255039                 7.8
F          1          -70.132739747476    121.083797979523     50.951058232048     50.951057948202                 7.9
F          2          -70.259822912263    121.265236077998     51.005413165735     50.951057948202                 7.9
F          3          -69.454336154514    121.116452148896     51.662115994382     50.951057948202                 7.9
F          4          -69.591430265579    121.293296021089     51.701865755510     50.951057948202                 8.0
F          5          -69.515434565485    121.305135857282     51.789701291797     50.951057948202                 8.0
F          6          -69.292991555167    121.310339445430     52.017347890264     50.951057948202                 8.0
F          7          -69.029146193808    121.438812464289     52.409666270481     50.951057948202                 8.0
F          8          -68.712323263146    121.268893460637     52.556570197491     50.951057948202                 8.1
F          9          -68.609490987997    121.389388212528     52.779897224530     50.951057948202                 8.1
F         10          -68.931565958838    121.819203170538     52.887637211701     50.951057948202                 8.1
F         11          -68.376604543639    121.351488702559     52.974884158920     50.951057948202                 8.1
F         12          -68.413036332963    121.439233207052     53.026196874089     50.951057948202                 8.2
F         13          -67.896044778582    121.026156783876     53.130112005294     50.951057948202                 8.2
F         14          -68.212994721918    121.362533868347     53.149539146428     50.951057948202                 8.2
F         15          -68.280528305822    121.560377796814     53.279849490992     50.951057948202                 8.2
F         16          -67.645916314470    121.411048732211     53.765132417742     50.951057948202                 8.3
F         17          -67.317060789285    121.350101083564     54.033040294279     50.951057948202                 8.3
F         18          -66.993738510586    121.114262604476     54.120524093889     50.951057948202                 8.3
F         19          -66.853909018832    121.114581205475     54.260672186643     50.951057948202                 8.4
F         20          -66.522813452764    121.038459919918     54.515646467154     50.951057948202                 8.4
