          45
Energy of minimum      1=     0.000000000     first found at step       58 after                19519 function calls
HH31        2.8767214539        0.8909614216       -3.6642364432
CH3         2.3553733354        1.6074586792       -3.0298851538
HH32        2.7958757498        2.5952604825       -3.1617026316
HH33        1.3034994127        1.6428609671       -3.3117831889
C           2.4752979918        1.1926783131       -1.5756111442
O           3.0840753207        0.1713367298       -1.2600163044
N           1.8756218405        1.9717779429       -0.6777439401
H           1.3653377589        2.7841195772       -1.0007699054
CA          1.9194015294        1.7495873071        0.7804442295
HA          2.9577173899        1.5920988792        1.0770365417
CB          1.4227027583        3.0116274731        1.5062475742
HB2         1.4164378198        2.8285420435        2.5826478472
HB3         2.1205519694        3.8266035732        1.3037427413
OG          0.1179258459        3.3969648683        1.0748201674
HG         -0.1535278611        4.2070896209        1.5603603213
C           1.1390089995        0.5051919919        1.2564223638
O           1.3319274803        0.0418201931        2.3847698278
N           0.3024535448       -0.0851609800        0.3911314521
H           0.1715021077        0.3630088805       -0.5056591533
CA         -0.4140199725       -1.3478835215        0.6389336080
HA         -0.6921759983       -1.3948259192        1.6933598422
CB         -1.7107046412       -1.3588870497       -0.1962099387
HB2        -1.4615125704       -1.2548603030       -1.2541874302
HB3        -2.2092054919       -2.3200571330       -0.0571638190
CG         -2.6900722989       -0.2452131261        0.2127286945
HG2        -2.2337024766        0.7302392510        0.0385381998
HG3        -2.9193423033       -0.3420522118        1.2751790439
CD         -3.9922832207       -0.3349261342       -0.5940253957
HD2        -4.4600740396       -1.3054944903       -0.4163662710
HD3        -3.7637203714       -0.2392421564       -1.6575117558
CE         -4.9522676582        0.7854338073       -0.1696085524
HE2        -4.4627382430        1.7503128248       -0.3337035523
HE3        -5.1531984471        0.6905283067        0.9019177791
NZ         -6.2312897347        0.7345030558       -0.9276847724
HZ1        -6.7113261594       -0.1422847854       -0.7770290770
HZ2        -6.0727172850        0.8381940434       -1.9206424265
HZ3        -6.8524405893        1.4776915349       -0.6372373392
C           0.4435336409       -2.6086866441        0.3688601127
O           0.0123466060       -3.7249039865        0.6786410761
N           1.6491207041       -2.4501634827       -0.1946020750
H           1.9361710147       -1.5049289036       -0.4160557011
CH3         2.5777363575       -3.5314691519       -0.5113304872
HH31        2.1139828516       -4.2291868027       -1.2108241589
HH32        2.8526762063       -4.0663608450        0.3994116850
HH33        3.4799789333       -3.1203789586       -0.9668619880
          45
Energy of minimum      2=    0.5435493369E-01 first found at step       53 after                17731 function calls
HH31        2.8445850875        0.3715724997       -3.7186793214
CH3         2.4916463795        1.1871832307       -3.0879828976
HH32        3.1566670128        2.0432879683       -3.1974937131
HH33        1.4855609031        1.4724342176       -3.3939054251
C           2.4726732091        0.7465114368       -1.6364500608
O           2.8221039158       -0.3897679012       -1.3199973133
N           2.0474916954        1.6396047895       -0.7444396099
H           1.8166132949        2.5691370111       -1.0709187281
CA          2.0657200988        1.4348302082        0.7181042325
HA          3.0771700514        1.1600860326        1.0203571890
CB          1.7074032825        2.7505676002        1.4298561125
HB2         0.6674124717        3.0009670178        1.2096373783
HB3         1.8075113246        2.6101151458        2.5081206404
OG          2.5510275747        3.8231161560        1.0124677499
HG          2.3027954987        4.6372002015        1.5044871420
C           1.1303379441        0.3133420418        1.2190868869
O           1.2762715873       -0.1606043941        2.3492678256
N           0.1918736931       -0.1502805496        0.3815870755
H           0.1164910750        0.2914697414       -0.5253928425
CA         -0.7046178867       -1.2836576239        0.6681217529
HA         -0.9645230629       -1.2695060267        1.7282150262
CB         -2.0048933679       -1.1094807357       -0.1426070437
HB2        -1.7648550458       -1.0597779573       -1.2066233801
HB3        -2.6402220322       -1.9817977248        0.0221324172
CG         -2.7957470923        0.1453818124        0.2650574342
HG2        -2.2005788355        1.0377203567        0.0660690049
HG3        -3.0151050422        0.0993395599        1.3329903788
CD         -4.1129107104        0.2422651193       -0.5162984658
HD2        -4.7174817887       -0.6443801010       -0.3143698751
HD3        -3.8943607048        0.2879752264       -1.5852140879
CE         -4.8853222195        1.4998166149       -0.0931827404
HE2        -4.2606442512        2.3781349974       -0.2826957686
HE3        -5.0758938186        1.4510883642        0.9833444516
NZ         -6.1731493801        1.6305324075       -0.8264401431
HZ1        -6.7756865986        0.8378014566       -0.6520246638
HZ2        -6.0216613255        1.6953264440       -1.8237984859
HZ3        -6.6699850293        2.4624160348       -0.5372154022
C          -0.0583810751       -2.6664891704        0.4081237095
O          -0.6455632931       -3.6959636636        0.7591268317
N           1.1393320648       -2.7078873085       -0.1911421642
H           1.5608078161       -1.8229588897       -0.4480631281
CH3         1.8815515731       -3.9259596693       -0.5026968356
HH31        1.2956097081       -4.5599554200       -1.1704348029
HH32        2.0990957930       -4.4757045127        0.4146860558
HH33        2.8217079717       -3.6686256504       -0.9929974678
          45
Energy of minimum      3=    0.7110577623     first found at step       18 after                 6265 function calls
HH31        0.9683190823        1.6244533311       -3.2703962836
CH3         2.0162630848        1.3342770004       -3.2014585084
HH32        2.2277629627        0.5614781229       -3.9401273798
HH33        2.6431811827        2.2036120411       -3.3974441669
C           2.3049061055        0.8093611520       -1.8077384573
O           2.7059949681       -0.3411939783       -1.6384959525
N           2.0820809983        1.6433888984       -0.7940806329
H           1.7250577413        2.5692267699       -0.9941343673
CA          2.3453250496        1.3231733089        0.6221652035
HA          3.3552360644        0.9181079641        0.7050296507
CB          2.3006427555        2.6147879911        1.4564171832
HB2         2.4530600658        2.3684745593        2.5091761538
HB3         3.1185783762        3.2636710433        1.1368593415
OG          1.0644613884        3.3102748334        1.2976992047
HG          1.0838177624        4.1265804294        1.8445470513
C           1.4004762337        0.2573352603        1.2181718411
O           1.6893611500       -0.3104941460        2.2760905440
N           0.3016921607       -0.0721297497        0.5243611726
H           0.1123793076        0.4518781976       -0.3192916580
CA         -0.6292570090       -1.1551717423        0.8846965707
HA         -0.7009971866       -1.2111084625        1.9724240757
CB         -2.0290073295       -0.8156982131        0.3325119286
HB2        -1.9682574322       -0.7076918946       -0.7517150512
HB3        -2.7039025954       -1.6439147790        0.5567479415
CG         -2.6141536105        0.4653817163        0.9566360551
HG2        -2.5847326739        0.3701464036        2.0430868367
HG3        -2.0070376406        1.3263927751        0.6735869052
CD         -4.0693838203        0.7262639293        0.5379323364
HD2        -4.4313016861        1.5957316173        1.0902066306
HD3        -4.6814002761       -0.1342083003        0.8158707076
CE         -4.2029104956        0.9951994126       -0.9694875865
HE2        -3.8598058400        0.1148458324       -1.5210109822
HE3        -3.5521390907        1.8336395915       -1.2364746584
NZ         -5.6067201367        1.3076100109       -1.3513354472
HZ1        -6.2264783863        0.5406289453       -1.1283203356
HZ2        -5.6806705931        1.4825419899       -2.3446325631
HZ3        -5.9424694064        2.1308184718       -0.8700152872
C          -0.1599109911       -2.5551900764        0.4181232948
O          -0.7766953432       -3.5636450023        0.7790888116
N           0.9212371428       -2.6344866260       -0.3698022715
H           1.3769741704       -1.7657404002       -0.6198664059
CH3         1.4917914202       -3.8729044367       -0.8920395286
HH31        2.3636150302       -3.6457849541       -1.5075808143
HH32        1.7985370550       -4.5193960757       -0.0679552960
HH33        0.7536220619       -4.3959689197       -1.5025144323
          45
Energy of minimum      4=    0.7508075235     first found at step       19 after                 6598 function calls
HH31        1.1891236146        1.6235017968       -3.2798081375
CH3         2.1319452009        1.0835708074       -3.1978729277
HH32        2.1650755297        0.2959782838       -3.9503167115
HH33        2.9575102357        1.7755319182       -3.3615823676
C           2.2491821310        0.4786162399       -1.8116009482
O           2.3595815118       -0.7376628409       -1.6639433793
N           2.2091008985        1.3242388565       -0.7833118669
H           2.1602797621        2.3154921744       -0.9807900856
CA          2.4226701696        0.9378283384        0.6260614901
HA          3.3736021211        0.4090869941        0.7036729264
CB          2.5179820135        2.1998794767        1.5002825523
HB2         1.5475598094        2.7009021140        1.5065790702
HB3         2.7611118916        1.9060182186        2.5234815452
OG          3.5131549302        3.1018710816        1.0182849755
HG          3.5553453557        3.8821751616        1.6147659147
C           1.3417201217       -0.0012322591        1.2033056912
O           1.5571858027       -0.6353017984        2.2400038394
N           0.1912400447       -0.1337425870        0.5279810925
H           0.0736217580        0.4249579287       -0.3071230305
CA         -0.8923137178       -1.0644952663        0.8887990002
HA         -0.9518496503       -1.1322947074        1.9766612434
CB         -2.2308709916       -0.4969009951        0.3740877204
HB2        -2.1738264451       -0.3751635264       -0.7088822037
HB3        -3.0234561473       -1.2138653910        0.5966095281
CG         -2.5956090061        0.8453907043        1.0358878621
HG2        -2.5604298577        0.7222167237        2.1193451438
HG3        -1.8664035012        1.6068560289        0.7558156991
CD         -3.9998225539        1.3399081662        0.6553746749
HD2        -4.2098129844        2.2432832907        1.2314111156
HD3        -4.7336476764        0.5801004324        0.9318565239
CE         -4.1198094507        1.6584593353       -0.8435320162
HE2        -3.9299997934        0.7472431198       -1.4185194868
HE3        -3.3513315571        2.3904939433       -1.1106543147
NZ         -5.4648110491        2.1942549704       -1.1870741666
HZ1        -6.1923853219        1.5288721159       -0.9634715044
HZ2        -5.5304521867        2.3996533043       -2.1751103733
HZ3        -5.6578214195        3.0493697989       -0.6834903648
C          -0.6606227093       -2.5107732670        0.3867369729
O          -1.4169518693       -3.4175933504        0.7518649358
N           0.3720560876       -2.7424443354       -0.4349642938
H           0.9503602991       -1.9500631418       -0.6888625945
CH3         0.7273352193       -4.0445522902       -0.9917687434
HH31        1.6062283286       -3.9441205896       -1.6304983073
HH32        0.9526126854       -4.7461487342       -0.1866873716
HH33       -0.1002614714       -4.4348928114       -1.5866404645
          45
Energy of minimum      5=    0.8386430597     first found at step       31 after                10797 function calls
HH31        1.8849359481        1.0173127171       -3.4594712869
CH3         2.7551010201        0.4357486833       -3.1565449443
HH32        2.8123417479       -0.4709460156       -3.7583669820
HH33        3.6554309125        1.0297926545       -3.3104246782
C           2.6350605018        0.0741608205       -1.6880896878
O           2.6118222906       -1.1026898751       -1.3304909246
N           2.5410384688        1.0862697486       -0.8273569680
H           2.6100219221        2.0291010533       -1.1882393394
CA          2.5313669151        0.9365922441        0.6419263014
HA          3.4101121102        0.3637631138        0.9411546894
CB          2.6294608672        2.3214501795        1.3042582911
HB2         1.7180654343        2.8831128353        1.0881959438
HB3         2.7074955977        2.1934519220        2.3858905883
OG          3.7596855077        3.0535054201        0.8320569390
HG          3.7959086008        3.9210136263        1.2931118197
C           1.3007904340        0.1905488401        1.2011055796
O           1.3180766515       -0.2676618893        2.3469613759
N           0.2413150191        0.0242961104        0.3967932627
H           0.2864143648        0.4373148871       -0.5256253488
CA         -0.9630182532       -0.7506911260        0.7422253474
HA         -1.1759578770       -0.6180809107        1.8046290536
CB         -2.1611551826       -0.1962575436       -0.0558327434
HB2        -1.9409843997       -0.2519353150       -1.1238582828
HB3        -3.0293974989       -0.8247670237        0.1462570229
CG         -2.5050170260        1.2569337452        0.3232581511
HG2        -2.7408060548        1.3060024380        1.3874390379
HG3        -1.6387568533        1.8929796115        0.1378353880
CD         -3.6854827491        1.8250211401       -0.4801559353
HD2        -3.4608397626        1.7508606617       -1.5461243682
HD3        -3.7913221267        2.8815385827       -0.2260080330
CE         -5.0061083348        1.1002722627       -0.1741462645
HE2        -5.1913909110        1.1463819144        0.9034817679
HE3        -4.9088751960        0.0469542860       -0.4530631807
NZ         -6.1505866539        1.7065697553       -0.9066093246
HZ1        -7.0121785864        1.2207576074       -0.6960652457
HZ2        -6.0103869450        1.6623553699       -1.9068174119
HZ3        -6.2762573162        2.6765518143       -0.6509499507
C          -0.7994671504       -2.2758054578        0.5295901638
O          -1.6754097003       -3.0502851741        0.9303213681
N           0.3058653238       -2.7191174080       -0.0844386427
H           0.9811744821       -2.0251392898       -0.3829826348
CH3         0.6114094530       -4.1206314771       -0.3566673324
HH31       -0.1637871323       -4.5558462570       -0.9897657012
HH32        0.6660048854       -4.6795937763        0.5791335366
HH33        1.5712312108       -4.1948531054       -0.8702324679
          45
Energy of minimum      6=     1.066289658     first found at step       21 after                 7321 function calls
HH31        1.8869857917        1.2099781160       -3.3918720122
CH3         2.8412086046        0.9214254709       -2.9521404696
HH32        3.2389616991        0.0576165111       -3.4842972295
HH33        3.5412292011        1.7521386557       -3.0360783725
C           2.6398954880        0.5783112818       -1.4881657151
O           2.9139977996       -0.5426338323       -1.0619008765
N           2.1425305790        1.5384079848       -0.7104082809
H           1.9807994265        2.4496354218       -1.1196070183
CA          1.9844168038        1.4303599758        0.7540500565
HA          2.9444810413        1.1506651801        1.1898491995
CB          1.5896984448        2.7989765631        1.3347889989
HB2         0.5911500299        3.0607817585        0.9782457478
HB3         1.5594130055        2.7276215077        2.4240072705
OG          2.5111049423        3.8196589903        0.9533626685
HG          2.2346006062        4.6706132524        1.3606092302
C           0.9611006640        0.3682589668        1.2106580367
O           0.9581679066       -0.0322038319        2.3780401090
N           0.1128217581       -0.1275502295        0.2986747244
H           0.1586105327        0.2540058926       -0.6371983401
CA         -0.8451243052       -1.2187893827        0.5473270266
HA         -1.2296091030       -1.1268961410        1.5648203518
CB         -2.0324060153       -1.0719377127       -0.4259270482
HB2        -1.6633185623       -1.0989753160       -1.4532361356
HB3        -2.7079277956       -1.9179665859       -0.2854988757
CG         -2.8310212117        0.2234835968       -0.2001668570
HG2        -3.1783702538        0.2484040727        0.8331526432
HG3        -2.1895545973        1.0876022189       -0.3785007934
CD         -4.0354808612        0.2947009886       -1.1521652046
HD2        -4.7003011277       -0.5525238014       -0.9719860437
HD3        -3.6700740356        0.2229342860       -2.1784586261
CE         -4.8213612267        1.6097034702       -1.0170542648
HE2        -5.5378278715        1.6656938608       -1.8423452445
HE3        -4.1286549286        2.4497462549       -1.1265752544
NZ         -5.5546003617        1.7155278338        0.2749838699
HZ1        -4.9216473154        1.7136087168        1.0628563727
HZ2        -6.0867904960        2.5747436086        0.3152093924
HZ3        -6.2048945220        0.9498129443        0.3900347330
C          -0.2140922729       -2.6299405738        0.4579784022
O          -0.8686214997       -3.6196578476        0.8041107619
N           1.0437724507       -2.7386076959        0.0093425267
H           1.5184419079       -1.8829349978       -0.2538895728
CH3         1.7809233924       -3.9910921835       -0.1305402671
HH31        1.8732017258       -4.4806175942        0.8405348747
HH32        2.7792231530       -3.7886904119       -0.5216195014
HH33        1.2586569915       -4.6569617764       -0.8197510966
          45
Energy of minimum      7=     1.458608038     first found at step        0 after                  365 function calls
HH31       -4.7430277988       -0.1799670883       -2.1766119441
CH3        -3.8483763489        0.4413724000       -2.2029033342
HH32       -4.1333816115        1.4795016493       -2.3720822014
HH33       -3.2021131871        0.1063728510       -3.0136401482
C          -3.1098195473        0.3170418120       -0.8836299556
O          -2.9095056854        1.3058983282       -0.1798518820
N          -2.6842150629       -0.8993932967       -0.5472761958
H          -2.9219236124       -1.6737435406       -1.1537911066
CA         -2.0511168375       -1.2369516163        0.7436920057
HA         -2.7056449637       -0.9066497350        1.5513743684
CB         -1.8980338135       -2.7630864122        0.8615673389
HB2        -1.1787275779       -3.1060073823        0.1146850754
HB3        -1.5088368448       -3.0060330282        1.8524854589
OG         -3.1414523110       -3.4348649183        0.6644535999
HG         -3.0034874499       -4.4028542700        0.7663534656
C          -0.6800062780       -0.5673997452        0.9786809159
O          -0.1943087880       -0.5234772638        2.1122164862
N          -0.0594629345       -0.0098125521       -0.0705589395
H          -0.5054274202       -0.0947340312       -0.9749769129
CA          1.1981965209        0.7530068742        0.0023341488
HA          1.8184979477        0.3378801255        0.7976435548
CB          1.9519160855        0.6004835391       -1.3367809692
HB2         1.3542976771        1.0599290708       -2.1265333293
HB3         2.8893796524        1.1559554641       -1.2814703133
CG          2.2644147680       -0.8499593285       -1.7589258849
HG2         1.3274726177       -1.3760974443       -1.9456848264
HG3         2.8085223030       -0.8180484856       -2.7039841746
CD          3.0885396779       -1.6709752654       -0.7523369407
HD2         2.5313926655       -1.7738924206        0.1803523408
HD3         3.2297255875       -2.6702091347       -1.1691125169
CE          4.4643283324       -1.0422982633       -0.4782089037
HE2         4.9871120285       -0.9136026151       -1.4311944411
HE3         4.3246740144       -0.0506128756       -0.0376182322
NZ          5.2855631839       -1.8848040201        0.4332470521
HZ1         4.8328261915       -2.0082513308        1.3287858442
HZ2         5.4491502257       -2.8004891704        0.0368938239
HZ3         6.1879584650       -1.4603368897        0.6021260539
C           0.9984932061        2.2440356733        0.3687471895
O           1.9818967155        2.9583952759        0.5918301653
N          -0.2512777272        2.7211850195        0.4417442578
H          -1.0075055744        2.0750025785        0.2481279684
CH3        -0.6071889000        4.0971740355        0.7763047096
HH31       -0.1669252841        4.7838595873        0.0511739155
HH32       -1.6921841930        4.2112271301        0.7585493598
HH33       -0.2410354231        4.3457935579        1.7739414176
          45
Energy of minimum      8=     1.605511965     first found at step       36 after                12141 function calls
HH31        3.6423551296        1.0534499447       -3.3046963290
CH3         2.7490523155        0.4496192135       -3.1480814062
HH32        2.8133849075       -0.4555347213       -3.7514986188
HH33        1.8715272988        1.0224164961       -3.4464120768
C           2.6389459263        0.0847282892       -1.6798123380
O           2.6288085336       -1.0926630851       -1.3235716387
N           2.5379548602        1.0947321099       -0.8172502686
H           2.5886871203        2.0393275014       -1.1777496066
CA          2.5272394778        0.9431425301        0.6516053128
HA          3.4049001042        0.3686310449        0.9516093207
CB          2.6169369783        2.3302240734        1.3134797889
HB2         1.6882884095        2.8700009481        1.1177617730
HB3         2.7171229722        2.2091821729        2.3941375402
OG          3.7093332954        3.1040014739        0.8159049114
HG          4.5553688453        2.7202680909        1.1369704617
C           1.2966444528        0.1937149282        1.2068911459
O           1.3108520889       -0.2626526964        2.3534755818
N           0.2410448455        0.0229307622        0.3984205941
H           0.2883028536        0.4357342931       -0.5240178078
CA         -0.9623426609       -0.7555285374        0.7394247561
HA         -1.1768070693       -0.6278014508        1.8021241051
CB         -2.1605120290       -0.1996283110       -0.0575899190
HB2        -1.9392734953       -0.2508039230       -1.1256183511
HB3        -3.0281108555       -0.8300663391        0.1412286831
CG         -2.5066266985        1.2516294694        0.3268770001
HG2        -2.7434174786        1.2962275341        1.3910317231
HG3        -1.6410464968        1.8895454053        0.1447207456
CD         -3.6871000757        1.8213628085       -0.4753473354
HD2        -3.4614532803        1.7516192356       -1.5414014772
HD3        -3.7944593634        2.8767555007       -0.2171917663
CE         -5.0070837386        1.0938074078       -0.1732765634
HE2        -5.1932944951        1.1354440511        0.9043735467
HE3        -4.9083389841        0.0417174473       -0.4562666715
NZ         -6.1516991325        1.7016159731       -0.9042706726
HZ1        -7.0128753361        1.2139411481       -0.6963510866
HZ2        -6.0106315457        1.6615315499       -1.9045304552
HZ3        -6.2787435112        2.6704284368       -0.6448797642
C          -0.7957780066       -2.2794437863        0.5205702781
O          -1.6718023350       -3.0570645536        0.9149728492
N           0.3122534814       -2.7183090426       -0.0918587787
H           0.9875514870       -2.0220816165       -0.3848640466
CH3         0.6206519750       -4.1181461331       -0.3695796679
HH31       -0.1518787925       -4.5515007449       -1.0072009697
HH32        0.6729743771       -4.6813750724        0.5637920712
HH33        1.5822353448       -4.1887071317       -0.8803627480
          45
Energy of minimum      9=     1.828838992     first found at step       33 after                11454 function calls
HH31        2.2463581115        0.6414403541       -3.4286429959
CH3         3.0537551259        0.0583435127       -2.9867386926
HH32        3.1289090313       -0.9015220775       -3.4972005306
HH33        3.9916106371        0.6017408144       -3.0976731268
C           2.7702583428       -0.1614593345       -1.5126906656
O           2.6565193758       -1.2985862899       -1.0572939130
N           2.6374603613        0.9285500836       -0.7588337355
H           2.7861379494        1.8308231927       -1.1921156157
CA          2.4733619274        0.9155464358        0.7088856927
HA          3.2897878863        0.3400748904        1.1472248298
CB          2.5694185278        2.3509416820        1.2534672285
HB2         1.7117714871        2.9242654871        0.8949554899
HB3         2.5323194564        2.3205048002        2.3443841411
OG          3.7745321778        2.9930740350        0.8391614490
HG          3.8049551470        3.8975310827        1.2231970454
C           1.1592551634        0.2710762156        1.2001515835
O           1.0395254290       -0.0791479486        2.3775182435
N           0.1796108080        0.0706043416        0.3072994000
H           0.3368385996        0.3943054341       -0.6382582907
CA         -1.0880684850       -0.6239498287        0.5915880449
HA         -1.4008237554       -0.3857963865        1.6099895275
CB         -2.1716736818       -0.1021006399       -0.3747572354
HB2        -1.8451062842       -0.2644364566       -1.4040566115
HB3        -3.0841481911       -0.6774187783       -0.2128641807
CG         -2.4865076032        1.3914541675       -0.1654672994
HG2        -2.8323769776        1.5488169721        0.8565074478
HG3        -1.5751204015        1.9743459884       -0.3031636086
CD         -3.5360492171        1.9264774177       -1.1556417461
HD2        -3.1554016103        1.7809155323       -2.1684045093
HD3        -3.6451909676        3.0019892026       -1.0034637046
CE         -4.9209437337        1.2607443569       -1.0601217036
HE2        -4.8110496141        0.1795497354       -1.1846352334
HE3        -5.5296496580        1.6223929862       -1.8946473455
NZ         -5.6196609040        1.5634231765        0.2200331502
HZ1        -5.7408460121        2.5598643082        0.3428518336
HZ2        -6.5392681020        1.1421630048        0.2347959024
HZ3        -5.1095922881        1.2076717209        1.0167208221
C          -0.9742946233       -2.1672376163        0.5326531518
O          -1.9211033068       -2.8683276793        0.9062738418
N           0.1656401486       -2.7058909656        0.0791659250
H           0.8989041094       -2.0678685064       -0.2073013093
CH3         0.4320437646       -4.1368989148       -0.0349790986
HH31       -0.2945658300       -4.5999411634       -0.7049008733
HH32        0.3661175645       -4.6086309522        0.9469945109
HH33        1.4343237956       -4.2935872058       -0.4367336498
          45
Energy of minimum     10=     1.936578980     first found at step       13 after                 4424 function calls
HH31        1.7266809521        1.9292734691       -2.9245967111
CH3         2.3514037473        2.5475872942       -2.2807384185
HH32        3.4011453697        2.3546600083       -2.5008641228
HH33        2.1298254853        3.5980150920       -2.4670295300
C           2.0593771900        2.2215511595       -0.8281976508
O           2.9453230135        1.7975057617       -0.0882368198
N           0.8064039611        2.3996794021       -0.4146229200
H           0.1199924879        2.7410592912       -1.0760627311
CA          0.3430072365        2.1899690863        0.9706692523
HA          1.0628377964        2.6427427861        1.6542713501
CB         -0.9976208953        2.9185036451        1.1623746645
HB2        -1.3632758940        2.7439989052        2.1759554263
HB3        -0.8258774063        3.9901354935        1.0443702568
OG         -1.9839842399        2.4991146022        0.2162148877
HG         -2.7602485235        3.0969423971        0.3001445128
C           0.2174460792        0.7085888343        1.3871496861
O           0.0202637049        0.4059259040        2.5681372053
N           0.3543798125       -0.2209415077        0.4311180359
H           0.4928316336        0.1202874301       -0.5111611399
CA          0.1709861181       -1.6750159211        0.6016330256
HA          0.0499610767       -1.9068414914        1.6610651766
CB         -1.1284415081       -2.0739438509       -0.1311068565
HB2        -1.0738075458       -1.7162798273       -1.1600838185
HB3        -1.2155554792       -3.1615556748       -0.1556321446
CG         -2.3858933379       -1.5173629028        0.5649572964
HG2        -2.4901249944       -2.0112985631        1.5320869008
HG3        -2.2788169738       -0.4499072077        0.7498918707
CD         -3.6715787867       -1.7530894869       -0.2442627092
HD2        -4.5301683549       -1.4824697264        0.3732267201
HD3        -3.7524219357       -2.8185365136       -0.4678358028
CE         -3.7332643840       -0.9642721919       -1.5655804084
HE2        -4.6207427836       -1.2914894146       -2.1161071426
HE3        -2.8621735958       -1.2162719986       -2.1770251910
NZ         -3.8035943600        0.5096438252       -1.3552488108
HZ1        -2.9857435815        0.8642527887       -0.8716228168
HZ2        -4.6192527270        0.7602768494       -0.8124276756
HZ3        -3.8678536938        0.9956856990       -2.2401859083
C           1.3957374742       -2.5042270840        0.1385772847
O           1.3280748332       -3.7365777278        0.0714002362
N           2.5163690800       -1.8431984456       -0.1821689598
H           2.5063849372       -0.8393815043       -0.0665569729
CH3         3.7540803316       -2.4623827489       -0.6503706742
HH31        4.1393383836       -3.1468253292        0.1075224621
HH32        4.5023513879       -1.6923449337       -0.8447550313
HH33        3.5690641225       -3.0165718357       -1.5722890383
          45
Energy of minimum     11=     2.023825927     first found at step       11 after                 3712 function calls
HH31       -1.4197950021       -1.4277092138       -3.2654102863
CH3        -2.3146509099       -0.8267684440       -3.1068015234
HH32       -2.3437115293       -0.0198383099       -3.8386631713
HH33       -3.1959104677       -1.4561638432       -3.2269271599
C          -2.2948845577       -0.2506717669       -1.7035765021
O          -2.3100043101        0.9660376199       -1.5235397160
N          -2.2443627200       -1.1227204209       -0.6980936918
H          -2.2803120670       -2.1096653131       -0.9189043747
CA         -2.3439145744       -0.7584099241        0.7296621855
HA         -3.2496445154       -0.1687838351        0.8775092218
CB         -2.4735196812       -2.0327627492        1.5813551201
HB2        -1.5411071030       -2.5978625500        1.5181434776
HB3        -2.6349951413       -1.7490661406        2.6233975555
OG         -3.5549258648       -2.8534882406        1.1417590853
HG         -3.6163102515       -3.6430887066        1.7241613640
C          -1.1682568378        0.0909342051        1.2586490607
O          -1.2774634588        0.7097545547        2.3208499917
N          -0.0539803863        0.1648945192        0.5162908110
H          -0.0267473035       -0.3742055920       -0.3392181890
CA          1.1079465030        1.0150643969        0.8308058748
HA          1.2122275182        1.0828653161        1.9152954375
CB          2.3838781011        0.3498930207        0.2748085685
HB2         2.2834949526        0.2257551368       -0.8047637025
HB3         3.2315882439        1.0109437949        0.4652804696
CG          2.6765954886       -1.0101734827        0.9359717525
HG2         2.6515663715       -0.8838258269        2.0193781132
HG3         1.9036242353       -1.7292422115        0.6639542751
CD          4.0579023670       -1.5724519738        0.5566495470
HD2         4.8170542185       -0.8545114940        0.8729328035
HD3         4.2305208810       -2.4922220244        1.1188005484
CE          4.2537029474       -1.8506904217       -0.9445585122
HE2         5.3116171940       -2.0752622234       -1.1125675805
HE3         4.0207060539       -0.9454637895       -1.5129301584
NZ          3.4310117787       -2.9930713448       -1.4313062585
HZ1         3.6507682886       -3.8414309900       -0.9263851043
HZ2         2.4421434552       -2.8126670621       -1.3279839603
HZ3         3.6081726467       -3.1700600912       -2.4115675195
C           0.9629049523        2.4737861018        0.3317746604
O           1.8089988990        3.3186158638        0.6448493058
N          -0.0945930691        2.7850249452       -0.4297843923
H          -0.7496259915        2.0416188082       -0.6421504631
CH3        -0.3764201384        4.1097757510       -0.9752756180
HH31       -0.4967709086        4.8299236953       -0.1640696085
HH32       -1.2966981224        4.0784530184       -1.5606219588
HH33        0.4432631873        4.4302022782       -1.6207280281
          45
Energy of minimum     12=     2.075138642     first found at step        2 after                  710 function calls
HH31       -3.7349876491       -2.0567228291       -2.5905226798
CH3        -3.1605847621       -1.1308984736       -2.5981499968
HH32       -3.7849354099       -0.3205215590       -2.9737017901
HH33       -2.2938742057       -1.2512260697       -3.2473682873
C          -2.6964206557       -0.8145782795       -1.1889911153
O          -3.0293057748        0.2335634960       -0.6378728078
N          -1.9083916966       -1.7132784689       -0.6013448764
H          -1.7115648440       -2.5732159459       -1.0971382031
CA         -1.4554658503       -1.6364051156        0.8022866880
HA         -2.3286716464       -1.5133605378        1.4443823862
CB         -0.7690225641       -2.9547847406        1.1985251459
HB2         0.1558354347       -3.0587777775        0.6272703147
HB3        -0.5170047164       -2.9194955974        2.2604511785
OG         -1.6080089000       -4.0817650842        0.9493064427
HG         -1.1428751806       -4.8988296739        1.2364079741
C          -0.5102677911       -0.4538211453        1.1061840127
O          -0.2945458635       -0.1131640661        2.2723718342
N           0.0304219414        0.2084552612        0.0733463138
H          -0.1757984554       -0.1295000931       -0.8579637896
CA          0.8415447476        1.4320463936        0.1937358743
HA          1.4529050697        1.3656127147        1.0946161452
CB          1.7784601683        1.5334488295       -1.0290402818
HB2         1.1693787668        1.6219897533       -1.9307225917
HB3         2.3685461547        2.4479278861       -0.9442925873
CG          2.7528573619        0.3554169536       -1.2187812420
HG2         2.1866446644       -0.5613083289       -1.3850523808
HG3         3.3433501258        0.5525651305       -2.1148205822
CD          3.7117333449        0.1634816990       -0.0308304434
HD2         4.1678068844        1.1265981069        0.2065802953
HD3         3.1579533474       -0.1757323109        0.8463839370
CE          4.8429126834       -0.8318848062       -0.3403147520
HE2         5.3592971927       -0.5083590543       -1.2493728500
HE3         5.5674038488       -0.7919358352        0.4789945716
NZ          4.3591043368       -2.2315357339       -0.4992874961
HZ1         3.8893246407       -2.5540307903        0.3360211241
HZ2         3.7202152480       -2.3174767516       -1.2778814402
HZ3         5.1334396658       -2.8590626532       -0.6728639001
C          -0.0007590605        2.7207725356        0.3585017912
O           0.5570207642        3.7874617887        0.6387014753
N          -1.3285411017        2.6403710225        0.1986390670
H          -1.7151754138        1.7319705917       -0.0299737345
CH3        -2.2591021224        3.7583840259        0.3245372137
HH31       -2.2049342461        4.1779892837        1.3305884433
HH32       -3.2771554064        3.4122926708        0.1393193262
HH33       -2.0110991864        4.5344611602       -0.4016604449
          45
Energy of minimum     13=     2.179053773     first found at step       42 after                14211 function calls
HH31        3.4562971009        1.1222843539       -3.4050481372
CH3         2.6246420411        0.4502452526       -3.1956802438
HH32        2.7319665389       -0.4549352551       -3.7929580661
HH33        1.6887426274        0.9450889616       -3.4532867790
C           2.6211541739        0.0977088992       -1.7203492379
O           2.7192867073       -1.0723344331       -1.3534365376
N           2.4835303012        1.1072084177       -0.8610414517
H           2.3856708821        2.0416603621       -1.2368398497
CA          2.5214497718        0.9423909570        0.6080628834
HA          3.3852866797        0.3296838529        0.8704835811
CB          2.6995740464        2.3072548397        1.2958100368
HB2         1.8855317345        2.9726542002        1.0005929243
HB3         2.6448144531        2.1652544432        2.3767290313
OG          3.9577238028        2.9070056169        0.9871411292
HG          3.9795724842        3.1673041076        0.0406381346
C           1.2858607346        0.2191369604        1.1866274867
O           1.3013123683       -0.2147662989        2.3418641571
N           0.2262788449        0.0366947217        0.3856588407
H           0.2693736380        0.4330741640       -0.5441284401
CA         -0.9732724653       -0.7408197302        0.7428077826
HA         -1.1792510013       -0.6057954449        1.8062886050
CB         -2.1791011849       -0.1929161767       -0.0481808769
HB2        -1.9668393533       -0.2512522886       -1.1176551270
HB3        -3.0438870505       -0.8233817136        0.1624397886
CG         -2.5245625198        1.2603441922        0.3291037159
HG2        -2.7518444702        1.3120341599        1.3950083507
HG3        -1.6618382924        1.8984919318        0.1346933423
CD         -3.7133550865        1.8221528781       -0.4664080348
HD2        -3.4973664658        1.7450488163       -1.5339536177
HD3        -3.8202930247        2.8791996543       -0.2149320642
CE         -5.0291726044        1.0944699404       -0.1469319706
HE2        -5.2055055486        1.1435480105        0.9320662366
HE3        -4.9311208680        0.0405391600       -0.4232340011
NZ         -6.1816145976        1.6949572231       -0.8716551471
HZ1        -7.0399307270        1.2072648410       -0.6522615626
HZ2        -6.0497384305        1.6479051186       -1.8728642445
HZ3        -6.3080496455        2.6653858144       -0.6180731165
C          -0.8043576683       -2.2660191222        0.5336806366
O          -1.6794771352       -3.0428278267        0.9315332914
N           0.3052778180       -2.7063557337       -0.0752858419
H           0.9796118145       -2.0109557784       -0.3692295395
CH3         0.6163339971       -4.1072726863       -0.3452342877
HH31       -0.1547764274       -4.5452933725       -0.9814070821
HH32        0.6683311022       -4.6654775032        0.5911852658
HH33        1.5786445235       -4.1793742417       -0.8544786009
          45
Energy of minimum     14=     2.198480914     first found at step       10 after                 3369 function calls
HH31       -2.8926271327       -0.4184132091       -3.1001781115
CH3        -3.6962689901       -0.1224676420       -2.4265747249
HH32       -4.0778543550        0.8538659115       -2.7244594659
HH33       -4.4992011863       -0.8569731111       -2.4810535656
C          -3.1675765574       -0.0589280642       -1.0061090144
O          -3.1986683522        0.9928674126       -0.3688555598
N          -2.6564067218       -1.1816580909       -0.5051275644
H          -2.6323307957       -2.0086764487       -1.0883496981
CA         -2.1347619313       -1.3200590674        0.8682984124
HA         -2.8745488635       -0.9197916216        1.5635177544
CB         -1.9542588128       -2.8113586122        1.1993301589
HB2        -1.5348844435       -2.9090440958        2.2027090240
HB3        -2.9353160714       -3.2905884277        1.1922763575
OG         -1.1071971055       -3.4678411217        0.2567500511
HG         -1.0315104317       -4.4167190258        0.5007137652
C          -0.8266625344       -0.5434700640        1.1311071933
O          -0.4439308652       -0.3385051619        2.2870485489
N          -0.1603064579       -0.0541976116        0.0758948178
H          -0.5158063334       -0.2831593348       -0.8428071069
CA          1.0338314720        0.8031416642        0.1548965058
HA          1.6081598729        0.5268877274        1.0401042198
CB          1.9098044551        0.5559662754       -1.0931108571
HB2         1.3613643041        0.8920066965       -1.9753917848
HB3         2.8085007880        1.1704293321       -1.0212077053
CG          2.3326351934       -0.9095334748       -1.3252375789
HG2         1.4443275723       -1.5048529387       -1.5400893246
HG3         2.9603784206       -0.9472041792       -2.2159010298
CD          3.0840760609       -1.5724155335       -0.1556915237
HD2         2.4141387294       -1.6307336667        0.7035589806
HD3         3.3280152091       -2.5990347140       -0.4354543208
CE          4.3719132356       -0.8467751376        0.2743736856
HE2         4.7390545549       -1.3196238460        1.1907020234
HE3         4.1371279712        0.1937651404        0.5171876635
NZ          5.4381146927       -0.9034282829       -0.7644457007
HZ1         5.6785361783       -1.8597572023       -0.9889518974
HZ2         5.1528237051       -0.4425676094       -1.6176509628
HZ3         6.2807707262       -0.4476336964       -0.4394012947
C           0.7049366227        2.3065552376        0.3256586159
O           1.6169466319        3.1167032548        0.5232176207
N          -0.5775250506        2.6893413793        0.2593449855
H          -1.2686771490        1.9670684429        0.0995124668
CH3        -1.0533909755        4.0625823556        0.4005076764
HH31       -0.7798644737        4.4536989855        1.3820329514
HH32       -2.1395031413        4.0881988739        0.2991117017
HH33       -0.6105218835        4.6927985904       -0.3727289064
          45
Energy of minimum     15=     2.328791259     first found at step        8 after                 2726 function calls
HH31       -4.5290597277       -0.0775637640       -2.5256931794
CH3        -3.5951586725        0.4831156407       -2.5007260623
HH32       -3.7895396776        1.5222679243       -2.7651873636
HH33       -2.8976341685        0.0511872156       -3.2177118222
C          -2.9993876177        0.4075460367       -1.1076161504
O          -2.8006644493        1.4297601742       -0.4527349915
N          -2.6941223963       -0.8059496051       -0.6512877262
H          -2.9245905345       -1.6053414869       -1.2273410612
CA         -2.2152680505       -1.0892114013        0.7168319412
HA         -2.9216591987       -0.6626385838        1.4302044660
CB         -2.1791118062       -2.6096033497        0.9480615499
HB2        -1.4150070569       -3.0483015377        0.3026800936
HB3        -1.9065943588       -2.8049101927        1.9872954459
OG         -3.4401075683       -3.2160337964        0.6681370812
HG         -3.3793245064       -4.1808999057        0.8463664476
C          -0.8311774437       -0.4905707982        1.0473161590
O          -0.4580038213       -0.3944139723        2.2196002736
N          -0.0731364907       -0.0502735643        0.0331754234
H          -0.4325891469       -0.1724383925       -0.9048715026
CA          1.2215945312        0.6347984983        0.1853972006
HA          1.7291622710        0.2398955942        1.0664566214
CB          2.0919049168        0.3377791536       -1.0554063219
HB2         1.6086661708        0.7744168158       -1.9317396089
HB3         3.0553693199        0.8364537216       -0.9396230899
CG          2.3427379303       -1.1566636581       -1.3443351575
HG2         1.3935404071       -1.6346318558       -1.5896202757
HG3         2.9724526071       -1.2321270400       -2.2311927815
CD          2.9983650739       -1.9488234326       -0.1976012345
HD2         2.3164975835       -1.9631769681        0.6540939606
HD3         3.1249127980       -2.9848617535       -0.5177479663
CE          4.3568466026       -1.3963717890        0.2711423688
HE2         4.6564161232       -1.9463379967        1.1688506757
HE3         4.2416841159       -0.3465821779        0.5567012264
NZ          5.4210183712       -1.5334659034       -0.7622705006
HZ1         5.5514442719       -2.5010948237       -1.0258243484
HZ2         5.2009261162       -1.0073864802       -1.5968643993
HZ3         6.3071151803       -1.1927975324       -0.4126199134
C           1.0917327251        2.1580228326        0.4307298011
O           2.0963412571        2.8234552816        0.7047227771
N          -0.1228986272        2.7167658196        0.3448325036
H          -0.8999457235        2.1069750751        0.1184071719
CH3        -0.4128562114        4.1329840721        0.5502974157
HH31       -0.1286858786        4.4296901726        1.5614237904
HH32       -1.4804370641        4.3133171000        0.4150530219
HH33        0.1423431182        4.7364107849       -0.1699892394
          45
Energy of minimum     16=     2.814074186     first found at step        3 after                 1015 function calls
HH31       -3.7126164305       -2.0810545955       -2.5864623236
CH3        -3.1507126173       -1.1475789546       -2.5880319059
HH32       -3.7852147900       -0.3435238510       -2.9601327766
HH33       -2.2813588768       -1.2527445275       -3.2363323671
C          -2.6931041517       -0.8330461666       -1.1764891127
O          -3.0399575112        0.2076956427       -0.6201046036
N          -1.8941937889       -1.7247129215       -0.5925947063
H          -1.6794576622       -2.5766411198       -1.0956349698
CA         -1.4369808087       -1.6461829453        0.8093098226
HA         -2.3080522395       -1.5276373305        1.4555216553
CB         -0.7332984939       -2.9596041233        1.1967008864
HB2         0.2044885801       -3.0287509091        0.6421476967
HB3        -0.4965218653       -2.9422592467        2.2626230409
OG         -1.5241239847       -4.1115460425        0.9017569179
HG         -2.2882863568       -4.1511009250        1.5186597644
C          -0.4997380991       -0.4560596938        1.1094199695
O          -0.2799761229       -0.1154223496        2.2748017033
N           0.0297503467        0.2115095336        0.0741983985
H          -0.1787728512       -0.1275353650       -0.8562441205
CA          0.8336786762        1.4402147542        0.1906850043
HA          1.4449241803        1.3807828095        1.0921485515
CB          1.7710497309        1.5422219265       -1.0317172948
HB2         1.1622678042        1.6273167064       -1.9339299738
HB3         2.3583600479        2.4585928100       -0.9481577272
CG          2.7490011582        0.3666746672       -1.2189156228
HG2         2.1854819627       -0.5515519235       -1.3860463203
HG3         3.3408221772        0.5649229065       -2.1138337023
CD          3.7058964687        0.1774494499       -0.0289451279
HD2         4.1601490495        1.1414968558        0.2081709808
HD3         3.1509652556       -0.1615317304        0.8476320282
CE          4.8389754488       -0.8167764617       -0.3351742158
HE2         5.3563211604       -0.4938774618       -1.2439085786
HE3         5.5621286944       -0.7745559551        0.4852029899
NZ          4.3574409409       -2.2173932435       -0.4927723902
HZ1         3.8869403584       -2.5393933469        0.3423265346
HZ2         3.7198343549       -2.3054771849       -1.2721821931
HZ3         5.1329554166       -2.8440369803       -0.6642833944
C          -0.0163756484        2.7244991646        0.3502353785
O           0.5352546368        3.7964124838        0.6225399083
N          -1.3440721595        2.6345937959        0.1944761367
H          -1.7255053617        1.7223830840       -0.0272360073
CH3        -2.2814096739        3.7474585857        0.3159468898
HH31       -2.2272598882        4.1736492609        1.3192293736
HH32       -3.2977440347        3.3938205775        0.1355944183
HH33       -2.0402554206        4.5205812909       -0.4156923533
          45
Energy of minimum     17=     3.081982062     first found at step       54 after                18105 function calls
HH31        1.4067379405        1.7108036926       -3.3403240567
CH3         2.3874003416        1.7196002685       -2.8655905919
HH32        2.7911726532        2.7311900130       -2.8940173432
HH33        3.0561816631        1.0475961064       -3.4029102720
C           2.2544585985        1.2708562066       -1.4226373669
O           2.8542736517        0.2770613673       -1.0156163230
N           1.4515839031        1.9921910427       -0.6421654815
H           1.0259932156        2.8230843272       -1.0328515734
CA          1.2906223198        1.7847132456        0.8112287385
HA          2.2764701772        1.8013846430        1.2778337040
CB          0.4713504257        2.9404006063        1.4110363117
HB2        -0.5481798674        2.8915519606        1.0225957258
HB3         0.4332781943        2.8238798761        2.4961146307
OG          1.0386479124        4.2101386121        1.0917215056
HG          0.5008967102        4.9176044980        1.5120545936
C           0.6373349384        0.4404779140        1.1984822002
O           0.7040776053        0.0273649770        2.3592804053
N           0.0330852543       -0.2712572173        0.2360555570
H           0.0095501603        0.1271768967       -0.6937935310
CA         -0.5387658380       -1.6163226900        0.4207721324
HA         -0.9695484800       -1.6892231280        1.4210873147
CB         -1.6724012166       -1.8307942295       -0.6075981575
HB2        -1.3522912753       -1.4803876413       -1.5907547231
HB3        -1.8567080528       -2.9028473830       -0.6964431555
CG         -3.0248611250       -1.1886435898       -0.2434497433
HG2        -3.3389389442       -1.5569050095        0.7343998128
HG3        -3.7528709192       -1.5338431693       -0.9776747890
CD         -3.0326644365        0.3501811229       -0.2244460720
HD2        -2.3890192199        0.6943699816        0.5853688761
HD3        -2.6367726632        0.7353320682       -1.1662616924
CE         -4.4351663238        0.9302010639        0.0270819082
HE2        -4.3307672976        2.0000961488        0.2324791184
HE3        -4.8559840267        0.4642044937        0.9234640983
NZ         -5.3570471765        0.7434568677       -1.1280618276
HZ1        -5.5167533105       -0.2354981127       -1.3221150239
HZ2        -4.9882161882        1.1752724131       -1.9647032251
HZ3        -6.2568153540        1.1655634980       -0.9397683392
C           0.5209094404       -2.7438320205        0.3398746316
O           0.2167757801       -3.8981085770        0.6608637216
N           1.7579058964       -2.4301668890       -0.0688673589
H           1.9366635907       -1.4619939328       -0.3085882426
CH3         2.8661542642       -3.3725869623       -0.1931138723
HH31        2.6086048377       -4.1606640640       -0.9028736593
HH32        3.0853596530       -3.8213904608        0.7772793416
HH33        3.7548683799       -2.8503173408       -0.5507968283
          45
Energy of minimum     18=     3.169465862     first found at step       44 after                14579 function calls
HH31        3.8007844173        0.6860626717       -3.2282169168
CH3         2.9233972198        0.0667420372       -3.0444938307
HH32        3.0491209845       -0.8949763794       -3.5413862753
HH33        2.0406272357        0.5667929408       -3.4417451656
C           2.7577960406       -0.1416318183       -1.5511636387
O           2.7668257402       -1.2735664478       -1.0696165169
N           2.5805683470        0.9501593246       -0.8075106080
H           2.5622063988        1.8468884670       -1.2760778014
CA          2.4650887739        0.9264733666        0.6665936303
HA          3.2704659166        0.3121026465        1.0720573303
CB          2.6347024756        2.3442229479        1.2400092937
HB2         1.8845170736        3.0061376711        0.8022129546
HB3         2.4665799674        2.3091397094        2.3179950680
OG          3.9427830550        2.8670042616        1.0086307808
HG          4.0702061350        3.0337251802        0.0494274896
C           1.1472143856        0.3058903809        1.1790033943
O           1.0282569978       -0.0145320793        2.3648377993
N           0.1656037143        0.0837497219        0.2931884806
H           0.3187697545        0.3866842624       -0.6598893449
CA         -1.0965923493       -0.6140794916        0.5944766530
HA         -1.4014783013       -0.3702736419        1.6139359701
CB         -2.1914474753       -0.1041471354       -0.3655582620
HB2        -1.8739046580       -0.2725222685       -1.3966994285
HB3        -3.0999302184       -0.6820426735       -0.1909168613
CG         -2.5106707568        1.3895076398       -0.1639091326
HG2        -2.8470044676        1.5527969300        0.8603130355
HG3        -1.6031996947        1.9752050166       -0.3148480709
CD         -3.5723478218        1.9128949008       -1.1473399637
HD2        -3.2014278284        1.7612340754       -2.1628119328
HD3        -3.6843052767        2.9890766486       -1.0020961632
CE         -4.9534917078        1.2424011293       -1.0326945739
HE2        -4.8404835866        0.1607337698       -1.1501053082
HE3        -5.5720945916        1.5952505200       -1.8637019755
NZ         -5.6404146223        1.5520572852        0.2521687182
HZ1        -6.5581112402        1.1272728265        0.2794851299
HZ2        -5.7643828803        2.5489166222        0.3686559640
HZ3        -5.1208566136        1.2044264547        1.0463052164
C          -0.9743851467       -2.1572573531        0.5456081743
O          -1.9180551532       -2.8616225956        0.9208353632
N           0.1700429879       -2.6918295321        0.0978513654
H           0.9001025893       -2.0514168562       -0.1878826634
CH3         0.4448208615       -4.1220496129       -0.0081573983
HH31       -0.2774298659       -4.5926532330       -0.6775487952
HH32        0.3787433739       -4.5890826645        0.9760673659
HH33        1.4490240167       -4.2756298363       -0.4063612445
          45
Energy of minimum     19=     3.309613955     first found at step       40 after                13603 function calls
HH31        2.7508628564        2.2681921449       -3.1959674865
CH3         2.1072235703        1.3984573741       -3.0675984660
HH32        2.3636907630        0.6452750225       -3.8122816607
HH33        1.0680325351        1.6984177108       -3.1983701111
C           2.2987127915        0.8322930998       -1.6734708117
O           2.6814593871       -0.3252907158       -1.5107852848
N           2.0130695280        1.6389928138       -0.6532331795
H           1.6834874873        2.5758658284       -0.8509515656
CA          2.1997837519        1.2848024993        0.7669748807
HA          3.2020298789        0.8707539475        0.8900283757
CB          2.1280385465        2.5614964554        1.6246068463
HB2         2.2240516810        2.3008303783        2.6806778527
HB3         2.9755354838        3.1963414634        1.3597045214
OG          0.9259633860        3.3030723963        1.4112645754
HG          0.2007770190        2.9128140097        1.9462320758
C           1.2243876189        0.2076600003        1.2894882487
O           1.4412320920       -0.3595346139        2.3642193226
N           0.1784182467       -0.1267156134        0.5196611518
H           0.0491720501        0.3911541813       -0.3393892727
CA         -0.7536853760       -1.2322427918        0.8034772101
HA         -0.8734893247       -1.3249869854        1.8844791569
CB         -2.1334297514       -0.8952077855        0.2014529000
HB2        -2.0286116914       -0.7409629263       -0.8737899274
HB3        -2.7996591083       -1.7452137947        0.3611231933
CG         -2.7736162779        0.3455844282        0.8516759446
HG2        -2.7651095871        0.2147474438        1.9348042562
HG3        -2.1862705542        1.2330999255        0.6158069944
CD         -4.2322232797        0.5632813194        0.4122518844
HD2        -4.8071313070       -0.3238794950        0.6846562375
HD3        -4.6482005612        1.4017414668        0.9741458939
CE         -4.4222591198        0.8178127219       -1.0938660775
HE2        -5.4942438452        0.7812226817       -1.3114622667
HE3        -3.9493104412        0.0094332271       -1.6591709750
NZ         -3.8828149275        2.1367378246       -1.5277329166
HZ1        -4.3275939373        2.8946277643       -1.0270246925
HZ2        -4.0512531608        2.2858868165       -2.5141369645
HZ3        -2.8860017417        2.2015321103       -1.3751034135
C          -0.2434162165       -2.6111133804        0.3171249603
O          -0.8647766695       -3.6374331533        0.6140256733
N           0.8775324124       -2.6535316004       -0.4160792975
H           1.3355188827       -1.7728530448       -0.6158351375
CH3         1.4888225160       -3.8688395558       -0.9466866698
HH31        2.3881670263       -3.6132774952       -1.5092062785
HH32        1.7608556067       -4.5380120862       -0.1285319702
HH33        0.7891627468       -4.3798910263       -1.6103771767
          45
Energy of minimum     20=     3.564588235     first found at step       23 after                 8014 function calls
HH31        1.9360184760        0.6743666971       -3.4970687620
CH3         2.7281903979        0.0035752388       -3.1659099089
HH32        2.6660581083       -0.9323061416       -3.7207311129
HH33        3.6950306547        0.4706123495       -3.3510036079
C           2.5747863217       -0.2653449839       -1.6807670447
O           2.4063434638       -1.4102691676       -1.2634522531
N           2.6155176432        0.7926883573       -0.8727347884
H           2.7999056053        1.6998777106       -1.2813298655
CA          2.5990632389        0.7195555253        0.6022371062
HA          3.4011900743        0.0563722283        0.9287879113
CB          2.8758628786        2.1126099432        1.1929230756
HB2         2.0406187472        2.7730279676        0.9500001732
HB3         2.9459085949        2.0304703198        2.2795465103
OG          4.0853255129        2.6716756796        0.6821129021
HG          4.2340641216        3.5498543641        1.0982064382
C           1.2890228035        0.1637466083        1.2007704340
O           1.2584820982       -0.2365256030        2.3678274711
N           0.2098594385        0.0943705522        0.4083867011
H           0.2989208658        0.4531012072       -0.5334394749
CA         -1.0811586715       -0.5003317321        0.7961415601
HA         -1.2579065041       -0.3008865323        1.8548281323
CB         -2.2087745109        0.1786483329       -0.0100757098
HB2        -2.0109665847        0.0602578393       -1.0775736354
HB3        -3.1470371961       -0.3221961807        0.2291776983
CG         -2.3564772873        1.6742275359        0.3248878319
HG2        -2.6063644504        1.7792861703        1.3817453524
HG3        -1.4019675189        2.1740827862        0.1567001618
CD         -3.4148544731        2.4124308254       -0.5133561382
HD2        -3.1702851934        2.3341008240       -1.5745155622
HD3        -3.3487308287        3.4690578867       -0.2472506548
CE         -4.8664472012        1.9656554752       -0.2585440638
HE2        -4.9714314101        1.6669990465        0.7890580333
HE3        -5.5165754063        2.8321723219       -0.4147039470
NZ         -5.3121619595        0.8692669550       -1.1641812901
HZ1        -5.2508332151        1.1504790967       -2.1339257281
HZ2        -6.2775286358        0.6267312447       -0.9821185285
HZ3        -4.7608203174        0.0315975529       -1.0437357260
C          -1.1219755382       -2.0410211964        0.6436520795
O          -2.0943458384       -2.6752598698        1.0674650443
N          -0.0857034848       -2.6514180157        0.0531143307
H           0.6762491354       -2.0659181378       -0.2685233291
CH3         0.0301855017       -4.0907700118       -0.1633158001
HH31        0.0090028019       -4.6153518521        0.7935205050
HH32        0.9719262163       -4.3122355633       -0.6679095900
HH33       -0.7955945345       -4.4430811168       -0.7839054040
