         1     52.40966633    
         2     52.40966633    
         3     53.02619715    
         4     53.02619715    
         5     53.02619715    
         6     53.02619745    
         7     53.02619745    
         8     53.02619745    
         9     53.27984918    
        10     53.27984939    
        11     53.14953912    
        12     52.97488411    
        13     52.97488411    
        14     52.88763752    
        15     52.88763752    
        16     52.88763723    
        17     52.88763719    
        18     52.88763770    
        19     51.66211601    
        20     51.70186591    
        21     51.70186613    
        22     52.01734771    
        23     52.01734801    
        24     52.01734801    
        25     51.66211623    
        26     51.66211592    
        27     51.66211592    
        28     51.66211629    
        29     51.70186573    
        30     51.70186578    
        31     51.70186578    
        32     51.78970136    
        33     51.78970144    
        34     51.78970144    
        35     51.78970144    
        36     51.78970144    
        37     51.78970144    
        38     51.78970128    
        39     51.78970088    
        40     51.78970146    
        41     51.78970146    
        42     51.78970146    
        43     51.78970146    
        44     51.78970146    
        45     51.78970146    
        46     51.78970146    
        47     51.78970133    
        48     51.78970133    
        49     51.78970109    
        50     51.78970109    
        51     51.78970384    
        52     51.78970384    
        53     51.78970418    
        54     51.00541320    
        55     51.00541320    
        56     51.00541320    
        57     51.00541320    
        58     51.00541326    
