         1    0.8670085140    
         2    0.8670085140    
         3    0.8670085140    
         4    0.8670085140    
         5    0.8670085140    
         6    0.8670085140    
         7    0.8670085140    
         8    0.8670085140    
         9    0.8670085140    
        10    -3.167123070    
        11    -3.167123070    
        12    -3.167123070    
        13    -3.167123070    
        14    -3.167123070    
        15    -3.167123070    
        16    -3.167123070    
        17    -3.167123070    
        18    -3.167123070    
        19    -3.167123070    
        20    -3.167123070    
        21    -3.167123070    
        22    -3.167123070    
        23    -3.167123070    
        24    -3.167123070    
        25    -3.167123070    
        26    -3.167123070    
        27    -3.167123070    
        28    -3.167123070    
        29    -3.167123070    
        30    -3.167123070    
        31    -3.167123070    
        32    -3.167123070    
        33    -3.167123070    
        34    -3.167123070    
        35    -3.167123079    
        36    -3.167123079    
        37    -3.167123079    
        38    -3.167123079    
        39    -3.167123079    
        40    -3.167123079    
        41    -3.167123079    
        42    -3.167123079    
        43    -3.167123079    
        44    -3.167123079    
        45    -3.167123079    
        46    -3.167123079    
        47    -3.167123079    
        48    -3.167123079    
        49    -3.167123079    
        50    -3.167123079    
        51    -3.167123079    
        52    -3.167123079    
        53    -3.167123079    
        54    -3.167123079    
        55    -3.167123079    
        56    -3.167123079    
        57    -3.167123079    
        58    -3.167123079    
        59    -3.167123079    
        60    -3.167123079    
        61    -3.167123079    
        62    -3.167123079    
        63    -3.167123079    
        64    -3.167123079    
        65    -3.167123079    
        66    -3.167123079    
        67    -3.167123079    
        68    -3.167123079    
        69    -3.167123079    
        70    -3.167123079    
        71    -3.167123079    
        72    -3.167123079    
        73    -3.167123079    
        74    -3.167123079    
        75    -3.167123079    
        76    -3.167123079    
        77    -3.167123079    
        78    -3.167123079    
        79    -3.167123079    
        80    -3.167123079    
        81    -3.167123079    
        82    -3.167123079    
        83    -3.167123079    
        84    -3.167123079    
        85    -3.167123079    
        86    -3.167123079    
        87    -3.167123079    
        88    -3.167123079    
        89    -3.167123079    
        90    -3.167123079    
        91    -3.167123079    
        92    -3.167123079    
        93    -3.167123079    
        94    -3.167123079    
        95    -3.167123079    
        96    -3.167123079    
        97    -3.167123079    
        98    -3.167123079    
        99    -3.167123079    
       100    -3.167123079    
       101    -3.167123079    
       102    -3.167123079    
       103    -3.167123079    
       104    -3.167123079    
       105    -3.167123079    
       106    -3.167123079    
       107    -3.167123079    
       108    -3.167123079    
       109    -3.167123079    
       110    -3.167123079    
       111    -3.167123079    
       112    -3.167123079    
       113    -3.167123079    
       114    -3.167123079    
       115    -3.167123079    
       116    -3.167123079    
       117    -3.167123079    
       118    -3.167123079    
       119    -3.167123079    
       120    -3.167123079    
       121    -3.167123079    
       122    -3.167123079    
       123    -3.167123079    
       124    -3.167123079    
       125    -3.167123079    
       126    -3.167123079    
       127    -3.167123079    
       128    -3.167123079    
       129    -3.167123079    
       130    -3.167123079    
       131    -3.167123079    
       132    -3.167123079    
       133    -3.167123079    
       134    -3.167123079    
       135    -3.167123079    
       136    -3.167123079    
       137    -3.167123079    
       138    -3.167123079    
       139    -3.167123079    
       140    -3.167123079    
       141    -3.167123079    
       142    -3.167123079    
       143    -3.167123079    
       144    -3.167123079    
       145    -3.167123079    
       146    -3.167123079    
       147    -3.167123079    
       148    -3.167123079    
       149    -3.167123079    
       150    -3.167123079    
       151    -3.167123079    
       152    -3.167123079    
       153    -3.167123079    
       154    -3.167123079    
       155    -3.167123079    
       156    -3.167123079    
       157    -3.167123079    
       158    -3.167123079    
       159    -3.167123079    
       160    -3.167123079    
       161    -3.167123079    
       162    -3.167123079    
       163    -3.167123079    
       164    -3.167123079    
       165    -3.167123079    
       166    -3.167123079    
       167    -3.167123079    
       168    -3.167123079    
       169    -3.167123079    
       170    -3.167123079    
       171    -3.167123079    
       172    -3.167123079    
       173    -3.167123079    
       174    -3.167123079    
       175    -3.167123079    
       176    -3.167123079    
       177    -3.167123079    
       178    -3.167123079    
       179    -3.167123079    
       180    -3.167123079    
       181    -3.167123079    
       182    -3.167123079    
       183    -3.167123079    
       184    -3.167123079    
       185    -3.167123079    
       186    -3.167123079    
       187    -3.167123079    
       188    -3.167123079    
       189    -3.167123079    
       190    -3.167123079    
       191    -3.167123079    
       192    -3.167123079    
       193    -3.167123079    
       194    -3.167123079    
       195    -3.167123079    
       196    -3.167123079    
       197    -3.167123079    
       198    -3.167123079    
       199    -3.167123079    
       200    -3.167123079    
       201    -3.167123079    
       202    -3.167123079    
       203    -3.167123079    
       204    -3.167123079    
       205    -3.167123079    
       206    -3.167123079    
       207    -3.167123079    
       208    -3.167123079    
       209    -3.167123079    
       210    -3.167123079    
       211    -3.167123079    
       212    -3.167123079    
       213    -3.167123079    
       214    -3.167123079    
       215    -3.167123079    
       216    -3.167123079    
       217    -3.167123079    
       218    -3.167123079    
       219    -3.167123079    
       220    -3.167123079    
       221    -3.167123079    
       222    -3.167123079    
       223    -3.167123079    
       224    -3.167123079    
       225    -3.167123079    
       226    -3.167123079    
       227    -3.167123079    
       228    -3.167123079    
       229    -3.167123079    
       230    -3.167123079    
       231    -3.167123079    
       232    -3.167123079    
       233    -3.167123079    
       234    -3.167123079    
       235    -3.167123079    
       236    -3.167123079    
       237    -3.167123079    
       238    -3.167123079    
       239    -3.167123079    
       240    -3.167123079    
       241    -3.167123079    
       242    -3.167123079    
       243    -3.167123079    
       244    -3.167123079    
       245    -3.167123079    
       246    -3.167123079    
       247    -3.167123079    
       248    -3.167123079    
       249    -3.167123079    
       250    -3.167123079    
       251    -3.167123079    
       252    -3.167123079    
       253    -3.167123079    
       254    -3.167123079    
       255    -3.167123079    
       256    -3.167123079    
       257    -3.167123079    
       258    -3.167123079    
       259    -3.167123079    
       260    -3.167123079    
       261    -3.167123079    
       262    -3.167123079    
       263    -3.167123079    
       264    -3.167123079    
       265    -3.167123079    
       266    -3.167123079    
       267    -3.167123079    
       268    -3.167123079    
       269    -3.167123079    
       270    -3.167123079    
       271    -3.167123079    
       272    -3.167123079    
       273    -3.167123079    
       274    -3.167123079    
       275    -3.167123079    
       276    -3.167123079    
       277    -3.167123079    
       278    -3.167123079    
       279    -3.167123079    
       280    -3.167123079    
       281    -3.167123079    
       282    -3.167123079    
       283    -3.167123079    
       284    -3.167123079    
       285    -3.167123079    
       286    -3.167123079    
       287    -3.167123079    
       288    -3.167123079    
       289    -3.167123079    
       290    -3.167123079    
       291    -3.167123079    
       292    -3.167123079    
       293    -3.167123079    
       294    -4.318780772    
       295    -4.318780772    
       296    -4.318780772    
       297    -4.318780772    
       298    -4.318780774    
       299    -4.318780777    
       300    -4.318780779    
       301    -4.318780779    
       302    -4.318780779    
       303    -4.318780779    
       304    -4.318780779    
       305    -9.795918787    
       306    -9.795918803    
       307    -9.795918805    
       308    -9.795918807    
       309    -9.795918810    
       310    -9.795918810    
       311    -9.795918810    
       312    -9.795918810    
       313    -9.795918810    
       314    -9.795918810    
       315    -9.795918810    
       316    -9.795918810    
       317    -9.795918810    
       318    -9.795918810    
       319    -9.795918810    
       320    -9.795918810    
       321    -9.795918810    
       322    -9.795918810    
       323    -9.795918810    
       324    -9.795918810    
       325    -9.795918810    
       326    -9.795918810    
       327    -9.795918810    
       328    -9.795918810    
       329    -9.795918810    
       330    -9.795918810    
       331    -9.795918810    
       332    -9.795918812    
       333    -9.795918812    
       334    -9.795918812    
       335    -10.23035516    
       336    -10.23035518    
       337    -10.23035518    
       338    -10.23035518    
       339    -10.23035518    
       340    -10.23035518    
       341    -10.23035518    
       342    -10.23035519    
       343    -10.23035519    
       344    -10.23035519    
       345    -10.23035519    
       346    -10.23035519    
       347    -10.23035519    
       348    -10.23035519    
       349    -10.23035519    
       350    -10.23035519    
       351    -10.23035519    
       352    -10.23035519    
       353    -10.23035519    
       354    -10.23035519    
       355    -10.23035519    
       356    -10.23035519    
       357    -10.23035519    
       358    -10.23035519    
       359    -10.23035519    
       360    -10.23035519    
       361    -10.23035519    
       362    -10.23035519    
       363    -10.23035519    
       364    -10.23035519    
       365    -10.23035519    
       366    -10.23035519    
       367    -10.23035519    
       368    -10.23035519    
       369    -10.23035519    
       370    -10.23035519    
       371    -10.23035519    
       372    -10.23035519    
       373    -10.23035519    
       374    -10.23035519    
       375    -10.23035519    
       376    -10.23035519    
       377    -10.23035519    
       378    -10.23035519    
       379    -10.23035519    
       380    -10.23035519    
       381    -10.23035519    
       382    -10.23035519    
       383    -10.23035519    
       384    -10.23035519    
       385    -10.23035519    
       386    -10.23035519    
       387    -10.23035519    
       388    -10.23035519    
       389    -10.23035519    
       390    -10.23035519    
       391    -10.23035519    
       392    -10.23035519    
       393    -10.23035519    
       394    -10.23035519    
       395    -10.23035519    
       396    -10.23035519    
       397    -10.23035519    
       398    -10.23035519    
       399    -10.23035519    
       400    -10.23035519    
       401    -10.23035519    
       402    -10.23035519    
       403    -10.23035519    
       404    -10.23035519    
       405    -10.23035519    
       406    -10.23035519    
       407    -10.23035519    
       408    -10.23035519    
       409    -10.23035519    
       410    -10.23035519    
       411    -10.23035519    
       412    -10.23035519    
       413    -10.23035519    
       414    -10.23035519    
       415    -10.23035519    
       416    -10.23035519    
       417    -10.23035519    
       418    -10.23035519    
       419    -10.23035519    
       420    -10.23035519    
       421    -10.23035520    
       422    -10.23035520    
       423    -10.23035520    
       424    -10.23035520    
       425    -10.23035520    
       426    -10.23035520    
       427    -10.23035520    
       428    -12.94781154    
       429    -12.94781154    
       430    -12.94781154    
       431    -12.94781155    
       432    -12.94781155    
       433    -12.94781155    
       434    -12.94781155    
       435    -12.94781155    
       436    -12.94781155    
       437    -12.94781155    
       438    -12.94781155    
       439    -12.94781155    
       440    -12.94781155    
       441    -12.94781155    
       442    -12.94781155    
       443    -12.94781155    
       444    -12.94781155    
       445    -12.94781155    
       446    -12.94781155    
       447    -12.94781155    
       448    -12.94781155    
       449    -12.94781155    
       450    -12.94781155    
       451    -12.94781156    
       452    -12.94781156    
       453    -12.94781156    
       454    -12.94781156    
       455    -12.94781156    
       456    -12.94781156    
       457    -12.94781156    
       458    -12.94781156    
       459    -12.94781156    
       460    -12.94781156    
       461    -12.94781156    
       462    -12.94781156    
       463    -12.94781156    
       464    -12.94781156    
       465    -12.94781156    
       466    -12.94781156    
       467    -12.94781156    
       468    -12.94781156    
       469    -12.94781156    
       470    -12.94781156    
       471    -12.94781156    
       472    -12.94781156    
       473    -12.94781156    
       474    -12.94781156    
       475    -12.94781156    
       476    -12.94781156    
       477    -12.94781156    
       478    -12.94781156    
       479    -12.94781156    
       480    -12.94781156    
       481    -12.94781156    
       482    -12.94781156    
       483    -12.94781156    
       484    -12.94781156    
       485    -12.94781156    
       486    -12.94781156    
       487    -12.94781156    
       488    -12.94781156    
       489    -12.94781156    
       490    -12.94781156    
       491    -12.94781156    
       492    -12.94781156    
       493    -12.94781156    
       494    -12.94781156    
       495    -12.94781156    
       496    -12.94781156    
       497    -12.94781156    
       498    -12.94781156    
       499    -12.94781156    
       500    -12.94781156    
       501    -12.94781156    
       502    -12.94781156    
       503    -12.94781156    
       504    -12.94781156    
       505    -12.94781156    
       506    -12.94781156    
       507    -12.94781156    
       508    -12.94781156    
       509    -12.94781156    
       510    -12.94781156    
       511    -12.94781156    
       512    -12.94781156    
       513    -12.94781156    
       514    -12.94781156    
       515    -12.94781156    
       516    -12.94781156    
       517    -12.94781156    
       518    -12.94781156    
       519    -12.94781156    
       520    -12.94781156    
       521    -12.94781156    
       522    -12.94781156    
       523    -12.94781156    
       524    -12.94781156    
       525    -12.94781156    
       526    -12.94781156    
       527    -12.94781156    
       528    -12.94781156    
       529    -12.94781156    
       530    -12.94781156    
       531    -12.94781156    
       532    -12.94781156    
       533    -12.94781156    
       534    -12.94781156    
       535    -12.94781156    
       536    -12.94781156    
       537    -12.94781156    
       538    -12.94781156    
       539    -12.94781156    
       540    -12.94781156    
       541    -12.94781156    
       542    -12.94781156    
       543    -12.94781156    
       544    -12.94781156    
       545    -12.94781156    
       546    -12.94781156    
       547    -12.94781156    
       548    -12.94781156    
       549    -12.94781156    
       550    -12.94781156    
       551    -12.94781156    
       552    -12.94781156    
       553    -12.94781156    
       554    -12.94781156    
       555    -12.94781156    
       556    -12.94781156    
       557    -12.94781156    
       558    -12.94781156    
       559    -12.94781156    
       560    -12.94781156    
       561    -12.94781156    
       562    -12.94781156    
       563    -12.94781156    
       564    -12.94781156    
       565    -12.94781156    
       566    -12.94781156    
       567    -12.94781156    
       568    -12.94781156    
       569    -12.94781156    
       570    -12.94781156    
       571    -12.94781156    
       572    -12.94781156    
       573    -12.94781156    
       574    -12.94781156    
       575    -12.94781156    
       576    -12.94781156    
       577    -12.94781156    
       578    -12.94781156    
       579    -12.94781156    
       580    -12.94781156    
       581    -12.94781156    
       582    -12.94781156    
       583    -12.94781156    
       584    -12.94781156    
       585    -12.94781156    
       586    -12.94781156    
       587    -12.94781156    
       588    -12.94781156    
       589    -12.94781156    
       590    -12.94781156    
       591    -12.94781156    
       592    -12.94781156    
       593    -12.94781156    
       594    -12.94781156    
       595    -12.94781156    
       596    -12.94781156    
       597    -12.94781156    
       598    -12.94781156    
       599    -12.94781156    
       600    -12.94781156    
       601    -12.94781156    
       602    -12.94781156    
       603    -12.94781156    
       604    -12.94781156    
       605    -12.94781156    
       606    -12.94781156    
       607    -12.94781156    
       608    -12.94781156    
       609    -12.94781156    
       610    -12.94781156    
       611    -12.94781156    
       612    -12.94781156    
       613    -12.94781156    
       614    -12.94781156    
       615    -12.94781156    
       616    -12.94781156    
       617    -12.94781156    
       618    -12.94781156    
       619    -12.94781156    
       620    -12.94781156    
       621    -12.94781156    
       622    -12.94781156    
       623    -12.94781156    
       624    -12.94781156    
       625    -12.94781156    
       626    -12.94781156    
       627    -12.94781156    
       628    -12.94781156    
       629    -12.94781156    
       630    -12.94781156    
       631    -12.94781156    
       632    -12.94781156    
       633    -12.94781156    
       634    -12.94781156    
       635    -12.94781156    
       636    -12.94781156    
       637    -12.94781156    
       638    -12.94781156    
       639    -12.94781156    
       640    -12.94781156    
       641    -12.94781156    
       642    -12.94781156    
       643    -12.94781156    
       644    -12.94781156    
       645    -12.94781156    
       646    -12.94781156    
       647    -12.94781156    
       648    -12.94781156    
       649    -12.94781156    
       650    -12.94781156    
       651    -12.94781156    
       652    -12.94781156    
       653    -12.94781156    
       654    -12.94781156    
       655    -12.94781156    
       656    -12.94781156    
       657    -12.94781156    
       658    -12.94781156    
       659    -12.94781156    
       660    -12.94781156    
       661    -12.94781156    
       662    -12.94781156    
       663    -12.94781156    
       664    -12.94781156    
       665    -12.94781156    
       666    -12.94781156    
       667    -12.94781156    
       668    -12.94781156    
       669    -12.94781156    
       670    -12.94781156    
       671    -12.94781156    
       672    -12.94781156    
       673    -12.94781156    
       674    -12.94781156    
       675    -12.94781156    
       676    -12.94781156    
       677    -12.94781156    
       678    -12.94781156    
       679    -12.94781156    
       680    -12.94781156    
       681    -12.94781156    
       682    -12.94781156    
       683    -12.94781156    
       684    -12.94781156    
       685    -12.94781156    
       686    -12.94781156    
       687    -12.94781156    
       688    -12.94781156    
       689    -12.94781156    
       690    -12.94781156    
       691    -12.94781156    
       692    -12.94781156    
       693    -12.94781156    
       694    -12.94781156    
       695    -12.94781156    
       696    -12.94781156    
       697    -12.94781156    
       698    -12.94781156    
       699    -12.94781156    
       700    -12.94781156    
       701    -12.94781156    
       702    -12.94781156    
       703    -12.94781156    
       704    -12.94781156    
       705    -12.94781156    
       706    -12.94781156    
       707    -12.94781156    
       708    -12.94781156    
       709    -12.94781156    
       710    -12.94781156    
       711    -12.94781156    
       712    -12.94781156    
       713    -12.94781156    
       714    -12.94781156    
       715    -12.94781156    
       716    -12.94781156    
       717    -12.94781156    
       718    -12.94781156    
       719    -12.94781156    
       720    -12.94781156    
       721    -12.94781156    
       722    -12.94781156    
       723    -12.94781156    
       724    -12.94781156    
       725    -12.94781156    
       726    -12.94781156    
       727    -12.94781156    
       728    -12.94781156    
       729    -12.94781156    
       730    -12.94781156    
       731    -12.94781156    
       732    -12.94781156    
       733    -12.94781156    
       734    -12.94781156    
       735    -12.94781156    
       736    -12.94781156    
       737    -12.94781156    
       738    -12.94781156    
       739    -12.94781156    
       740    -12.94781156    
       741    -12.94781156    
       742    -12.94781156    
       743    -12.94781156    
       744    -12.94781156    
       745    -12.94781156    
       746    -12.94781156    
       747    -12.94781156    
       748    -12.94781156    
       749    -12.94781156    
       750    -12.94781156    
       751    -12.94781156    
       752    -12.94781156    
       753    -12.94781156    
       754    -12.94781156    
       755    -12.94781156    
       756    -12.94781156    
       757    -12.94781156    
       758    -12.94781156    
       759    -12.94781156    
       760    -12.94781156    
       761    -12.94781156    
       762    -12.94781156    
       763    -12.94781156    
       764    -12.94781156    
       765    -12.94781156    
       766    -12.94781156    
       767    -12.94781156    
       768    -12.94781156    
       769    -12.94781156    
       770    -12.94781156    
       771    -12.94781156    
       772    -12.94781156    
       773    -12.94781156    
       774    -12.94781156    
       775    -12.94781156    
       776    -12.94781156    
       777    -12.94781156    
       778    -12.94781156    
       779    -12.94781156    
       780    -12.94781156    
       781    -12.94781156    
       782    -12.94781156    
       783    -12.94781156    
       784    -12.94781156    
       785    -12.94781156    
       786    -12.94781156    
       787    -12.94781156    
       788    -12.94781156    
       789    -12.94781156    
       790    -12.94781156    
       791    -12.94781156    
       792    -12.94781156    
       793    -12.94781156    
       794    -12.94781156    
       795    -12.94781156    
       796    -12.94781156    
       797    -12.94781156    
       798    -12.94781156    
       799    -12.94781156    
       800    -12.94781156    
       801    -12.94781156    
       802    -12.94781156    
       803    -12.94781156    
       804    -12.94781156    
       805    -12.94781156    
       806    -12.94781156    
       807    -12.94781156    
       808    -12.94781156    
       809    -12.94781156    
       810    -12.94781156    
       811    -12.94781156    
       812    -12.94781156    
       813    -12.94781156    
       814    -12.94781156    
       815    -12.94781156    
       816    -12.94781156    
       817    -12.94781156    
       818    -12.94781156    
       819    -12.94781156    
       820    -12.94781156    
       821    -12.94781156    
       822    -12.94781156    
       823    -12.94781156    
       824    -12.94781156    
       825    -12.94781156    
       826    -12.94781156    
       827    -12.94781156    
       828    -12.94781156    
       829    -12.94781156    
       830    -12.94781156    
       831    -12.94781156    
       832    -12.94781156    
       833    -12.94781156    
       834    -12.94781156    
       835    -12.94781156    
       836    -12.94781156    
       837    -12.94781156    
       838    -12.94781156    
       839    -12.94781156    
       840    -12.94781156    
       841    -12.94781156    
       842    -12.94781156    
       843    -12.94781156    
       844    -12.94781156    
       845    -12.94781156    
       846    -12.94781156    
       847    -12.94781156    
       848    -12.94781156    
       849    -12.94781156    
       850    -12.94781156    
       851    -12.94781156    
       852    -12.94781156    
       853    -12.94781156    
       854    -12.94781156    
       855    -12.94781156    
       856    -12.94781156    
       857    -12.94781156    
       858    -12.94781156    
       859    -12.94781156    
       860    -12.94781156    
       861    -12.94781156    
       862    -12.94781156    
       863    -12.94781156    
       864    -12.94781156    
       865    -12.94781156    
       866    -12.94781156    
       867    -12.94781156    
       868    -12.94781156    
       869    -12.94781156    
       870    -12.94781156    
       871    -12.94781156    
       872    -12.94781156    
       873    -12.94781156    
       874    -12.94781156    
       875    -12.94781156    
       876    -12.94781156    
       877    -12.94781156    
       878    -12.94781156    
       879    -12.94781156    
       880    -12.94781156    
       881    -12.94781156    
       882    -12.94781156    
       883    -12.94781156    
       884    -12.94781156    
       885    -12.94781156    
       886    -12.94781156    
       887    -12.94781156    
       888    -12.94781156    
       889    -12.94781156    
       890    -12.94781156    
       891    -12.94781156    
       892    -12.94781156    
       893    -12.94781156    
       894    -12.94781156    
       895    -12.94781156    
       896    -12.94781156    
       897    -12.94781156    
       898    -12.94781156    
       899    -12.94781156    
       900    -12.94781156    
       901    -12.94781156    
       902    -12.94781156    
       903    -12.94781156    
       904    -12.94781156    
       905    -12.94781156    
       906    -12.94781156    
       907    -12.94781156    
       908    -12.94781156    
       909    -12.94781156    
       910    -12.94781156    
       911    -12.94781156    
       912    -12.94781156    
       913    -12.94781156    
       914    -12.94781156    
       915    -12.94781156    
       916    -12.94781156    
       917    -12.94781156    
       918    -12.94781156    
       919    -12.94781156    
       920    -12.94781156    
       921    -12.94781156    
       922    -12.94781156    
       923    -12.94781156    
       924    -12.94781156    
       925    -12.94781156    
       926    -12.94781156    
       927    -12.94781156    
       928    -12.94781156    
       929    -12.94781156    
       930    -12.94781156    
       931    -12.94781156    
       932    -12.94781156    
       933    -12.94781156    
       934    -12.94781156    
       935    -12.94781156    
       936    -12.94781156    
       937    -12.94781156    
       938    -12.94781156    
       939    -12.94781156    
       940    -12.94781156    
       941    -12.94781156    
       942    -12.94781156    
       943    -12.94781156    
       944    -12.94781156    
       945    -12.94781156    
       946    -12.94781156    
       947    -12.94781156    
       948    -12.94781156    
       949    -12.94781156    
       950    -12.94781156    
       951    -12.94781156    
       952    -12.94781156    
       953    -12.94781156    
       954    -12.94781156    
       955    -12.94781156    
       956    -12.94781156    
       957    -12.94781156    
       958    -12.94781156    
       959    -12.94781156    
       960    -12.94781156    
       961    -12.94781156    
       962    -12.94781156    
       963    -12.94781156    
       964    -12.94781156    
       965    -12.94781156    
       966    -12.94781156    
       967    -12.94781156    
       968    -12.94781156    
       969    -12.94781156    
       970    -12.94781156    
       971    -12.94781156    
       972    -12.94781156    
       973    -12.94781156    
       974    -12.94781156    
       975    -12.94781156    
       976    -12.94781156    
       977    -12.94781156    
       978    -12.94781156    
       979    -12.94781156    
       980    -12.94781156    
       981    -12.94781156    
       982    -12.94781156    
       983    -12.94781156    
       984    -12.94781156    
       985    -12.94781156    
       986    -12.94781156    
       987    -12.94781156    
       988    -12.94781156    
       989    -12.94781156    
       990    -12.94781156    
       991    -12.94781156    
       992    -12.94781156    
       993    -12.94781156    
       994    -12.94781156    
       995    -12.94781156    
       996    -12.94781156    
       997    -12.94781156    
       998    -12.94781156    
       999    -12.94781156    
      1000    -12.94781156    
      1001    -12.94781156    
      1002    -12.94781156    
      1003    -12.94781156    
      1004    -12.94781156    
      1005    -12.94781156    
      1006    -12.94781156    
      1007    -12.94781156    
      1008    -12.94781156    
      1009    -12.94781156    
      1010    -12.94781156    
      1011    -12.94781156    
      1012    -12.94781156    
      1013    -12.94781156    
      1014    -12.94781156    
      1015    -12.94781156    
      1016    -12.94781156    
      1017    -12.94781156    
      1018    -12.94781156    
      1019    -12.94781156    
      1020    -12.94781156    
      1021    -12.94781156    
      1022    -12.94781156    
      1023    -12.94781156    
      1024    -12.94781156    
      1025    -12.94781156    
      1026    -12.94781156    
      1027    -12.94781156    
      1028    -12.94781156    
      1029    -12.94781156    
      1030    -12.94781156    
      1031    -12.94781156    
      1032    -12.94781156    
      1033    -12.94781156    
      1034    -12.94781156    
      1035    -12.94781156    
      1036    -12.94781156    
      1037    -12.94781156    
      1038    -12.94781156    
      1039    -12.94781156    
      1040    -12.94781156    
      1041    -12.94781156    
      1042    -12.94781156    
      1043    -12.94781156    
      1044    -12.94781156    
      1045    -12.94781156    
      1046    -12.94781156    
      1047    -12.94781156    
      1048    -12.94781156    
      1049    -12.94781156    
      1050    -12.94781156    
      1051    -12.94781156    
      1052    -12.94781156    
      1053    -12.94781156    
      1054    -12.94781156    
      1055    -12.94781156    
      1056    -12.94781156    
      1057    -12.94781156    
      1058    -12.94781156    
      1059    -12.94781156    
      1060    -12.94781156    
      1061    -12.94781156    
      1062    -12.94781156    
      1063    -12.94781156    
      1064    -12.94781156    
      1065    -12.94781156    
      1066    -12.94781156    
      1067    -12.94781156    
      1068    -12.94781156    
      1069    -12.94781156    
      1070    -12.94781156    
      1071    -12.94781156    
      1072    -12.94781156    
      1073    -12.94781156    
      1074    -12.94781156    
      1075    -12.94781156    
      1076    -12.94781156    
      1077    -12.94781156    
      1078    -12.94781156    
      1079    -12.94781156    
      1080    -12.94781156    
      1081    -12.94781156    
      1082    -12.94781156    
      1083    -12.94781156    
      1084    -12.94781156    
      1085    -12.94781156    
      1086    -12.94781156    
      1087    -12.94781156    
      1088    -12.94781156    
      1089    -12.94781156    
      1090    -12.94781156    
      1091    -12.94781156    
      1092    -12.94781156    
      1093    -12.94781156    
      1094    -12.94781156    
      1095    -12.94781156    
      1096    -12.94781156    
      1097    -12.94781156    
      1098    -12.94781156    
      1099    -12.94781156    
      1100    -12.94781156    
      1101    -12.94781156    
      1102    -12.94781156    
      1103    -12.94781156    
      1104    -12.94781156    
      1105    -12.94781156    
      1106    -12.94781156    
      1107    -12.94781156    
      1108    -12.94781156    
      1109    -12.94781156    
      1110    -12.94781156    
      1111    -12.94781156    
      1112    -12.94781156    
      1113    -12.94781156    
      1114    -12.94781156    
      1115    -12.94781156    
      1116    -12.94781156    
      1117    -12.94781156    
      1118    -12.94781156    
      1119    -12.94781156    
      1120    -12.94781156    
      1121    -12.94781156    
      1122    -12.94781156    
      1123    -12.94781156    
      1124    -12.94781156    
      1125    -12.94781156    
      1126    -12.94781156    
      1127    -12.94781156    
      1128    -12.94781156    
      1129    -12.94781156    
      1130    -12.94781156    
      1131    -12.94781156    
      1132    -12.94781156    
      1133    -12.94781156    
      1134    -12.94781156    
      1135    -12.94781156    
      1136    -12.94781156    
      1137    -12.94781156    
      1138    -12.94781156    
      1139    -12.94781156    
      1140    -12.94781156    
      1141    -12.94781156    
      1142    -12.94781156    
      1143    -12.94781156    
      1144    -12.94781156    
      1145    -12.94781156    
      1146    -12.94781156    
      1147    -12.94781156    
      1148    -12.94781156    
      1149    -12.94781156    
      1150    -12.94781156    
      1151    -12.94781156    
      1152    -12.94781156    
      1153    -12.94781156    
      1154    -12.94781156    
      1155    -12.94781156    
      1156    -12.94781156    
      1157    -12.94781156    
      1158    -12.94781156    
      1159    -12.94781156    
      1160    -12.94781156    
      1161    -12.94781156    
      1162    -12.94781156    
      1163    -12.94781156    
      1164    -12.94781156    
      1165    -12.94781156    
      1166    -12.94781156    
      1167    -12.94781156    
      1168    -12.94781156    
      1169    -12.94781156    
      1170    -12.94781156    
      1171    -12.94781156    
      1172    -12.94781156    
      1173    -12.94781156    
      1174    -12.94781156    
      1175    -12.94781156    
      1176    -12.94781156    
      1177    -12.94781156    
      1178    -12.94781156    
      1179    -12.94781156    
      1180    -12.94781156    
      1181    -12.94781156    
      1182    -12.94781156    
      1183    -12.94781156    
      1184    -12.94781156    
      1185    -12.94781156    
      1186    -12.94781156    
      1187    -12.94781156    
      1188    -12.94781156    
      1189    -12.94781156    
      1190    -12.94781156    
      1191    -12.94781156    
      1192    -12.94781156    
      1193    -12.94781156    
      1194    -12.94781156    
      1195    -12.94781156    
      1196    -12.94781156    
      1197    -12.94781156    
      1198    -12.94781156    
      1199    -12.94781156    
      1200    -12.94781156    
      1201    -12.94781156    
      1202    -12.94781156    
      1203    -12.94781156    
      1204    -12.94781156    
      1205    -12.94781156    
      1206    -12.94781156    
      1207    -12.94781156    
      1208    -12.94781156    
      1209    -12.94781156    
      1210    -12.94781156    
      1211    -12.94781156    
      1212    -12.94781156    
      1213    -12.94781156    
      1214    -12.94781156    
      1215    -12.94781156    
      1216    -12.94781156    
      1217    -12.94781156    
      1218    -12.94781156    
      1219    -12.94781156    
      1220    -12.94781156    
      1221    -12.94781156    
      1222    -12.94781156    
      1223    -12.94781156    
      1224    -12.94781156    
      1225    -12.94781156    
      1226    -12.94781156    
      1227    -12.94781156    
      1228    -12.94781156    
      1229    -12.94781156    
      1230    -12.94781156    
      1231    -12.94781156    
      1232    -12.94781156    
      1233    -12.94781156    
      1234    -12.94781156    
      1235    -12.94781156    
      1236    -12.94781156    
      1237    -12.94781156    
      1238    -12.94781156    
      1239    -12.94781156    
      1240    -12.94781156    
      1241    -12.94781156    
      1242    -12.94781156    
      1243    -12.94781156    
      1244    -12.94781156    
      1245    -12.94781156    
      1246    -12.94781156    
      1247    -12.94781156    
      1248    -12.94781156    
      1249    -12.94781156    
      1250    -12.94781156    
      1251    -12.94781156    
      1252    -12.94781156    
      1253    -12.94781156    
      1254    -12.94781156    
      1255    -12.94781156    
      1256    -12.94781156    
      1257    -12.94781156    
      1258    -12.94781156    
      1259    -12.94781156    
      1260    -12.94781156    
      1261    -12.94781156    
      1262    -12.94781156    
      1263    -12.94781156    
      1264    -12.94781156    
      1265    -12.94781156    
      1266    -12.94781156    
      1267    -12.94781156    
      1268    -12.94781156    
      1269    -12.94781156    
      1270    -12.94781156    
      1271    -12.94781156    
      1272    -12.94781156    
      1273    -12.94781156    
      1274    -12.94781156    
      1275    -12.94781156    
      1276    -12.94781156    
      1277    -12.94781156    
      1278    -12.94781156    
      1279    -12.94781156    
      1280    -12.94781156    
      1281    -12.94781156    
      1282    -12.94781156    
      1283    -12.94781156    
      1284    -12.94781156    
      1285    -12.94781156    
      1286    -12.94781156    
      1287    -12.94781156    
      1288    -12.94781156    
      1289    -12.94781156    
      1290    -12.94781156    
      1291    -12.94781156    
      1292    -12.94781156    
      1293    -12.94781156    
      1294    -12.94781156    
      1295    -12.94781156    
      1296    -12.94781156    
      1297    -12.94781156    
      1298    -12.94781156    
      1299    -12.94781156    
      1300    -12.94781156    
      1301    -12.94781156    
      1302    -12.94781156    
      1303    -12.94781156    
      1304    -12.94781156    
      1305    -12.94781156    
      1306    -12.94781156    
      1307    -12.94781156    
      1308    -12.94781156    
      1309    -12.94781156    
      1310    -12.94781156    
      1311    -12.94781156    
      1312    -12.94781156    
      1313    -12.94781156    
      1314    -12.94781156    
      1315    -12.94781156    
      1316    -12.94781156    
      1317    -12.94781156    
      1318    -12.94781156    
      1319    -12.94781156    
      1320    -12.94781156    
      1321    -12.94781156    
      1322    -12.94781156    
      1323    -12.94781156    
      1324    -12.94781156    
      1325    -12.94781156    
      1326    -12.94781156    
      1327    -12.94781156    
      1328    -12.94781156    
      1329    -12.94781156    
      1330    -12.94781156    
      1331    -12.94781156    
      1332    -12.94781156    
      1333    -12.94781156    
      1334    -12.94781156    
      1335    -12.94781156    
      1336    -12.94781156    
      1337    -12.94781156    
      1338    -12.94781156    
      1339    -12.94781156    
      1340    -12.94781156    
      1341    -12.94781156    
      1342    -12.94781156    
      1343    -12.94781156    
      1344    -12.94781156    
      1345    -12.94781156    
      1346    -12.94781156    
      1347    -12.94781156    
      1348    -12.94781156    
      1349    -12.94781156    
      1350    -12.94781156    
      1351    -12.94781156    
      1352    -12.94781156    
      1353    -12.94781156    
      1354    -12.94781156    
      1355    -12.94781156    
      1356    -12.94781156    
      1357    -12.94781156    
      1358    -12.94781156    
      1359    -12.94781156    
      1360    -12.94781156    
      1361    -12.94781156    
      1362    -12.94781156    
      1363    -12.94781156    
      1364    -12.94781156    
      1365    -12.94781156    
      1366    -12.94781156    
      1367    -12.94781156    
      1368    -12.94781156    
      1369    -12.94781156    
      1370    -12.94781156    
      1371    -12.94781156    
      1372    -12.94781156    
      1373    -12.94781156    
      1374    -12.94781156    
      1375    -12.94781156    
      1376    -12.94781156    
      1377    -12.94781156    
      1378    -12.94781156    
      1379    -12.94781156    
      1380    -12.94781156    
      1381    -12.94781156    
      1382    -12.94781156    
      1383    -12.94781156    
      1384    -12.94781156    
      1385    -12.94781156    
      1386    -12.94781156    
      1387    -12.94781156    
      1388    -12.94781156    
      1389    -12.94781156    
      1390    -12.94781156    
      1391    -12.94781156    
      1392    -12.94781156    
      1393    -12.94781156    
      1394    -12.94781156    
      1395    -12.94781156    
      1396    -12.94781156    
      1397    -12.94781156    
      1398    -12.94781156    
      1399    -12.94781156    
      1400    -12.94781156    
      1401    -12.94781156    
      1402    -12.94781156    
      1403    -12.94781156    
      1404    -12.94781156    
      1405    -12.94781156    
      1406    -12.94781156    
      1407    -12.94781156    
      1408    -12.94781156    
      1409    -12.94781156    
      1410    -12.94781156    
      1411    -12.94781156    
      1412    -12.94781156    
      1413    -12.94781156    
      1414    -12.94781156    
      1415    -12.94781156    
      1416    -12.94781156    
      1417    -12.94781156    
      1418    -12.94781156    
      1419    -12.94781156    
      1420    -12.94781156    
      1421    -12.94781156    
      1422    -12.94781156    
      1423    -12.94781156    
      1424    -12.94781156    
      1425    -12.94781156    
      1426    -12.94781156    
      1427    -12.94781156    
      1428    -12.94781156    
      1429    -12.94781156    
      1430    -12.94781156    
      1431    -12.94781156    
      1432    -12.94781156    
      1433    -12.94781156    
      1434    -12.94781156    
      1435    -12.94781156    
      1436    -12.94781156    
      1437    -12.94781156    
      1438    -12.94781156    
      1439    -12.94781156    
      1440    -12.94781156    
      1441    -12.94781156    
      1442    -12.94781156    
      1443    -12.94781156    
      1444    -12.94781156    
      1445    -12.94781156    
      1446    -12.94781156    
      1447    -12.94781156    
      1448    -12.94781156    
      1449    -12.94781156    
      1450    -12.94781156    
      1451    -12.94781156    
      1452    -12.94781156    
      1453    -12.94781156    
      1454    -12.94781156    
      1455    -12.94781156    
      1456    -12.94781156    
      1457    -12.94781156    
      1458    -12.94781156    
      1459    -12.94781156    
      1460    -12.94781156    
      1461    -12.94781156    
      1462    -12.94781156    
      1463    -12.94781156    
      1464    -12.94781156    
      1465    -12.94781156    
      1466    -12.94781156    
      1467    -12.94781156    
      1468    -12.94781156    
      1469    -12.94781156    
      1470    -12.94781156    
      1471    -12.94781156    
      1472    -12.94781156    
      1473    -12.94781156    
      1474    -12.94781156    
      1475    -12.94781156    
      1476    -12.94781156    
      1477    -12.94781156    
      1478    -12.94781156    
      1479    -12.94781156    
      1480    -12.94781156    
      1481    -12.94781156    
      1482    -12.94781156    
      1483    -12.94781156    
      1484    -12.94781156    
      1485    -12.94781156    
      1486    -12.94781156    
      1487    -12.94781156    
      1488    -12.94781156    
      1489    -12.94781156    
      1490    -12.94781156    
      1491    -12.94781156    
      1492    -12.94781156    
      1493    -12.94781156    
      1494    -12.94781156    
      1495    -12.94781156    
      1496    -12.94781156    
      1497    -12.94781156    
      1498    -12.94781156    
      1499    -12.94781156    
      1500    -12.94781156    
