      3.45981288450452328931      3.20439271476527132165      0.56992474773770940288
      2.72546337013645922909      2.40696195919373945316      0.47001174220341990218
      2.37028801191632831902      2.35866853702374301704     -0.55708413396886491409
      3.17992018414407695559      1.46061459748373168033      0.75307497266462408714
      1.56920058029255882204      2.68858481364839541072      1.39853211744146399553
      1.69343130759074855796      3.51826469684358800194      2.28965129121847033034
      0.43863527340162500323      2.01921741028608137114      1.17171046732415318203
      0.45306594015964413158      1.33682178715506805311      0.42502478622262318542
     -0.76747203324374901889      2.16677992132243035783      2.00374499661279781293
     -0.46717102174169333750      2.30553036065159666634      3.04456859250234757042
     -1.52307765399430783404      3.42354465474081148813      1.54367354379889998306
     -1.81747257116497462626      3.32902747672080456809      0.49812535717087824683
     -0.88639667937215171900      4.30193775699814739966      1.65977392928796652072
     -2.41421492199563170189      3.55811614154103894592      2.15827619966172790100
     -1.70769691325312522601      0.94762798823363669776      1.95789890684949452471
     -2.26462589644124534516      0.55093882899714963219      2.97639349497984317949
     -1.87409248979833220616      0.34188524362776018251      0.77941734047947730524
     -1.33627897014510366169      0.69719714748175365404      0.00277517414079074803
     -2.64994730264579292367     -0.88560501674109859405      0.57162210825852599605
     -2.61621670294467234541     -1.49636378613967324647      1.47641726469876699568
     -4.11439638017242437229     -0.52547801147765482721      0.28022244818420155577
     -4.68645355377000250030     -1.43649141754654219305      0.09980417916446943094
     -4.18697344720955477726      0.12625997631200561178     -0.59077844816358437985
     -4.54034097287332105708     -0.01190765263128385973      1.14387931451711666320
     -1.99733026906394828259     -1.69189129929314074907     -0.55688736443882602689
     -1.40986277503907864173     -2.74525636627096636389     -0.31726289132422641481
     -1.90377621581710765319     -1.08885809148859702411     -1.74787202966013532901
     -2.41683925643336916522     -0.23373895892842758149     -1.88833314720253597763
     -0.73904743885305990148     -1.31737481266416267545     -2.59678415838516318814
     -0.69355287045640834354     -2.37535379994419715288     -2.86173532923698870079
     -0.87662663086485059782     -0.49160686615478671468     -3.88107308083341262517
     -0.92895382053519137688      0.57167598189945922904     -3.64086700546494101971
     -0.01230539915186736749     -0.66613658035271794411     -4.52310967338530200976
     -1.77983850293583478752     -0.78639729170003958014     -4.41711970642465256986
      0.51888337876816159611     -0.94180939388847384475     -1.78740478752543840990
      0.56373466668969940407      0.13890723386047842958     -1.19125929739136116048
      1.47809793216497031842     -1.86958178981124190088     -1.70114586841636472592
      1.34088572172069020461     -2.73062801838149704636     -2.20585210508664575357
      2.64615479068059000767     -1.80209175731433179912     -0.81210894559654422942
      3.08909928914753084683     -2.79830865845906373579     -0.81384122536228553635
      3.69646473024670996210     -0.86459168007019759905     -1.43012647449411844924
      4.61164846649084747554     -0.89351030402996833857     -0.83690184573066905838
      3.32114871508953779511      0.15834756005974079396     -1.44844870437458594914
      3.92799295775960821686     -1.18076844965323823899     -2.44750193944874139262
      2.33238629432852118128     -1.52196462189116088481      0.68348985301027109784
      3.19819261986725900115     -1.04084929051618346740      1.40920120170568052842
      1.11116295297268430353     -1.81976378047451259334      1.15542067541368775885
      0.44018684960141324369     -2.24294120387245587978      0.52631008618141139621
      0.68839387438945609521     -1.58397065131283176775      2.53544781904510108106
     -0.37690120527434756159     -1.79205860547617668033      2.64727188407073255050
      1.25261030698809450179     -2.23075155185362739019      3.20966159852629262517
      0.88100079613940751599     -0.54525308050818166450      2.81217206884244097509
