      2.78523287065039548693      1.53774419505307902156      0.49899909620204224714
      3.00984363875205085392      1.46368326990955743838      1.56188822687676642786
      3.57316589492138492190      2.33776892169650096776      1.88100387944331304269
      3.59788950572163779285      0.56458003159931469117      1.73881261241180373744
      1.72128147745931237012      1.38089987742454889386      2.34255340525698096954
      1.51510519682494826377      0.43990317458927719052      3.10207249409653362804
      0.84540938774638385578      2.36568483153797659568      2.14957717417222538003
      1.07855312684642767884      3.07242175003657136401      1.47200066904347348640
     -0.45592179421162998265      2.47813263358275293058      2.81714828508798298401
     -0.32510262328433581214      2.20229761615968833155      3.86474966067714031936
     -0.89104635352645222834      3.95080446874133706103      2.77779794506977051327
     -0.13474683104363932573      4.57686833864222819557      3.25234613997999710833
     -1.03305864757242815699      4.27051715338497306362      1.74424192559182111850
     -1.83370029189937966407      4.06681952173032090769      3.31428709761945006207
     -1.50000656140125188109      1.50200905568835429982      2.22658406459957136647
     -2.51481886226970807741      1.91655669497302705295      1.66857002479737448475
     -1.21537251774431709350      0.19893532841748451379      2.33548045582083574345
     -0.33850050355221150689     -0.01585522776109005855      2.79752754230364075738
     -1.82282467930967873038     -0.87791622002030655914      1.54792504856281265546
     -1.28550077083345293261     -1.78962967622774615783      1.80994518588759700783
     -3.28229404156840587348     -1.09445848849404248071      1.98798945033944485239
     -3.90371254105035081494     -0.26059136650000169766      1.65866191372463145370
     -3.33323289383775689387     -1.16748750787654098637      3.07512181068791301541
     -3.67326297423863268321     -2.01681473302207248111      1.55934073114303206609
     -1.62186042765577065339     -0.70276868085847976619      0.02255795934616791273
     -0.92149447304358833577      0.20199396988449347390     -0.43067997306932942481
     -2.17927104228933110619     -1.62934832565799458948     -0.76827765631703992533
     -2.75352164997077286657     -2.32451636807520278794     -0.32088041235841108234
     -1.94588336230570968510     -1.79425054963965324717     -2.20998583804621562265
     -2.39140129004311807748     -2.75004554690081803869     -2.48927104139716171005
     -2.71399499095624818779     -0.72310872659745217828     -3.00150919084191825092
     -3.77639862556862215826     -0.77816017382504720779     -2.76129279533162597104
     -2.58448859679015230384     -0.89322232277019131264     -4.07102222006095981754
     -2.34823701953436536627      0.27376722869677666550     -2.75125836940825685417
     -0.45276752856587615392     -1.93023029269628465521     -2.58276791493675217382
      0.05051518487505237548     -3.04690155041400512204     -2.67701639628660625903
      0.27282815492143447367     -0.81949380863503162864     -2.72824245985206870202
     -0.18033550038902881885      0.04930101259975922662     -2.47656168025430423185
      1.72061489084981200648     -0.77358198443883841033     -2.95229478216205531993
      1.98897093510660338822     -1.60100994250233252814     -3.61101324308992932544
      2.04941627350743882374      0.53195005749333346134     -3.69166481544896774025
      1.80922035153987037503      1.38792639568428022301     -3.05927563455392093061
      3.11289689069689901046      0.55808561941576650955     -3.93314839375548119804
      1.47603428258069890866      0.59113739225144179557     -4.61733812588808145705
      2.52720014384912117222     -0.97410907829600823504     -1.64447644133341297490
      3.45737940606755733697     -0.22372037587857035446     -1.35292381811942474812
      2.13934295094795468017     -1.96776648791344110911     -0.83377481110780671258
      1.39806846705847664936     -2.56733765451098161492     -1.17572770133052739716
      2.71075144738763285090     -2.24815102637112973483      0.48209541609436051823
      2.28230671359002501575     -1.56978648812061738482      1.22247013072220900298
      2.49802024109109854777     -3.27791147021539108763      0.77138062217158376299
      3.79270996146399674842     -2.10161446497357129459      0.45727474721978111916
