      2.63030309974165721343     -0.84128417812373501583      4.83204728785564263660
      1.76684146130949759623     -0.21101955136233141452      5.04368214223220245884
      1.11984983840269891608     -0.71041992607407211668      5.76227324981138266935
      2.10734804170943101909      0.74062088032404671534      5.44825432854938807026
      1.01052557101103479553      0.03274190790754349240      3.75984142137882271228
      1.40823354498344044394     -0.46185102341559303163      2.71250907925834150447
     -0.09430020017210626049      0.77705215778188674314      3.85284976420120583995
     -0.32470920016846893663      1.14191923056247901513      4.76280827580761556561
     -0.91608680393425256927      1.24032149692321436163      2.72098532271678239525
     -1.86271174798068717138      1.58071736292488962405      3.14152445060982010716
     -0.24237552459975356123      2.47542899938520344350      2.10056928060277980919
     -0.04249910454474958854      3.22244389373285056166      2.86925858510919740141
     -0.89778484105215450306      2.91543743967151858243      1.34706068164640435647
      0.69560090140487096377      2.18666181695085937164      1.62361926340064766094
     -1.30583155039585352419      0.15867935298848251380      1.68011349565586320942
     -1.49787178220877859047      0.46999315622339526977      0.50768348616582159583
     -1.37685661681611559715     -1.11698213581826877316      2.08747585131084445464
     -1.18103698796102452029     -1.30189529208672216676      3.05650966971923976345
     -1.54070595856304670690     -2.27840855118917584576      1.19962831408096759489
     -1.29956154545936830580     -3.16099167322819818438      1.79205004873601181359
     -3.01966075297677916112     -2.40638057502249447239      0.79931233807689971993
     -3.17233349149167631609     -3.33593048352388477085      0.24916344752482205704
     -3.65083441165501598746     -2.41445350675999925727      1.68807147571242666118
     -3.30553491002646993024     -1.57047824112189005064      0.15892610089095490777
     -0.55250919423691358112     -2.31460199830660684484      0.00405116634645452320
     -0.87142457918080229451     -2.86416941279085701666     -1.04648439080212307672
      0.63204926993577947858     -1.70361648268220666758      0.15523378907318585718
      0.83361483985344275727     -1.29298310613879130493      1.06012524024764154262
      1.61696797955636251132     -1.45444532381225943851     -0.90505961753020947036
      2.36488465053475227506     -0.79491564389749580499     -0.46444526950069225935
      2.34733162925253902031     -2.76258664910250173463     -1.24907623377261178810
      1.66248481473044140699     -3.45248813201379922688     -1.74392309089963237767
      2.73363245260252352153     -3.22497947547035490601     -0.34048900783109131707
      3.18041923068893117588     -2.55307013496550361253     -1.92099075754934034421
      1.09075978297852249632     -0.67799187457740361928     -2.14044972986515436020
      1.76067176381792855899     -0.63806799303002215140     -3.17253958731618546096
     -0.06682784137473705977     -0.01263564577866845874     -2.04322113175446684608
     -0.56224604357596730253     -0.04297283064102009470     -1.15984060558718460321
     -0.73982144193792920284      0.68768680802573300959     -3.14213729934277985478
     -0.60726163313389891485      0.08931736979499615980     -4.04477223953630726783
     -2.24453680581999037713      0.71825471741414093074     -2.83563549528439917680
     -2.43131792361801046809      1.32918254170173533169     -1.95138594439524748481
     -2.78268078492891746123      1.14634388107021023551     -3.68199333786546700864
     -2.60842825409214640331     -0.29473940494278627611     -2.65828717425740279623
     -0.13354807963058379361      2.07900889868150917650     -3.45172722914994478671
     -0.84179119332594876113      3.08282396451901030687     -3.52406084200516200866
      1.19403448879091111934      2.14430161665410601302     -3.61084606640852756598
      1.70034245951712659206      1.26599554286886961663     -3.55921538611467891400
      1.94114077065792822729      3.36825649945622274117     -3.88914116379334817708
      1.58587300529125618809      3.81006926890474106884     -4.82198470390701405819
      3.00527998335834567456      3.14589217121112563191     -3.97677521675516709720
      1.78489962473272378851      4.08520827019787180490     -3.08114603549723131692
