     -1.11762783754133954162      2.68450607640754279615     -1.63015889426067861478
     -1.99284300024851490640      3.21199535738602470758     -1.25493269025639220260
     -2.84886350323877035606      3.02316154229225331207     -1.89924933607822388204
     -1.78858526642175363897      4.28088559177859107052     -1.21921116420499253685
     -2.29880622357164954295      2.72515052866296159095      0.14202684349645239292
     -2.27746246480423719660      3.51090337954719045044      1.08121943206526771597
     -2.58762669862272165489      1.43087280364391244980      0.26531120855596712627
     -2.57708458702944742669      0.86927903892462488056     -0.56893760975329610297
     -2.80125086346097784684      0.74631034110427940664      1.54527954042236537191
     -2.15495241346252131009      1.20989569613680725269      2.29212957238186243458
     -4.26369916123345138459      0.96380045693014781971      1.97133091628951873098
     -4.48327471276315492332      2.03105926742558207110      2.02109622024932278350
     -4.42901198690207831277      0.53035229265248184927      2.95845170600599649546
     -4.93572780957837853322      0.48849199431960116380      1.25605188141178003569
     -2.41881335800720398410     -0.75478698394642596003      1.49803945971907781498
     -3.00474091239280038934     -1.56415016128182493560      2.21581676639817315433
     -1.49415452450471852863     -1.15516793383818550112      0.61450377772067654725
     -0.93900327006191630641     -0.45283181559834545515      0.14008177298569213232
     -1.23800622958863137946     -2.57404117549630706563      0.26813831958919776000
     -1.63976089091610943704     -3.16087094902391640971      1.09447152544004988606
     -2.13055190847875497440     -2.96567090778461439626     -0.93606004323119718080
     -1.87049220136648419732     -2.37457734540872289486     -1.81541432290974857899
     -3.17793699746881586066     -2.78870667916297421129     -0.68855844134126809042
     -1.99623501451604323798     -4.02310229543003217145     -1.16406940165585837121
      0.24806737818932425577     -3.08983224537182232794      0.20917854319133016849
      0.38478947599168267235     -2.25759145303081032452     -0.68509495709912671124
      1.56737226194283429948     -3.40492099464616160276      0.03934367927783281177
      1.80838986011402957921     -4.17869932205359528865      0.63446793317999838901
      2.78899656470524837104     -2.95537453868556365677     -0.71235392657174134712
      3.59726710654610881690     -3.58113186877177813727     -0.33251172422606090073
      2.67773680801994373724     -3.31942907798444775125     -2.20333868869809190727
      1.92524099745325893984     -2.69837414849171564057     -2.69031786118261750929
      2.40184224683304803349     -4.36859032358051191380     -2.31075010964314531137
      3.63904359836741564393     -3.15263072064798510752     -2.69073340853426934416
      3.30297599487604065516     -1.51613661629940965625     -0.47459736322795315067
      4.49223525213999863581     -1.33349161362044399404     -0.22394854540497177720
      2.43735351220956841800     -0.50770086671331127182     -0.52161616361879692416
      1.46967735669043242375     -0.75708308133888957414     -0.69933417166633338180
      2.73033144964065765947      0.89325791643397145503     -0.23765455038928384734
      3.57966473136753959849      0.94832526075484246952      0.44537210993478559828
      3.10809692134179504919      1.59744613411788316526     -1.54795941953379867506
      3.97779667472445597198      1.10891285678759121680     -1.99007053602783656743
      2.27398761560007178772      1.54917729728922792809     -2.24964220932152958454
      3.35202683356582920027      2.64187985956027926449     -1.35235370870056637038
      1.52516304308906835985      1.56524994336601674938      0.44140828049572050640
      0.38853329170958356142      1.12170172201980866689      0.26839723051365776962
      1.78029408369949360136      2.63929688477966317706      1.19867250376882705787
      2.73917065057655717553      2.93936123554447625850      1.27881070789915662900
      0.76618463088193300425      3.40824067450571188687      1.91798114789092366550
      0.27433873656972640465      4.10489837977553406745      1.23646781550453610521
      1.22275639972719285531      3.97026896738863266378      2.73347304969649584905
      0.00717835960763979746      2.74021161867215790053      2.33134730345311336208
