      2.08519857574847700121      3.72886812921551591415      4.44304349650329033494
      1.44272815345846328050      2.86588266568503646781      4.60887669015661760596
      1.91663534822625369891      2.19669464046305851213      5.32651525297042383045
      0.47729190422043943354      3.18787412324797037044      4.99434149513462877223
      1.24839698458480197196      2.12844110618733228790      3.30547770521980055491
      1.60563748693262464684      0.96318910122350975822      3.20774643779266854793
      0.66791431119534472316      2.81585088819794870929      2.32018632558910731234
      0.42525706119919531867      3.76908891573433502131      2.53375441986602023547
      0.40753019094507286768      2.38093848648512684818      0.93446272124479967669
     -0.17013853840916520754      3.18313987301877610037      0.47377743625365414948
      1.74030345780505180109      2.34021504933705237761      0.17551503377004248896
      2.25898133877574069928      3.29416212994339430153      0.27435138595961200414
      1.55656806448013340649      2.15341985462039131605     -0.88209751860148344349
      2.37637104784404673552      1.54763081712567873716      0.56947143081966211664
     -0.45704954597287456020      1.11137557966930811126      0.71056263522265372679
     -1.05998254259798074806      0.98674486045758469377     -0.35460689727170718877
     -0.58666208741163761164      0.21144645175808449156      1.69099540461159314475
      0.03351871513847037160      0.32794084162212161493      2.48392836463996724561
     -1.44769751301005089594     -0.97778441113524383610      1.69559655007445786445
     -1.09095362144365459756     -1.61165329667514156675      2.50890916520017315250
     -2.88498248192322170880     -0.57507447146361390100      2.06575810817687077758
     -2.88775861241824927106     -0.07960567063751616823      3.03742867621874923501
     -3.51352258017632301801     -1.46473003335419815762      2.12442555734281635083
     -3.29278903769596231754      0.10861994142995791413      1.31995711192256925948
     -1.32049520042339074699     -1.85536648479709942450      0.43150966320410033550
     -0.39785583576001837258     -2.66012927588761005637      0.34110540874346184648
     -2.20608448896739917089     -1.68843173199545582008     -0.55780099751922185281
     -2.89425643775881846764     -0.96003155342051837984     -0.45465353770353794660
     -2.15142492815906116732     -2.40708579948887679834     -1.83662270459517484866
     -2.12893404240750250267     -3.47873661362106023631     -1.63072882795107387821
     -3.43645480823095006429     -2.09112194434159537337     -2.61178385647053978857
     -3.48521474288227572913     -1.02509391811620176327     -2.83866015128076387697
     -4.30811691460310708379     -2.38027143432612620089     -2.02360217372645578848
     -3.44201364034494661226     -2.65252740024289179743     -3.54750083690691697669
     -0.89281373216227155609     -2.08794758289263615580     -2.67601466278660193865
     -0.53789877781639494625     -2.86120192932925077045     -3.56054041119517483693
     -0.20751991098122235524     -0.97899391410927028012     -2.37776061323949328141
     -0.59669316716793485700     -0.36411855353780880895     -1.67273083716718451441
      1.10053059089851612562     -0.61021729527288370853     -2.92382881194376365031
      1.41210572415062518559     -1.37559580647972068412     -3.63627532857608892769
      0.94115416352325531602      0.70418155196077814040     -3.70175298735585256438
      0.19256290359321578953      0.57992430820410489911     -4.48499910753782593531
      0.62925005286458124409      1.50228504106633753423     -3.02791564246105293634
      1.89090995714388832027      0.97616287415538960381     -4.16412200785104502643
      2.20628810644463380086     -0.56706576276093922928     -1.83980518080026689276
      3.20967706470603753033      0.12431430976674610889     -2.00630185575177755197
      2.00928983730992616330     -1.26858792833760469776     -0.71175931240192158445
      1.16623273989431641695     -1.82870813922473596236     -0.64708785911437083360
      2.92528669140487052047     -1.32191376664847592970      0.42776425454013433658
      3.06623401378125448602     -2.35899810104040419390      0.73511832133668830735
      2.50941944252453552622     -0.75968835495405573344      1.26540697758823816876
      3.89603925993064237332     -0.89771036648460478258      0.16296609010649304450
