      3.81882995537179592560      1.16637032262806927818      1.49885924922677338245
      3.57112163557580108986      1.51257060098966644723      2.50227847594036045820
      3.99470291160274060260      2.50013994665260286254      2.67184691900194870584
      3.97068842997504178882      0.81124079262822257341      3.23344356077021544138
      2.06950120429727624227      1.57042454469850878418      2.64683663201074459437
      1.49292311384315889988      0.83027405742478921358      3.43556217492170601346
      1.42191656263481736033      2.44057705699224491980      1.87328580214892403966
      1.95361881535089865203      2.98419255923455528645      1.21426774909252488399
     -0.03750280269126219507      2.45658031958762057556      1.77451414647928928936
     -0.45040706894606030719      2.52264033281591792957      2.78256895537125181761
     -0.47863220835289688182      3.69591074575383737866      0.98651909277479477023
     -0.07368872910872788229      3.65729401991452451881     -0.02625680074468656616
     -1.56721211769371882028      3.73013392191858761393      0.93298700055298322553
     -0.12048775135595987673      4.59817315037202778427      1.48412338095075169164
     -0.52977779560242488355      1.14721564046521651292      1.13033420666779749197
      0.01643314133854879497      0.72353195387337354560      0.11615204451201269209
     -1.56106366567046506155      0.51492732611550351418      1.70197978061219479251
     -1.96848371115577869261      0.95215331300116246016      2.51266280164436706102
     -1.82919522104043119626     -0.92367130928551910429      1.54880897870063782840
     -1.01959850990134959225     -1.46166230435404442822      2.04646085950871503556
     -3.12779551992446913644     -1.23592824576289572747      2.30298413707926874494
     -3.32030610418773131087     -2.30954031402769111025      2.26497633121902541831
     -3.96620702894979304531     -0.70925179471225008321      1.84504731100687147105
     -3.03546988814325091610     -0.93629399512463662436      3.34780379243498504849
     -1.88961201824314328768     -1.47789200523983987878      0.10650388952150775801
     -1.47655447460638367119     -2.61346443118667526306     -0.11115155483672714554
     -2.33087773430870814906     -0.69200678835298201630     -0.88398776130024059317
     -2.60936860646975521405      0.24729165781676645808     -0.65591579867207661092
     -2.33455473575722649571     -1.09157983811338454849     -2.30022747711460162634
     -2.88926139471738485653     -2.02707761496641403198     -2.39236426275275038122
     -3.07935410694606792603     -0.01031540856907201681     -3.09292969839288156564
     -3.14239164822344418937     -0.30910797477308354919     -4.14061647803645094257
     -2.54419031848195720258      0.93804921682255804072     -3.02781273286928787059
     -4.08995275421292792117      0.11092017248991366263     -2.70140449999797471747
     -0.92574461594120804886     -1.35259662724851836835     -2.88976835312356250540
     -0.80221594319442157683     -2.00674134625922828690     -3.92097179704800558042
      0.12391204069002846599     -0.86595873712852500237     -2.22356223527817631336
     -0.06774060079581967209     -0.30109482043689517194     -1.40485421870723792281
      1.53468718447772101143     -1.15927073589056028879     -2.47187004307606494891
      1.60282141309330738999     -2.06569985287505364369     -3.07546090072706590490
      2.13929364322346460270      0.00008732788862259066     -3.27754639379799783683
      2.10148447902776069895      0.91869303440598037991     -2.69082241146085987538
      1.58118909214947445108      0.13605071610352081901     -4.20464826738816999097
      3.17816650829544844470     -0.22536296695140053958     -3.52138282759162946078
      2.27961835748611685304     -1.44965443339665944755     -1.14429277327575285028
      3.44351557385401374489     -1.08472728951156072164     -0.97833505803349518626
      1.58689756284291516586     -2.06419988228204687175     -0.17244573508923272120
      0.63463645897067488821     -2.34249567552021709105     -0.37928101510062822710
      2.09093269838903106361     -2.31622023221531314618      1.17554944039907938169
      3.11551658650194518430     -2.69014285886178861062      1.12551282675320640791
      1.46336183591658830494     -3.05508618704568934987      1.67537320249575838460
      2.08187786971419752646     -1.38839906050184835884      1.75066635261786318623
