      1.54121608519521191560      3.06328722299689593100     -0.74018048894409416150
      1.36413314170614685672      3.00450202200915761352      0.33188434897233914933
      2.15789230949781574154      2.42900287967629324726      0.80495201827370688186
      1.33345353341217753851      4.01071882156233705530      0.74487095156892935144
      0.04338271137709902997      2.31241078943741218410      0.56994290513448175872
     -0.50427773187708357927      1.70313352393042949373     -0.34045252283492077883
     -0.46976837462741710683      2.42026721583373705116      1.79688769092496936075
      0.05696856736806023974      2.94710771029978291224      2.47327098146869728268
     -1.78990271855791927003      1.91666432483615079008      2.20360557468267259651
     -1.81044680435256366557      1.94094136739138689585      3.29322070209567030474
     -2.86923441661893940946      2.90081637794708990796      1.72326292845330164560
     -3.84048763809586324314      2.60640334960231179195      2.12335962921089915767
     -2.63801353638919788835      3.90984971204847742143      2.06535450136342157990
     -2.92122896803370624141      2.89111721863403525745      0.63328319814907663154
     -2.06567154833854305096      0.43879553770017187819      1.82950948536689428359
     -3.18328940243908453667      0.08528428961625217353      1.46364350071784343754
     -1.03757122689092073919     -0.41672751093821214230      1.89803056711310236260
     -0.13339246937932872084     -0.02268164064911016436      2.10972153931980921371
     -1.03687060176012701973     -1.83714840678938307050      1.51418979468908365682
     -0.01725957209698444211     -2.18593138637020123483      1.68281868853967475630
     -1.92305537130780956900     -2.64668761359067872263      2.47298458453611669228
     -1.79259001139674456482     -3.71141024212048487030      2.27493590169526260780
     -2.97251423473786058338     -2.39030265106161676769      2.32389399347891467684
     -1.64241059542127620929     -2.44119094960768867608      3.50615157788657949567
     -1.29988406398052869228     -2.14787731743016596653      0.02285509856791954203
     -0.93043433609506376314     -3.22909151401515615021     -0.42833997435023707379
     -1.81307129538881506292     -1.19969484070816778676     -0.76992449876506996453
     -2.16835338519842890648     -0.35845876778891050396     -0.33605688254056287345
     -1.70566876432264646901     -1.23353415661514742574     -2.23304066470724560389
     -2.10408498902236207329     -2.18234995288825972537     -2.59636146458052285979
     -2.55391466032281932996     -0.09096992592150902890     -2.80382094930867209470
     -2.17318027246502998295      0.86995667532875431416     -2.45436983191262525494
     -3.59088261719341206302     -0.20588286788436113706     -2.48592684883736314561
     -2.51153418511334747265     -0.11675338555646355698     -3.89335608987393078095
     -0.23284581201190929223     -1.14179569265773439568     -2.69205250560134379256
      0.14356611739172320252     -1.70421158348678258854     -3.71793361720061188436
      0.61081244805577294965     -0.49072550052378260954     -1.88622583635771601251
      0.20414831025810301068      0.03272852007940844909     -1.11887834074550740482
      2.05844579041407449438     -0.65512153490259172894     -1.86686935238682916172
      2.30815588101721447245     -1.59232044823380936016     -2.36776885066227160692
      2.70587855084372375103      0.49370328206347119382     -2.65061179147121261934
      2.32656651481335607912      0.49598445409283919982     -3.67380081481543729893
      2.46743701053726915973      1.44671772242511553763     -2.18007927886539842888
      3.78795090164025261004      0.36497672501699629510     -2.67599495069193338281
      2.57489320940866583953     -0.75025357797863279075     -0.41496421727907661925
      1.91961081069157590839     -0.30198994882753704694      0.53166706254990869773
      3.76852740967572108488     -1.33062812647353490014     -0.24092774113600959329
      4.24225228485076932827     -1.68105409152029183772     -1.05943603442912204216
      4.40977224843445991809     -1.51955895579844413312      1.05887970836537870234
      4.54822784195635509974     -0.55306796231350663362      1.54713632415363444572
      5.38044425311568730308     -2.00181432876011777822      0.93414554046898179429
      3.77810367177449579756     -2.14513486111622420083      1.69291475055044560172
