     -0.85537636246706971743      3.49464099722982002305     -0.40809956144878151152
     -1.92452594743463478721      3.68416440190741267813     -0.36213515735503420956
     -2.38810139269107590820      3.38904019086844776609     -1.30114420451119450206
     -2.10414163544406918049      4.74289189209663764046     -0.18179958744723190289
     -2.53849016036892027870      2.88301438654484876167      0.76310932641382056563
     -3.19203833818923632393      3.45212162084997187250      1.62681725806103294474
     -2.33351116614574927155      1.56708383654330174473      0.74009598012410016121
     -1.63991942436023641072      1.23187896849883116168      0.08417095778548024099
     -2.84890870545673635661      0.63040469953631494970      1.74860936803667299522
     -2.77000443456787914798      1.08874450736656225303      2.73624436895476819132
     -4.33226456309595597816      0.36169151428276424820      1.44882596209633218720
     -4.44486397933938182092     -0.07814376405250091084      0.45725606995466183680
     -4.73566112804246053258     -0.32538468829023631246      2.19387849040801885536
     -4.89663963878274532959      1.29409162139025069038      1.49523014481469007642
     -2.08218552847627291769     -0.70753076047525953474      1.79368655341946325876
     -1.89171484815514778788     -1.27239341262665917043      2.86754736894977924067
     -1.63894480352372795551     -1.21964858920467245085      0.64056584167233276972
     -1.78819233562862733855     -0.69577063784765147414     -0.20812672065262810550
     -0.89312035936435307804     -2.47170570725012517244      0.51012623978206683706
     -0.37987505111685176962     -2.67916468133094154425      1.45080213784401568233
     -1.87649856969123796091     -3.61556440984319360510      0.23093221549065284792
     -2.59763724471022872109     -3.68802234851174004504      1.04662731428290767255
     -1.33571270391224894425     -4.55912436703529611037      0.15338569321776041043
     -2.40828133675106403899     -3.43005007102672498931     -0.70363467209600261132
      0.16710560007344385514     -2.34914418201897801097     -0.59646750474181742252
     -0.05437996745606375748     -1.65168743755273528251     -1.58555445517240634068
      1.31640576709204415451     -3.01378347004483737592     -0.41624904834832288092
      1.37002888532227307117     -3.59800547495159550593      0.40274530499829436225
      2.58278107498585196566     -2.82445654688910741115     -1.15137271690158082826
      3.31365510026047882519     -3.48278277222750798359     -0.67958836972844349766
      2.43966436818600751479     -3.31900014994434000570     -2.59850440212160105347
      1.75883734841039185426     -2.67523346326377664539     -3.15639168747529419434
      2.05819557410876496917     -4.34051263366869921612     -2.60784525065688699286
      3.41548725283849341494     -3.30121681838024505495     -3.08557381404314634565
      3.19422758375877435810     -1.40634624977186284411     -1.04391760265466793101
      4.38669195485675000867     -1.27968511389541705903     -0.78111569624078791563
      2.38223059611662613122     -0.35388998956416822805     -1.14981125101105319253
      1.41496436704402661633     -0.53871624758361724705     -1.39525039342372281226
      2.69723343338619736542      1.01569194143560537213     -0.75453051805261017737
      3.61386862889561299994      1.01575476373540274366     -0.16220359256646230128
      2.93801187368087513008      1.85727874724506913928     -2.01362588895839511594
      2.03668655146349397711      1.87216512314405192363     -2.62851599554413395410
      3.75891081581450192672      1.42834221813930617451     -2.59030623072701171594
      3.19779199986925233290      2.87847986681683298826     -1.73370316777614741355
      1.56499999176786075417      1.58451279618482310241      0.12295305766899165822
      0.40447120488493265578      1.19611518001250249910     -0.02608043513861067753
      1.90164801462823640499      2.50642900900357012972      1.03408474455554988403
      2.87153239226689471764      2.77721499070370159146      1.08969167413364398378
      0.97091887059515891156      3.11455543001095636058      1.98666327797984343384
      0.48577238801858896311      3.98200542078398411761      1.53634711513780342074
      0.20249361246463504216      2.39476403600935761062      2.27904685478950996824
      1.50637437438181076566      3.43388582691156152293      2.88210460422178238460
