     -2.89642286946969429451      4.62488094153636808414      2.38883313869367563953
     -1.87982599639345049347      5.00666278284198540405      2.31451013756728096737
     -1.50492711054633621082      5.26045686419037572534      3.30446989855137918113
     -1.87038041862660997516      5.89633654077040159081      1.68543020600074155979
     -0.98918268189979252636      3.95730258970784110062      1.69421654177049285650
     -0.41209834890201979540      4.18058142472496196973      0.63802827429380115642
     -0.89589525870097053151      2.79222465955302556750      2.33280722793112671454
     -1.41851472681470314186      2.68300517788770864769      3.18668338077060653291
     -0.01105609864145354164      1.68742956350102657481      1.94048604885879827364
      0.95171202683974842618      2.12335524796366570399      1.66758931021758693980
      0.22472190871113148503      0.80267628359025244844      3.17432113937950699523
     -0.70691546915027003717      0.31941535979089663577      3.47244524534404908067
      0.96155030143364106365      0.03286726382260772572      2.94025472805552645639
      0.60309629174808598862      1.40531450215045716767      4.00103930901403348486
     -0.49005497497844408006      0.89614260160976899616      0.69589795502393769766
     -0.41061928504518019345     -0.33117099713452352594      0.65769210023353519290
     -0.99134587917693506309      1.58032682089328546660     -0.33712563811045614948
     -0.98313533523543006343      2.59314244231052892786     -0.27409383161769418358
     -1.60316794653810790194      0.96969575911247485323     -1.52362215114179422315
     -2.44695180795961020337      0.35741856118016157584     -1.20064314689922913004
     -2.14332883927257356049      2.10122312158659108050     -2.40642455268302635218
     -2.86002679414906957334      2.70279024983446314323     -1.84586028843734450966
     -2.64637534163981280599      1.67526473522705110497     -3.27611482440028911611
     -1.32469035386264466503      2.73740246380267304716     -2.74645291961247250967
     -0.65752150001817744052      0.04237517375384603630     -2.31783687827173867646
     -1.12277460402188600241     -0.87720983805094543406     -2.98098532008473693367
      0.66097249524312451374      0.24014553167080557317     -2.20931507158341755570
      0.97597758227746589377      1.02286750711050800078     -1.66113261490435237810
      1.67931115705595446208     -0.62045024212011790077     -2.81961439012011538807
      1.31546329319689037085     -0.94096688487369417597     -3.79780530860550724626
      2.93727118069697912262      0.22967692646372653287     -3.04488398656044045865
      3.68728413593135284643     -0.36225053633458387248     -3.57209353824647335429
      2.69410890737458830202      1.10361282117699111005     -3.65043039736229957271
      3.35018454605367654864      0.55022787651883720006     -2.08768918585650098407
      1.98543897294083837579     -1.91536630659264206500     -2.02660262930891477140
      2.83353365526607792191     -2.69449457874702336113     -2.45241020270337362064
      1.33393638409003578715     -2.13872448433325645922     -0.87714109858250477458
      0.66962763952233339548     -1.44367301816540694048     -0.56787755282224028353
      1.54807836859292180520     -3.30764062837174410703     -0.01217058411252509333
      2.05370102231231665968     -4.08958734054423977966     -0.58198347261385163787
      2.47574862933164574486     -2.87778424622899331453      1.13198794394329405044
      1.99827857993234392353     -2.10008193302904144772      1.72893793558588759751
      2.68905797302119164982     -3.73753686182727840048      1.76876165252268435779
      3.41472035374067850455     -2.50096783433511848926      0.72438646501977232983
      0.25030976671246712995     -3.94229366893509114433      0.53632338317311945008
      0.26143426720026879950     -5.11078917216821793090      0.91637983390874055978
     -0.86458606576262431176     -3.19940245451813121136      0.57972427646653024169
     -0.79212892452265037946     -2.22301529577752265965      0.32558351105883459597
     -2.16351227550153835111     -3.69270515271092625298      1.03051789128909754290
     -2.89892469257300255947     -2.88792726592819981590      1.00720844313944901671
     -2.07776892546207925250     -4.07775974513534489319      2.04836295930916278962
     -2.49338691436069215257     -4.50302330842124565180      0.37743064751864752182
