     -0.71169611244833819175      3.48496500036451273274      2.66258848877523135457
     -0.06763485607321012560      3.14407382850941674590      1.85482508676031576655
      0.03471768805969150523      3.92361066858286333670      1.10098608290641841734
      0.91397175370194672084      2.89132332422410032180      2.25224307236852849812
     -0.65962942688380998835      1.91796790751754309134      1.20336007018912982680
      0.03457293596686102088      0.92279334831084114388      1.03548938714786054049
     -1.95223689889762819227      1.98825447612417915977      0.87284324045879102538
     -2.41011228595038229372      2.86887266054039091756      1.03975034191224890989
     -2.70027260494174248251      0.99265797187281723524      0.08616572111910947296
     -3.75724278721829607619      1.16045761960223114961      0.29348610897802135389
     -2.49075228868564391149      1.30035874601504564119     -1.40338353086434297623
     -1.44747734639896474818      1.13140865832071546571     -1.66550252663245634821
     -3.12046478107228075771      0.64972904928840191641     -2.01162527354752684872
     -2.74717407153417036980      2.33896002087607035591     -1.61431761568447607047
     -2.44505088519410751502     -0.49030726073875141591      0.46173832458427555014
     -2.41683925823090106633     -1.35748985252954423864     -0.40843940446597432059
     -2.21536816521694035487     -0.76824365630433133489      1.75185708324282596315
     -2.22761585682792606633      0.02200619550482506639      2.37422119909547113537
     -1.70081509340182157608     -2.02141332496628800541      2.32982601149570234256
     -1.56259345207232347441     -1.83018164189656307173      3.39459782630425443983
     -2.77273982551323383561     -3.11688241295997281455      2.23083722352356161878
     -2.44136329348304448317     -3.99851912618399962795      2.78119226590980694880
     -3.71062203005044732862     -2.76330082459587211829      2.65988151475904599508
     -2.93383581506235557868     -3.39539362334462690995      1.18870422711399403859
     -0.31146482366224048643     -2.49647431227680938193      1.83466164975268242188
      0.43502083168022992465     -3.05921681494757313757      2.63153622912703033521
      0.05414984385362711650     -2.26553475132912929269      0.56941434562922810247
     -0.64697899890302501547     -1.86572025923498729938     -0.04193580815164405645
      1.31570149852391793388     -2.70931922022703197683     -0.03486913284273756436
      2.03934443720364955155     -2.89293471204034302602      0.76083681870825825566
      1.04656543686636660517     -4.04516111329867200652     -0.74410575401898326753
      1.97910941262895700987     -4.44513039831463796503     -1.14431086323834674268
      0.63411717296896608076     -4.76450296403689677049     -0.03541132661160583533
      0.34099297544717799280     -3.89722802397012380027     -1.56267129146573480192
      1.97662061939412558864     -1.67895172684789062423     -0.98256054001596249137
      2.96056098062223993495     -2.00642451601962434893     -1.64373571298553122766
      1.46351713609536759897     -0.44537047198167212247     -1.07321760155363077338
      0.71988728804201640443     -0.18175516982069886418     -0.43603949156384685937
      1.97617417960481467354      0.58801752086402014896     -1.97841808818372721923
      3.03157572915868378516      0.39365704607327317577     -2.17576125180110846458
      1.23785180922131843317      0.48235471996038659093     -3.32171390225815033048
      1.40332793234525787796     -0.50449139932483855198     -3.75608371364669046955
      0.16883262183241901089      0.63572731082601319219     -3.18226575374974629540
      1.61806202131725873627      1.23887056418319030371     -4.00861895202280837935
      1.88258760779870670810      1.99551858425762529414     -1.35448178211810366101
      0.85907830210443503205      2.67491015282698851863     -1.44513202182378242000
      2.98127656184950406981      2.43576607823092627925     -0.72709463074316471598
      3.76672857011256256854      1.80507336369501558693     -0.67577041435836970873
      3.11835829873665248968      3.75163129223341451635     -0.10466770209878210884
      2.50935245836291143107      4.48478833778999863569     -0.63833353606524079193
      2.78689941520513428941      3.70502564790814226114      0.93309981421347520936
      4.16102543901803567650      4.07116748268793049448     -0.13367451156279150370
