     -4.74102262899507120864      1.22455913915059677599     -0.71082492560788790303
     -4.75614213987585454646      1.51437387628833408648      0.33805828148251221288
     -5.64928873259166408616      2.10055701397007421605      0.54806371296727940390
     -4.73978806331277979780      0.62432872761650370919      0.96378737235040146114
     -3.53484625737383018063      2.35170845614172741023      0.63601374169179747398
     -3.65740206552562963083      3.50997205792121080847      1.01438696796115701559
     -2.35849554099524949535      1.75847188882336458171      0.46590076127106333503
     -2.34874051137875206052      0.79451566668501538704      0.14563271584999509800
     -1.05638619240105979813      2.38038679894110094537      0.69589888167126900953
     -1.15682448910480317750      3.46432430560536186448      0.61903008162473105447
     -0.61554493641601959464      2.03336480659604701415      2.12606959792994265612
      0.34819617782611472778      2.49064259460094472587      2.34963930222336436771
     -0.53783908766263310852      0.95210097640123747542      2.23778546247944643000
     -1.35324093882704032943      2.41032526022683368794      2.83621130892283179747
     -0.02768219902873428687      1.93188072060821780518     -0.36323439186676315105
     -0.31614572551353836705      1.10285561121426911591     -1.22820285288504504884
      1.19309429157146462686      2.47424538873481925094     -0.30688241297843754651
      1.40239219969021311485      3.11878862060832462433      0.43762103773642757609
      2.26764410022689810731      2.12611369731468080602     -1.23795746985555688013
      1.94414901555106056641      2.38464779772496893173     -2.24728632055198929152
      3.49963306196710677298      2.97792040816634706601     -0.90489941406155094406
      3.25471200439345365041      4.03757741071667819455     -0.98585840396102952798
      3.84193272320505441186      2.76072278935210313477      0.10850087076489993432
      4.30374707581230264708      2.74576718956031395891     -1.60427723727644155893
      2.57275961201832847891      0.61285860792724089485     -1.20199322312228029652
      3.10939255859221841405      0.10778813211753889012     -0.21940516397248532865
      2.19634476504858167090     -0.09566158896517323873     -2.27439538335823776549
      1.70224364880777745412      0.40161298641747089633     -2.99746823793527372715
      2.27542454972695118443     -1.55591186037279793908     -2.41308994875641058542
      1.71417503017841821311     -1.80529548121561189689     -3.31352491623372591434
      3.73356934125194506180     -1.96000589157323568124     -2.68675014841624459905
      4.34042865671594313426     -1.78276962601549548992     -1.79758102762246863016
      3.78105928184368167422     -3.02041248337834700166     -2.93777253513601666057
      4.13391595743112105765     -1.38189800804352835861     -3.51978823265426887801
      1.59003531018971622224     -2.37463791637776111543     -1.28751514241869524646
      1.92844823293535916342     -3.54024848291354743424     -1.08597893182133931056
      0.62341184347411104927     -1.79623662198919054056     -0.56187296426209143441
      0.33098493996701078279     -0.85488559393366381212     -0.79757482837412851939
      0.00255616004932036770     -2.42238889643743160462      0.60877201733349284307
      0.06809640811260220250     -3.50661296669238620183      0.50470693801010357848
      0.81099503766614144951     -2.01756235182254917149      1.84989877358083520953
      0.38544184789660490553     -2.47467253236130968475      2.74321126348505739401
      1.84331565971404964799     -2.35423179091591583401      1.73951843830856911488
      0.80774772030410568746     -0.93353221013458098643      1.96048083720204213698
     -1.49151038818026515642     -2.07532390046939463346      0.76370539584379015796
     -1.97425252261076278337     -1.06901149755589153223      0.24652502911211768288
     -2.22744860018995183282     -2.90859417092578409481      1.51009411549301275635
     -1.76677271667745583450     -3.71179023724011925012      1.90941139122287451002
     -3.65233860030946599906     -2.72566589610603005056      1.78159897228617536413
     -4.20184766225588912647     -2.66173857962399784682      0.84004957124171886207
     -4.03673318192356589407     -3.56385746626749355670      2.36459923351773948497
     -3.80555403101763900509     -1.79946487810008703967      2.33896203956372028543
