      4.18287947361691259118      0.56858704573753893197      2.40628035827654862544
      4.09037724524709478402      1.63159643095873985175      2.19291679582413312488
      4.34813402348466127023      1.81442624141940522797      1.15107105437987589092
      4.75108219489461802709      2.20093784024003946698      2.84445251936181353614
      2.66345184910654886323      2.06321267225363635944      2.43339815181203267258
      2.40812147849121593879      2.91021040678203846142      3.28037785305930196245
      1.73269036171101808996      1.47692708422944307678      1.68666121584844730386
      2.04135820607620521727      0.78115769993640726820      1.01444305685368263426
      0.29781682047445745543      1.75630440766249962259      1.77310658968189538420
      0.07378623410217735601      2.16836329255679682859      2.75881998582727039349
     -0.04799186769437403799      2.81419923158897855586      0.71434446182880328990
      0.15645341585475641688      2.42415540218752889601     -0.28298305163362064141
     -1.09995322993079902574      3.09080917007705258115      0.78613458217620524326
      0.55800546754508673075      3.70691876913567330831      0.87900365387723888855
     -0.54698176560290923121      0.47991972174675873175      1.59925092903446919301
     -0.04229980642886095599     -0.55872340589266666910      1.17887136684112703300
     -1.86001929056351023029      0.56715500458510348381      1.84536455531009924158
     -2.21590515693955225629      1.45364431276024985706      2.16612534741506701508
     -2.82437419844506099054     -0.54655737551412486575      1.77615286982108155911
     -2.38778334701265482209     -1.38452484243887652404      2.32250465229671121392
     -4.09054973993587456249     -0.11949699606382732653      2.53362427454629290935
     -4.78009450180682904374     -0.96263622655766334368      2.60081969984827354736
     -4.58452460394461258630      0.69721618877032531802      2.00556127507736059457
     -3.83417619841190226992      0.19996902077676387277      3.54448516329218188403
     -3.12515265125608276975     -1.09027383501637542551      0.35002942478046183972
     -4.19344838245802264964     -1.63881606670883916976      0.09698847072117051937
     -2.18328104799908606637     -0.92517735914954846166     -0.58034666950948210484
     -1.30236616095872625998     -0.57458976496703539905     -0.22978876779981080580
     -2.15030810491863011435     -1.53966072788102437130     -1.90876208285790438524
     -2.54849566819263229078     -2.55485272247104999721     -1.85169151828690203843
     -3.01650150754505297357     -0.71566950581718269397     -2.87353928095179211866
     -2.66289869936718703869      0.31451585545209254091     -2.92324895562381881220
     -2.97514216430872435737     -1.15909164430098488019     -3.86927310673087676562
     -4.05303135137189762816     -0.72168125482403788773     -2.53279411759168704421
     -0.69004710043659633900     -1.62342034749852914821     -2.39151231484793136417
     -0.19867332412333277292     -2.69301472179305356747     -2.74116636906044019995
      0.03956625271151854861     -0.50455255690080946795     -2.30658379318914485978
     -0.42756920886242599789      0.34055902171828045244     -2.02471264245600890419
      1.49113400310827493023     -0.44251817778332436237     -2.47989853827603035086
      1.77777292326873204154     -1.13339030461300338537     -3.27500750597861678415
      1.86612091977834415601      0.97444753235156678084     -2.93889653456740829185
      1.34661684496560840607      1.21531043599113064424     -3.86709797551542155958
      1.59934665515374341282      1.70286091917623161329     -2.17250902810512691588
      2.94172148535559063731      1.02681529426936735128     -3.11328527721872516665
      2.22084997459046284973     -0.90009794498845729915     -1.19670669994579847994
      2.85387149523033301080     -0.09980245924252495460     -0.50622545637688598497
      2.07382979129022260167     -2.18408363320125653573     -0.85107649929669881850
      1.49051959771739994665     -2.75948920380421824916     -1.44902896006441217480
      2.60824174452741353036     -2.77699019141460379245      0.37225991144389708465
      2.45766809072080549825     -3.85729898868913911869      0.36158025295928009069
      2.09484103530639487190     -2.35192884778096766851      1.23733587992211657713
      3.67531149418574099030     -2.56187989705052343581      0.45417079376770480570
