      2.90657927211436684090      3.50669273750757692909      2.46090522053981208828
      2.42840541652705299569      2.81075547679952109092      3.14742403861083142047
      2.54671765432995611533      3.16010433659426404063      4.17184576794636186037
      2.87668158344247748559      1.82548827035349048309      3.03813774251835688744
      0.95637096298679313833      2.72424420406362610692      2.82167830588587165153
      0.11825737450973725085      3.03144957914496382401      3.66016848763329072369
      0.64388702606616043944      2.30222194563009185941      1.60061427147498025469
      1.40482404422520712473      2.01497274806217152587      0.99390261050138017929
     -0.72362513815852447241      2.07925799893039542354      1.13015366616071011308
     -1.41431836669544996887      2.63009193719455414140      1.77118764749843671247
     -0.84279025461082313075      2.64963071605931066443     -0.28921430868646547108
     -0.57264764818009294967      3.70678826091462321202     -0.28331527997738675806
     -1.86717606484685871848      2.55108941281522794142     -0.64901773871482248968
     -0.17126720802801601029      2.11391589625234832539     -0.96011010786307648956
     -1.11686355810856707826      0.59090170457360702283      1.19525332344699641851
     -0.25999171790853858877     -0.28713436805750147673      1.26380954382741017561
     -2.41422549776064165883      0.28606839577451231849      1.07043181067579129540
     -3.06907711841972297151      1.04846815902047429958      1.00210791686525824140
     -2.98238645544651248542     -1.07381484976700614098      1.12851834923736515925
     -2.56347375383900510926     -1.55978636220062205631      2.01158820696680118445
     -4.49564607210350963840     -0.94113598059004477392      1.35555166733038556792
     -4.93034696490544988023     -1.92873053557709850381      1.51843826188060604387
     -4.69085768098476840748     -0.32732840351595299255      2.23580634296190794430
     -4.96675876182701259154     -0.48917069379079280989      0.48176128602669127110
     -2.63027880022402227311     -2.00535323605439863570     -0.06702403342996771096
     -3.34668372273157466168     -2.96064731815958559480     -0.35108037772227007611
     -1.53374959708699165617     -1.71693767529151442019     -0.77128598250894575550
     -0.95593542286590171830     -0.99219038209941967654     -0.36837413156206788578
     -0.88904587037791071857     -2.57141362398585426874     -1.76992607831622184023
     -0.94232474281897304902     -3.61319929084038715672     -1.44704254462198544928
     -1.61685937871150464673     -2.42685491270209796610     -3.11555831894894508238
     -1.11985460849009665907     -3.04238982584436445933     -3.86647871110870378075
     -1.61610555663962518480     -1.38719183785595312486     -3.44383694813775509402
     -2.64824258886032604110     -2.76799849300076283853     -3.01391720836910481651
      0.59658567421817076948     -2.18131106148849740478     -1.88636852855127412631
      1.48568973187725905660     -3.00779936826843963260     -1.70169028110947317955
      0.86795504128599054727     -0.88731703276468287811     -2.09457933377080340875
      0.09386274336830296994     -0.26362758104909844725     -2.24909644322230706237
      2.20508530859051310458     -0.29752500877319071337     -2.01839097170788228652
      2.92699976580206788768     -1.01958466895299104671     -2.40475632954773388406
      2.25147108267064677278      0.93311773538717801557     -2.93623028291282572866
      1.54226661074142623598      1.68772865007519623504     -2.59599683327712416059
      2.01029278089231544513      0.64306651764372768643     -3.95955890450294223371
      3.25473514917460970963      1.36114311154882727806     -2.91872300123105565817
      2.59832424824686825104     -0.00821979407499386083     -0.55253702497007650685
      2.67766717829860212419      1.14735986878570539460     -0.13088503851788130250
      2.78607357217626061541     -1.07411477780898989565      0.23362480487426426357
      2.63746533554228079765     -1.98661821138689864696     -0.18338357082162509704
      3.08619276067775860639     -1.01006584312750224974      1.66185954229341659172
      3.33646526288819611494     -2.00382810878856032488      2.03563378525855265266
      3.92770191030255455544     -0.33710570540294071407      1.83581562186551927596
      2.21397505967484775624     -0.63616271191125106643      2.20216009182972527469
