      0.81399504536021305423      4.65712892466147199144     -0.75955310507687234800
      0.00317438788559109382      3.96927393063477795820     -0.52503704471449996749
      0.03031577064637065375      3.12444697816912109190     -1.21084078609413081651
     -0.95077719527812831757      4.48596032483151940795     -0.60668833523029008781
      0.18119496416060582034      3.46627358135924179550      0.88846713244225850037
      1.12281631384066726831      3.86134297845599805399      1.56376132107071108557
     -0.73039721859869422005      2.59995998188985222299      1.32636458392267586603
     -1.47196940906086881640      2.34694310303694697595      0.69587264657220559982
     -0.70769084706721285816      1.96876834365267572302      2.65231573351950800088
      0.32208272470337884208      1.95831858066191766277      3.01351005899698165535
     -1.53826901396811233091      2.83876337642230813785      3.60841933442145990085
     -1.47785782452256642117      2.43500157997488697603      4.61998744655145365812
     -2.58167039745916460092      2.85221146111934586997      3.29182020298962596527
     -1.14730792382913859839      3.85717307700235512158      3.61657763640152252194
     -1.18086429778860346751      0.49481454098436949973      2.64900215517710924118
     -1.42617204348932835600     -0.07971667612276270298      3.70761920399264877091
     -1.34411533575847808031     -0.12002440719264780011      1.47223392882468617771
     -0.98956719410849380836      0.34192141251047208916      0.64265865593288906688
     -1.83817559386084061757     -1.48887247416220835916      1.31269559238561561720
     -1.46597579726189497507     -2.10137241978135902443      2.13562663826810306134
     -3.37318027988461954791     -1.47945132931817502353      1.36857602403787570466
     -3.70665706052069721110     -1.09352078432650889894      2.33296529054882872956
     -3.77346114752571404338     -0.85032976719855746239      0.57203413844246653319
     -3.75208842627463790009     -2.49437670885214890504      1.24547358967360444204
     -1.33554796399374087201     -2.08093324208578733803     -0.01402487342960428637
     -1.62719190135883051695     -1.53877193969945391672     -1.07943446536835940819
     -0.58517482671734954991     -3.18828906346532914284      0.06030997385063304600
     -0.43988875295526791431     -3.56840528824133551566      0.98186169762100949931
      0.22917285962789690767     -3.78475739588070858588     -1.01385254685966996746
      0.78328205477166379378     -4.60749692474213556892     -0.55961606705702715558
     -0.67391830047637912848     -4.42060086704623866893     -2.08176458493718241627
     -1.24544765068452667478     -3.65352845879344867441     -2.60543576017007172396
     -1.36342255019033853358     -5.12428530177563779091     -1.61422907364915957373
     -0.05867523020013080265     -4.95644659255129571562     -2.80562283633563458451
      1.31157021735652490335     -2.84417251629722089845     -1.59183036616477746605
      2.49554655529972002626     -3.16034346616179240286     -1.51172898428435731333
      0.92868363006915322089     -1.67299415214116442563     -2.10206413334721631259
     -0.06509089303410428573     -1.47085883066411948761     -2.08159150703682938044
      1.82249662891480168625     -0.54253542989218761505     -2.33158787017652979756
      2.83172965608935900406     -0.91689674412157851080     -2.51128887386586718833
      1.36549214114486794358      0.20431548570313995405     -3.59018379556543587583
      1.37346269213929739195     -0.47334731808838298450     -4.44492413968352106934
      2.04022263588476526763      1.03706750484760235054     -3.79086533860672458829
      0.35486009687215341879      0.59013172497049115606     -3.44623583767164642921
      1.86226046523053123671      0.37305133493743752870     -1.09192903560131160390
      0.83914304287878016542      0.58139516553161807444     -0.43446092002035291424
      3.03995253712770718835      0.93616822991204762250     -0.79542896405809027094
      3.82847501257019917631      0.70707103661517789472     -1.38012560980821041845
      3.27425011664420839708      1.83213143732551486664      0.33651844888148269019
      4.31432559847338925607      1.76969783054648543974      0.65890509864308588472
      3.05175300296332441263      2.86164729550350882548      0.05030244970741432065
      2.63029692521269220506      1.56134887734190086483      1.17646587193751805955
