     -2.19362955091366451654      4.16122525513125385288     -1.54091200350224699633
     -2.44465124165293223868      3.16828868812643937858     -1.17110464336764596993
     -3.50693984102020328564      2.98321745419151262979     -1.31597104500753414591
     -1.86024991072153200733      2.42046398433588105803     -1.70349069166147204513
     -2.12153053022216786516      3.09824364939421093013      0.30344185006640739255
     -1.65226245035818264384      4.07413181177673067168      0.87346470760328964733
     -2.38199921660887969921      1.94331481775809256085      0.91175762161345663692
     -2.74835535784641171730      1.19413500207687461874      0.34902826898397731892
     -2.18523349427127655531      1.68770671370111191578      2.34418900804030005958
     -1.38425809007371447557      2.33588766791672464151      2.70406765530240900119
     -3.47565588756615762023      2.07165675763704548729      3.08647590718860787007
     -3.32916971575704678799      1.95739967834634454036      4.16137329657482002432
     -4.29630191101462077796      1.42760501622010371747      2.76867869913619335520
     -3.72793982257253198043      3.11226226833475916322      2.87812369929171962823
     -1.73292137021185244095      0.23538880952112728462      2.62770469554224828101
     -2.14332578989553290683     -0.37599641307009007418      3.61215774553570501126
     -0.94042054025984256338     -0.34987540372685815848      1.72463732028036020871
     -0.58650482312594942602      0.21810677983630116783      0.96109234103307872310
     -0.49528977786289535290     -1.74520187525320435995      1.78563262217623885952
     -0.48262332677177871565     -2.07961970771788573487      2.82468999776529106072
     -1.53087110045197283270     -2.58698666541089972171      1.01588555747373376903
     -1.30470556971370155175     -3.64893153250812973809      1.11393718717437062438
     -2.52368106821301685372     -2.41541779344132478968      1.43567616123163421804
     -1.53837298095130270426     -2.30533986284462910632     -0.03820951104036482415
      0.94660403349414712348     -1.87746491840414320151      1.24592172435029713284
      1.75722014735310083644     -0.97068857354524440417      1.41397958195293260708
      1.26817520086523449763     -2.97366454372848210141      0.54439822607913801455
      0.57933607906960715717     -3.70245575583040986700      0.45638287294283863549
      2.54230242424535646251     -3.14587702585229811447     -0.17162922715170572663
      3.35519744374573081203     -3.05717734941449181818      0.55153935976768486693
      2.57023519474029393805     -4.56390162140933242085     -0.75586455290142917640
      3.53093703552028248538     -4.73537817268051952624     -1.24437421168472517330
      2.44729395500151403198     -5.29876219423995298285      0.04069657443969921379
      1.77380581827565597663     -4.68395683167471332808     -1.49143222051364410241
      2.80267644665033133222     -2.07575365724156135627     -1.26261283971184057329
      3.92012086003102044884     -1.95601095974431715696     -1.75684598735191332963
      1.78658670412985220999     -1.27731813083357192973     -1.60453214944612065906
      0.90579768736193344569     -1.43880409594411950991     -1.14531549581385028169
      1.92991497360028119168      0.03564627527870632001     -2.22057968880308687076
      2.98620085586068517713      0.31080649172693358695     -2.23597230733518737011
      1.42719764534910464882     -0.02391303140184098883     -3.66777698241109417765
      2.00258851805820414782     -0.76430440393998388959     -4.22557307683334126835
      1.55075349239473458951      0.95050703294099603280     -4.14127683392459911005
      0.37174572996774141176     -0.29916732227901282615     -3.68508996067682925712
      1.17696885457728694924      1.07956604532534927721     -1.37209180056075275012
      0.09960064822170035248      0.79015163850666392253     -0.83900397909589374823
      1.74440409460435286171      2.28666697523350848087     -1.26115727651467257608
      2.62832839623627734227      2.43149851546272710578     -1.72402815919837726355
      1.22180247723112445080      3.38329959134926205877     -0.44838684909435844173
      2.01184599836237554271      4.10442549359775998852     -0.23468275349744113778
      0.41302941180324703740      3.89073399953430110187     -0.97606589726344639146
      0.83622324130598968406      2.99963142887629619082      0.49904746281714340572
