     -3.22046666652258029018     -0.60944857865428037069      3.57413776536401517347
     -2.67663767217598813630      0.14615605468590556204      4.13766241672463586099
     -1.77604400882302693176     -0.29792821838280880709      4.55826957169753210763
     -3.30424163524477609855      0.53968618819794433872      4.93539036143502318765
     -2.28680506865879040745      1.27232815979424551678      3.21042713609896246396
     -2.68554121196622030965      2.41129758584602660321      3.41994033652560114334
     -1.50869760429852517447      0.95222930037525055358      2.18054888746974695479
     -1.24471885616828581433     -0.02302689582154485853      2.08044771918750637241
     -1.03706361084908760262      1.90321829371848227908      1.17075772279683842925
     -1.72018165302673975425      2.75410280891941727788      1.14004605567568528812
      0.34899822866992280535      2.41202049893441738959      1.59398757615149033739
      0.28738932717856452426      2.85372047829243857819      2.59019556594113709025
      0.69989485324895606144      3.17386279361483181205      0.89791323481938145612
      1.06050159739923643976      1.58619900386609491427      1.61452259608034554006
     -1.00778949886098101452      1.28152710636915312392     -0.23772678942392386214
     -1.08332054906376007430      0.06530284528065770366     -0.39392026939325047730
     -0.82733385999253516996      2.10411846550926240340     -1.27747779703197816836
     -0.77166950963694680432      3.09435450541669920810     -1.09845355731907434738
     -0.85331778087034793057      1.66561353117868371498     -2.68209086814723196568
     -1.82540299343037371038      1.20841595294415427020     -2.87690864963774428631
     -0.73080449257447344102      2.91405711034787673341     -3.56479669676971733239
     -0.80697728067691254505      2.62446523324298741642     -4.61436011367573062358
     -1.53566766379678631971      3.61431362484506912836     -3.33743456504173519050
      0.23278424443666428933      3.39873424954291625255     -3.40170706246428311559
      0.21136597392495354297      0.60706657482979653473     -3.06200023807531085396
      0.03708050096197335055     -0.09857065615660333402     -4.04962267237668083197
      1.28481451662058820951      0.47233297097289578259     -2.27339281938704340646
      1.37166616999961932244      1.10608046683831817703     -1.49760355916180598612
      2.30569095377745814091     -0.57687304267071548569     -2.40617111402979055867
      2.10676586524581432869     -1.15568353303432247436     -3.30988989692624091532
      3.66773592555193239662      0.10682206803259711170     -2.58809949904592917491
      3.63482394971211419943      0.77696080060141059498     -3.44808735295237012153
      4.43546047074640803487     -0.64849855564789049556     -2.76322818310865914171
      3.92640231556778784849      0.67330244662199612016     -1.69287120105314525809
      2.30048205496735524989     -1.59259078879441284826     -1.23700246669753677331
      3.18815096180264578862     -2.43503973205110790801     -1.14249075109790010352
      1.32401932379893327862     -1.49900572552020805439     -0.32805853818700897451
      0.57373088477100964155     -0.84204582320842702448     -0.50632869200020746980
      1.20839868667052807716     -2.30265077865482270525      0.88961661815851267310
      1.58973153236803854682     -3.30621535800400767613      0.69315631888633510993
      2.07616150092810203276     -1.66416189429055672022      1.98672355780594611652
      2.01336884870971211114     -2.26312367650282597609      2.89601136559065919229
      3.11695642528869498733     -1.62704210828464002070      1.66231793693081519869
      1.72803376325019231174     -0.65443146811809882468      2.20374440312429298316
     -0.27476380420618462530     -2.43693496509124152283      1.29673004900930077810
     -0.71486032088292339459     -1.88102843140090802976      2.30442212172313665164
     -1.06414229692254602710     -3.12214642688693766459      0.46076124441615895488
     -0.64238240621877928938     -3.50842348789118663177     -0.36990137766677783082
     -2.50798628439517257149     -3.26878235317331045096      0.63127967090677983286
     -2.90524199144410522067     -3.97020794120341991018     -0.10365006759300708639
     -2.99049611783547719668     -2.29816313099476499104      0.49856665745932410294
     -2.72785403705487849990     -3.63626554838048710039      1.63569790828492100943
