      2.26086236371019833058      2.66661930904492416872      2.66518653672774163965
      2.36727666430329763969      1.58644054484280472295      2.58384006821952638688
      3.19935366210681149113      1.35359993900250641374      1.91995035072418129829
      2.55346191662498789299      1.15304250620774850766      3.56434159746224876741
      1.10242765649642437964      1.00192748964759248409      2.00228326741474793593
      1.14691186330462713272      0.38721691412956726897      0.94606436497836110533
     -0.01645041578504050431      1.18648688150682368736      2.70944211111201749276
      0.06303125251588499733      1.72735263183427001366      3.55451722048792184694
     -1.37305947617723833609      0.82786458012897357062      2.26586303703542490950
     -1.99312630219053210645      0.75535313877572074492      3.15958083503142450610
     -1.93465734253698751210      1.99037541695744857329      1.43625740804371448966
     -1.93325724355501127327      2.90797214639304035799      2.02512293783322805396
     -1.31804605549553111032      2.13933544672449560409      0.55140228370008537162
     -2.95715366566934889647      1.76940902176573655602      1.12760428150141644998
     -1.47210544768211271105     -0.55884052401399275656      1.58125393286558590944
     -1.99680858194459465160     -0.68467515209332574511      0.47321794468634603703
     -0.92017222797063158435     -1.58507968795515452598      2.24597696128683921302
     -0.50156381090147716950     -1.35472875685307703186      3.13144042307645564804
     -0.65021290335075188072     -2.94928386233286632390      1.75866686414666983929
     -0.12701584452172282047     -3.46569479194690099888      2.56461014485754201786
     -1.96919653743074851704     -3.70927669336924026311      1.55338168157899092492
     -1.75325302009410366466     -4.75008128147757258120      1.30840539874517514107
     -2.54038528654071393831     -3.26762976624530798730      0.73606279800338592079
     -2.56409329456973233974     -3.67713696343448503967      2.46662652902631407414
      0.30466512103831694391     -3.03654679119835924084      0.54715728916233208334
      1.29672930369903038894     -3.75685890190186322357      0.61168902156253091018
      0.02916827877182456147     -2.28867371893277171679     -0.52094419576682882145
     -0.82165674977669611589     -1.74573743322132179934     -0.47285563224959969997
      0.92479031639268960419     -2.06923260461486702155     -1.65828413177504874199
      1.95549826598218889906     -2.21372408640310780470     -1.32920405835295452057
      0.60396276495256262518     -3.12326362485607944564     -2.72683870305232334275
     -0.42213891067320563621     -3.00338689436619210582     -3.07635643609360798223
      1.28552830343587354278     -3.00668534216436666995     -3.57052893626620759804
      0.73080601748742912704     -4.12310851598331495893     -2.30930143389600184278
      0.83941550781156104577     -0.64188269217363580488     -2.24550850819618696974
      1.71873385821213897628     -0.24433558602736962784     -3.00802497703298543641
     -0.18946262969689645073      0.14729849768700203905     -1.90801076078800369018
     -0.84128094004806819317     -0.17729482719452824280     -1.20789591499044823841
     -0.41981575058656583899      1.48833253857127356667     -2.45592072003504480193
     -0.07088895422360382004      1.48925330080300488689     -3.48978786794607520605
     -1.93418892999621316875      1.74315736256158104744     -2.50074384480312561507
     -2.35066846385424410570      1.73024038849612926683     -1.49443768330981674453
     -2.12880086482627950417      2.71631239239067534541     -2.95325589189782844457
     -2.42126564922069542618      0.97260141089600704589     -3.09906086826493920583
      0.40094254250900418501      2.58711013808418632820     -1.73707623751312278948
     -0.13111178019878677592      3.62596631839011385168     -1.34525498499285611764
      1.70226402246432639842      2.34347819400018941849     -1.54123429613129059312
      2.05663308332280347912      1.46095965116918469207     -1.89334656871019935132
      2.62912479804180465592      3.24619665245709621004     -0.86458112779363194278
      2.81758438869176908170      4.11729136976521203906     -1.49423975891217386547
      2.19290674751614167448      3.58052644999108693469      0.07803526545605055098
      3.56975838012583635006      2.73143786653530495911     -0.66528701595595962637
