      1.91999143265637428613      1.53059680588980362437      2.83843231617414826218
      1.91982642310108997385      1.48547167014520775652      1.75079570519371641169
      2.20955528435739401161      0.48288666397193985569      1.44545023549992213141
      2.63234406068725945715      2.20650211432364651287      1.35342835716760379050
      0.54235316489851648214      1.78962742559081777749      1.21471099553637751356
      0.12073717680759255000      1.18555079973454047249      0.22961379168442838661
     -0.14841114040520511641      2.71757894114481546310      1.87914879297256698365
      0.32217738110433025156      3.15149842850970429708      2.65688007187506647355
     -1.56147616238518027743      3.07943967059157008848      1.69680540094587950506
     -1.82152768748729876336      3.74132390735508746360      2.52445932160816521872
     -1.73455245684346914814      3.91154285209072716256      0.41613435831841433243
     -1.09357688649790829594      4.79293445869657741554      0.45909042439712793859
     -1.47021164640312274052      3.32280430127294179599     -0.46289145887736848906
     -2.77264428522852002246      4.23536592234568320947      0.32900228033231782021
     -2.53981200285622943369      1.89139577395248426051      1.81656875922117500011
     -3.23506415025713556233      1.77542705665807898363      2.82008718471410491091
     -2.56841482149325628370      1.00834378612222042015      0.81657041915733385995
     -1.93226988953199541044      1.18145984345509202917      0.05267921609917308734
     -3.34877151545417950373     -0.23188275045529882501      0.80312006873354635506
     -3.51355198306367277894     -0.55586130916921405731      1.83249624806733701909
     -4.71565327294754954579      0.08073696064368666991      0.17584897569630322800
     -4.59064530943921056405      0.39431503369932618952     -0.86111607031306025561
     -5.20987739257102244750      0.87383545362403636236      0.73878081249277116616
     -5.34506740430474724945     -0.80994901085557580167      0.20504721199671238629
     -2.65470371469439969658     -1.40892293340022534132      0.07531499858651614920
     -3.22587161616518613982     -2.49392335038377455092      0.01410584291030961973
     -1.45723119218949803688     -1.21577728585370126169     -0.50244869856340279579
     -0.98906904770603454313     -0.33294787775595219292     -0.35532535306594992264
     -0.80518977717517403736     -2.23139190870318726567     -1.34672356444151875010
     -1.03943248254797615537     -3.22372594086323838170     -0.95551507771994437235
     -1.40388488324814209030     -2.11812204896017908240     -2.75742024465762325391
     -0.96859798472496350108     -2.88401676568809861578     -3.40111128369225435009
     -1.19380040500363882039     -1.13473576049423541257     -3.17968595390118080601
     -2.48326178197151392624     -2.27245400729199298340     -2.71842824590317810873
      0.73368400385372700701     -2.14347615379283062964     -1.43814094296482797297
      1.38418315263684865712     -3.15683996397998667405     -1.68368957663204499298
      1.34084726040393564794     -0.96613176629719699218     -1.25253316159497840587
      0.78588807466853083383     -0.16558401273848860624     -0.98104716256651780526
      2.77041448473764573279     -0.72915369374750316211     -1.48935806110276125480
      3.07534244691431268848     -1.34489537466152930811     -2.33739274860943080370
      2.95586858516508144135      0.73555405857808697778     -1.91409175807958664706
      2.67029760045319619621      1.40263249352695074101     -1.10132087962541302950
      4.00270679522385552929      0.91303574086407135457     -2.16434623139658555147
      2.34292630875477492225      0.94982130090972483050     -2.79016953297639336284
      3.66417697256013541462     -1.16613653438212572233     -0.30459534980897839951
      4.43479491114536283902     -0.37299272308841124879      0.23438205137247666854
      3.52280374499938497834     -2.42346271592005146900      0.13137318074893061803
      2.86677849978098109318     -3.01189108868947963416     -0.37311820571108889055
      4.25925674726833136674     -3.00368010026581355731      1.25180686064994373119
      4.05124302097528143918     -2.43887653216040778403      2.16229584438255306722
      5.33118459153769119752     -2.95914833814302946635      1.04973387084571267991
      3.96318876790459473369     -4.04370151595529492283      1.39630596482345459286
