      0.40251178119160152535      4.19136880042067794250      1.45864935797363792780
      0.30356074079499151264      3.40869915974601811470      2.20598148938095484084
      0.91463443651427545067      2.54863573716807101377      1.93662665895506558300
      0.61562346514930377239      3.78695857276932956736      3.17846987241877698693
     -1.14494887453864024884      2.99000961867239967162      2.28879910082502080471
     -1.80887676587216716939      3.28690071334969102779      3.27187794639701623467
     -1.62322210228370056306      2.29956503933726930100      1.25531586236920311705
     -0.98589154559740499462      2.09591486827367656787      0.49517078546545434392
     -2.99000662964881902539      1.76019702560407576009      1.17612897204873667611
     -3.55180768968646010109      2.06586433889045828494      2.06071987999467598485
     -3.67223919300261947285      2.38030380826360410396     -0.04983014404366674366
     -4.70470302525200256838      2.03233841247372737371     -0.10626466964365528789
     -3.67157986058126883933      3.46748414011863781425      0.03776140642084648003
     -3.14649558558145914233      2.08739957685631072337     -0.95939109583004267279
     -3.03810430832539246637      0.21680087078633472619      1.14143291398467461306
     -4.10077745061445408936     -0.38081933422879360451      1.28942418801166081010
     -1.88751075279827418285     -0.42608387859879226500      0.93388696673144344640
     -1.05478276746568710998      0.14329221739178957251      0.86197193107716341132
     -1.67950446278848208870     -1.87378753045678547728      0.94838993511768909794
     -2.28262288057583973000     -2.32868396576597458392      1.73616319018770193239
     -2.12540756693271060129     -2.42417694848076603620     -0.42047638704991352476
     -3.16774279142348058613     -2.15644436698482033776     -0.60190598190969302195
     -1.50936555890675072611     -2.00261886806730915467     -1.21647667402793691060
     -2.05187010802639724361     -3.51165061287471180762     -0.43418346824000492168
     -0.18690348402733597544     -2.13495621502874088904      1.25081905297156636969
      0.46700834535148610938     -1.31084647764990203100      1.88683997710931339320
      0.41250159297373018008     -3.18828159936671085006      0.68506006309774158947
     -0.15717942229608397597     -3.84154401847324500352      0.17237515572457942636
      1.87404866763040400812     -3.32264176093695251524      0.56292677812174085616
      2.31209360355132620413     -3.11910408533351590776      1.54182918265508472899
      2.19079757269665087449     -4.78191333330411527669      0.20527019074116695241
      3.27165567149670755143     -4.93134643068898359530      0.20018367176116949602
      1.79775895234217353291     -5.01869902883448748554     -0.78424233606025828269
      1.74998540442120997795     -5.45212320093990499004      0.94424839906243418497
      2.51490320146873136409     -2.30116388104841895768     -0.42310380667176489267
      3.59072657715619225627     -2.53759415569726920481     -0.96621100267803539108
      1.83123701088578005880     -1.18358017904161183509     -0.69109141535004214862
      1.02083587809841835892     -1.00062340045599107441     -0.11746403613826887635
      2.21718389621660083577     -0.10007132071698993103     -1.58743198616897962516
      3.29539606958415953741      0.05409185380915794428     -1.51706584077743067418
      1.86044082690928558321     -0.49803182861883688037     -3.02732984479154465518
      0.78559122748276721815     -0.66467273127533976762     -3.11329973241174995380
      2.15615593061728771929      0.29276424875362533351     -3.71715123423371585076
      2.38819317057121649484     -1.41364299446783570069     -3.29913862779258248992
      1.50155650940643159430      1.20767629483419725034     -1.18376298579935657074
      0.45787267570732764765      1.18175120958931034743     -0.52106061468395703518
      2.05224608825343146634      2.35043877372741238929     -1.61236462856505902153
      2.90009046054091257361      2.28369105426043272900     -2.15502412661784559234
      1.51613070393465698693      3.68650674732011163215     -1.35477429033946772385
      1.80348039010808514071      4.36563708535627625906     -2.15918691151260766503
      1.91144125050151414413      4.06686827724152433206     -0.41149742631570807028
      0.42588072466877241462      3.65394370232268572707     -1.29659366095123163021
