     -1.71609808539737174193      4.06815506883720079401     -2.18551392151435486255
     -1.27725702202939173091      4.25304358487829414770     -1.20850915296876437743
     -1.64855368899586851583      5.23983411712303581709     -0.90228319334924789175
     -0.19407971730360035201      4.25300120972713902034     -1.37207151992522558004
     -1.75594846723710973357      3.10145426412543834260     -0.30528375939868196420
     -1.09873397371098735498      3.73251096122072345551      0.52046969174137291958
     -2.04744552576179517089      2.18745119553811884217      0.66034911109900085169
     -2.68882253458960507331      1.49393282712499364528      0.31813268621710671935
     -1.64735402849820733451      1.90077549159876357798      2.07663543544220052794
     -0.66394127082410314689      2.32481845287665134236      2.28392747878932489414
     -2.66593764130239252452      2.57328962505175784514      3.01176636415351017817
     -2.36144699809035873983      2.43470357000939197079      4.04980466189871979310
     -2.70892993535516701797      3.64232872467151524987      2.79994865034750617383
     -3.65339204044014786987      2.13472694248133354478      2.86642620372995926559
     -1.50973440077882936627      0.38556997889485500330      2.35937417124776338540
     -1.52481076778803181782     -0.04416724994209807881      3.51138816039194390228
     -1.41397139724374887315     -0.44087037576069187939      1.31274130599398830554
     -1.25315013082011250667     -0.02448353526166427777      0.40271751340947636866
     -1.32877036874641984987     -1.89971684711154797931      1.39844001094014758202
     -0.76528103475293363100     -2.17109915313556012251      2.29273788401989842001
     -2.74364604515147858521     -2.48412579479959738649      1.51339302610910420022
     -2.68945520532743476139     -3.57091569910998396509      1.58211091644936208134
     -3.23151582375912393985     -2.09799043077450209083      2.40964595162316674859
     -3.33296405844794385587     -2.21063468687862485496      0.63679465340313357036
     -0.59869813987398035060     -2.45423336061141528219      0.16484666789842195023
     -0.92102964008882537428     -2.07333407770726596553     -0.95930527211949101485
      0.38659098782193451749     -3.33650534707837298498      0.37928847929529546645
      0.53398360476894801696     -3.61768625317564485044      1.33530343329675904585
      1.41909324786946910990     -3.77134194117592125295     -0.58280323361916541725
      2.09636844406414146746     -4.42573197515471594699     -0.03219662664124095519
      0.79121181258835571182     -4.64043535303043608309     -1.68268392046439463350
      0.13302052353821897102     -4.04151264435206059034     -2.31300990580668042185
      0.21891334778396023819     -5.45335500251476368305     -1.23468651258063855103
      1.58079029240001900369     -5.06417182204001736778     -2.30457917217846741664
      2.31858220069435860822     -2.63780085465049651816     -1.13398888069519698796
      3.53781534438178812962     -2.78209505479379304305     -1.14038052580310478312
      1.74330493296590605112     -1.49367144831226528190     -1.50566989559079855709
      0.72923781521947750317     -1.46155322774362428362     -1.49112730349373001637
      2.42193216563200852676     -0.21882600639003685350     -1.71705413213931090688
      3.46102676694525612788     -0.30829859596815883949     -1.39587162122000019160
      2.41047047542441550405      0.11112707273846129941     -3.21448950806112865308
      2.90823815658683315633     -0.68511289276882303412     -3.76987742376631596031
      2.93657732909954027889      1.04947527979439603207     -3.39167363297924184806
      1.38161571826067808288      0.20545593639488682336     -3.56555146739297024183
      1.75727658445268719589      0.88188621853028559272     -0.86593110388969296576
      0.56155688498786338059      0.80851845889989726324     -0.57374332181879095227
      2.54000428820053070211      1.89374013539611785184     -0.46977241108492401311
      3.50536202811738517582      1.87976956193150690488     -0.75902513292622564300
      2.10377891036297404170      2.99979393713953523815      0.38291218139457106062
      1.75611749002140848930      3.83179178411705700924     -0.23019544728143401247
      2.92751345526003570185      3.33988698498482783350      1.01155615530620046627
      1.28058513486677738591      2.68262824615590034227      1.02656720451128524729
