      2.59022527840945571143      3.42067418540391576798      3.36865035371852306056
      2.54327030697502642909      2.35874059321341045248      3.13601820313447454680
      2.97931528189783678684      1.78667336461972348083      3.95418817547237910759
      3.09090421599498199612      2.15234553568932396317      2.21792729602424021351
      1.10235826568708272788      1.94247710989313659979      2.96134507040961425517
      0.62260278224800069680      1.06258688606648332708      3.66472740577200362111
      0.40576310249096542160      2.56652828488999684708      2.01273016667616255759
      0.87058891536230087471      3.26173190056848616436      1.45360530528213094392
     -0.96373928708478184824      2.18693070086018526155      1.66224493936111183956
     -1.56291889278817519582      2.20056797752094635001      2.57456193118682641341
     -1.53825782743164851674      3.22595905138004068746      0.69143267111739969977
     -1.50713721011025092444      4.21651260445431486090      1.14762956956964035093
     -2.57444930292021911811      2.97994110224850095037      0.45668731178879734545
     -0.95645143436490243083      3.23568726296098185813     -0.23185442449866416892
     -1.01767049420224986456      0.76001261078985815622      1.08013382803638902097
     -0.09860822748289924111      0.33709917007286588353      0.38075450768974172799
     -2.11170477503389886209      0.02921800351233480933      1.31915254186192676400
     -2.83666574509038849072      0.44475708544039160852      1.88184369994593958531
     -2.20203373427570348042     -1.42419636872930310822      1.10440927073129824265
     -1.44219585254867710411     -1.89863958719333525416      1.72871608518712394087
     -3.57485704400404724623     -1.88133691816930204155      1.61463110203703519296
     -3.70069308349222003685     -1.59714822236196596350      2.66021151436463654250
     -4.36804486143487391558     -1.43295774641696893603      1.01482501735765784368
     -3.64712874731934677541     -2.96784435096693410827      1.53918367893843743843
     -1.94870567133521666037     -1.93293866118100265972     -0.33618024154367970313
     -1.73046081112664440482     -3.12464009644433149404     -0.52124646288087583823
     -1.93723047192670483341     -1.05595946693304476582     -1.34598825347477535352
     -2.10083308385855893619     -0.08768570953825564895     -1.13050852444199856350
     -1.55620456838050569282     -1.39650338273286100943     -2.72126579948929325781
     -1.95493699614054605718     -2.38503327513394802750     -2.95792538326077636412
     -2.22582341874056588438     -0.38212789306703237591     -3.65764661269024182744
     -3.30607328005875666932     -0.39283456974188668553     -3.50800240099603533039
     -1.83823906597199648871      0.61910186211832440861     -3.46586913198237400735
     -2.01356582575522491396     -0.65052868149005649290     -4.69390644228853926023
     -0.02733204999273130403     -1.47211267208407248219     -2.95869494631144869246
      0.39447754524231404272     -1.89671196453832235918     -4.03065272691531628624
      0.79697285251253624505     -1.04269499491706740812     -1.99333843942947974703
      0.37781350088059195702     -0.66825535730853580230     -1.15387790636570830571
      2.26409844865585041518     -1.03327491583250963281     -2.09171973114685272321
      2.57881826351133813802     -1.81522676441179831031     -2.78562565227306047078
      2.68302320962901319490      0.32400094909670901222     -2.67423496437145491456
      3.76656977364667699959      0.34726540066066141632     -2.79905088467707008348
      2.38212376330244257616      1.12904407093064218515     -2.00300325169033444084
      2.21568451906113139671      0.46812750152344217991     -3.64935928175328383460
      3.00581913874788675400     -1.30144054818263810169     -0.76047845240232103681
      4.18229184728962533057     -1.65467949537987801811     -0.78453535948060726390
      2.34823977025627783632     -1.13404464128644244525      0.39587061193744282894
      1.39931049934771323251     -0.78708403997751930081      0.35575628198455394591
      2.92362913958925796365     -1.36447388636363453607      1.71909335281854347421
      2.23173057038289934795     -1.02615149089583734821      2.49275897842817029115
      3.12146211845855603428     -2.42958519780473158889      1.85238431596957342506
      3.86486865329197160079     -0.81987231483145961430      1.81349208756241897511
