     -5.40395224340697044596      3.09223632169861817331      0.97973670519946931545
     -5.13680629912840025497      2.26201675116684119971      1.63081657699865245625
     -5.72947517652224025397      1.38683337753001523218      1.36610020397749276633
     -5.32765921009645904149      2.52614095592546572533      2.66940696438473201724
     -3.67284097158717282028      1.93415269313040938393      1.45732467752429917240
     -3.34288606531159215862      0.82150218843362698973      1.06972954990452340240
     -2.81337372410678154822      2.91396887691821371291      1.74452711946756999772
     -3.22256759747905974223      3.77871441212422931599      2.05714861834159457032
     -1.33917096105153565766      2.89122255401270900066      1.67927770649695862204
     -1.00725969804437753830      3.90063946854123599906      1.92552733536644082868
     -0.80184632481163531370      1.98339846956680943002      2.79533180449935381162
      0.28596320726618840169      2.05893694951227868017      2.83268853148277788279
     -1.07282914144626406738      0.94534066150411877327      2.59864111926566021538
     -1.21152838874218282683      2.28843710845601178150      3.75865782415677207595
     -0.67622603906300571275      2.58355720226321539101      0.31419282071573895188
      0.37727962019987393294      3.14930001763610656340      0.03107954253139004475
     -1.27768272398807125612      1.74264914487574706925     -0.53484429052761106593
     -2.11995869405438552846      1.29565955648139641276     -0.19397837394356678975
     -0.66755037225926161515      1.17349446683232261357     -1.74174668935021537131
     -1.35270402202568984507      0.40963021053471126987     -2.11057132698017380079
     -0.59039492582767749695      2.25760085611101235514     -2.83338549479147960852
     -1.55828702444023670104      2.75071669884037017795     -2.93237664852285240258
     -0.33262656468290974221      1.81059024943356594584     -3.79330361941944271820
      0.16249550112142674418      3.00300354095172883362     -2.57281441451783443597
      0.66438156857912600284      0.43580624962506692155     -1.45135799393771858234
      0.94745066731876304011      0.08543686378410704496     -0.30494318027518635406
      1.44134709003769323488      0.13430538377602727063     -2.50106292309840672061
      1.13187945744922080493      0.47415177929562801751     -3.39667410217170573361
      2.67247958681785835466     -0.67555708356779164969     -2.50954053907499208265
      2.94991484351086175053     -0.79999330182690209234     -3.55734379092863672867
      3.82087775238334170780      0.11296726869090344125     -1.86118856908329433075
      4.74945814930270415744     -0.45186153633911307903     -1.95322147906617016311
      3.94053818864616323125      1.07403709667571134467     -2.36266811004910426419
      3.61495579145895140627      0.28768057804264440813     -0.80431140546193413687
      2.52421550160622931713     -2.11641196934091668780     -1.96789253976987410510
      2.63804539441433139046     -3.06423521263740195053     -2.73848770752424064412
      2.24456045011250715504     -2.27604669282315796863     -0.67285058735166491939
      2.14179214320292654605     -1.42673804158873851478     -0.13123463596430759437
      1.95849723645881845790     -3.54878072895171481349     -0.00233041875849898704
      1.84467925337382232520     -4.33008736127515891923     -0.75581860140137557824
      3.17046616265122782607     -3.90813338334817395037      0.86758528324090100625
      3.00822879343243210215     -4.88002544892738221449      1.33589058243369307455
      3.30900209204972917121     -3.15662307047286772033      1.64570752120307028932
      4.06717576074304787426     -3.96162404845413940180      0.24891272648964116176
      0.64254166897465758712     -3.53998179726516015720      0.81332749919972269215
      0.24818893330162861144     -4.57780661065921368191      1.33989668772920222928
     -0.04409258136083959306     -2.39148311369256827419      0.92135434974250451923
      0.33729816438314985660     -1.56330479358664842238      0.48022411177332630094
     -1.30727007053073585041     -2.24827717397401949384      1.64217793365361219848
     -1.72917562462299612136     -1.25719805884136692775      1.46773368207755927628
     -2.01653335470529793128     -3.00408485534224256597      1.29945825271633252918
     -1.13901517950090003239     -2.38587366945616885516      2.71149171139729494584
