     -1.91299757343189624770      4.21110670633847483657     -1.50179315228232601598
     -2.18791741318653887305      3.23779544598342949868     -1.09855165180953640025
     -3.26598771694763678752      3.10622617233388753633     -1.16227235892945546247
     -1.68175881311054387091      2.45355746488672910033     -1.65912121359628028650
     -1.75729308041233367454      3.16701098832001637362      0.34774328561817680061
     -1.18849690466104185305      4.12042178679734050206      0.86390493190663386613
     -2.03860619617584415408      2.03633696424875143549      0.99249394244096633688
     -2.52850610812807952144      1.32148878893794607947      0.48253154854752916547
     -1.66121262660281843182      1.75866181722515890762      2.38490641452465723660
     -0.79161265253614199189      2.36789896996544690921      2.63738239068442625879
     -2.82549727026211394687      2.19194764137575015539      3.28874496184060083337
     -3.05569670454390385217      3.24439363005743031110      3.11700636305832246009
     -3.70844404596770838012      1.58756292182640090793      3.07845114196295277509
     -2.54623663976027758693      2.06317976019460980197      4.33536467207335451945
     -1.25099038703254028526      0.28844911430791242424      2.64091862241101660302
     -1.05964494997352787209     -0.11082511873191799867      3.78742081854356893444
     -1.13988482976729454954     -0.53413069341546992597      1.59235070390622923675
     -1.17316554772317860333     -0.12989654567797256912      0.66544517594455077081
     -0.81025648227236701793     -1.95788301496388750245      1.67906454455382325719
     -0.09495754969528823197     -2.10960376481668188120      2.48923659617494275054
     -2.08425079602149621039     -2.75612441265139951341      1.99062602394270826700
     -1.84708665602881527690     -3.81820451721667497580      2.05806739662261639623
     -2.82246801507109967844     -2.60451706745724420600      1.20155883123825124592
     -2.50347650595624271475     -2.42777758377842722837      2.94288982270218735238
     -0.17561345122497534765     -2.42713183417128108843      0.36107814905672053207
     -0.69653488430480581250     -2.11874352459417547578     -0.70956988651848651450
      0.94664446626314113775     -3.15428559133659147662      0.44371711125837476342
      1.26057389493102189881     -3.38735329211940294769      1.37213677616407214721
      1.88067374700121536790     -3.48685988963217141645     -0.65091468871849500477
      2.71755906642508548998     -4.01477990767018955154     -0.19157225962515045392
      1.22717592267648711868     -4.48618062167090592141     -1.61692444095381948621
      1.96766361383195853563     -4.82654193407607401411     -2.34195504559602296624
      0.85060156343588089189     -5.34778610610235904943     -1.06474367537235647951
      0.40343520941308130823     -4.01390006303610302751     -2.15337630559928117080
      2.52102441791559872541     -2.27379450841181185439     -1.37048221365666522686
      3.72350150743629271233     -2.28270657614145111580     -1.61785006145343546180
      1.75810354296463167145     -1.21209063285690321621     -1.63143946871026801482
      0.76841553190458444789     -1.29302380328815269550     -1.42564080693281280965
      2.22214231763354685967      0.10912445216367978873     -2.04052363481347676100
      3.29830293837740784468      0.17786204042777381540     -1.87249347528620324610
      1.95624501550352536405      0.28322442223643384818     -3.54127732470262346354
      2.47216070153278444366     -0.50009067608642543412     -4.09867940739307545783
      2.32349933185299439842      1.25407568971179261830     -3.87468945854703328280
      0.88503938688110594946      0.21799812868042764413     -3.73855072088299156263
      1.54169275859077425928      1.20491556919947950810     -1.19432551386206653454
      0.46927708069019308246      0.98676621958792276601     -0.62357773537936811437
      2.17191741229637624855      2.38383888684935252300     -1.12242369834268940210
      3.04175321366899797937      2.48229693393566330784     -1.62215482066911209635
      1.69527190884773237833      3.53367130821473729441     -0.35583456394880152995
      2.49906326359598907061      4.25749841214549462620     -0.21622158799414389896
      1.33786400704332808509      3.21064852450982396448      0.62470065360285076395
      0.86899198008477684940      4.01627291944180875305     -0.88078170720355675183
