     -3.76815266740463572503      2.25694266226423456700     -1.68142186423699047104
     -3.44935298786896726853      3.29346373256001223595     -1.77812433420856685906
     -3.57757022849544714660      3.80247835294869584999     -0.82353824142559217680
     -4.03889463225254985446      3.79725873466969998660     -2.54149165566697465835
     -1.98909022904560783829      3.33214772095994948842     -2.16102295347543149617
     -1.17942989998287739439      3.86582058037297349173     -1.41458198920411715171
     -1.67101984864102859341      2.76402088601068296470     -3.32600145697502691533
     -2.43489774224111998890      2.35894685236057544131     -3.84070155339552021800
     -0.33015902863509494214      2.58155595304642515586     -3.91282698547217089313
     -0.47667506643404261579      2.02511008411058801570     -4.83937285048829313183
      0.24282646824221992832      3.94630148783047962624     -4.32227016060566526789
      1.17401753230872318845      3.79959641805688441707     -4.87105188358401797188
     -0.46614905671564027534      4.47299309602661221419     -4.96172759208458469260
      0.44747836459213519156      4.54993149629572268822     -3.43700372378155094566
      0.67436360897951408422      1.73130693735308160974     -3.09895208199098481927
      1.43174443115744209898      0.96534951567808424677     -3.69207245597351141342
      0.67067871840474968526      1.80508298335324512962     -1.76751796409175421232
      0.04712504150207564441      2.47511974419709224193     -1.33271658542464543906
      1.40209790810995271748      0.88498743607582741610     -0.90307930551573978306
      2.41060542317940296186      0.76684278724304655306     -1.30238886960091115874
      1.51192096376939888458      1.50184631100938292825      0.49649978117756982110
      0.51616617109170237487      1.63056048816525200884      0.92522655142609544487
      2.09258556435190490319      0.84788392753913244260      1.14779789920425256966
      2.00459015041568378024      2.47311715160031520000      0.43732405185089701094
      0.73202116892695823225     -0.50256393616948957792     -0.86926549350582082987
     -0.49274751277783135350     -0.61553381807871787590     -0.86705803232920497514
      1.53739470153715673817     -1.56652545571757606524     -0.78397905845036519601
      2.53253750473372196694     -1.41822385506745152206     -0.81664025121825800646
      1.05053969574261873987     -2.95169319306570621109     -0.72921835802827228434
      0.27090473111796076200     -3.06926737964311113771     -1.48431548461897366842
      2.21545284576612910854     -3.87714340069290175350     -1.10408571239519059937
      2.60323941527070479296     -3.60857704784771282647     -2.08764792643712215892
      3.01146515256548452655     -3.79849347826904537584     -0.36258686728132966115
      1.86330851957843579569     -4.90941777452919136948     -1.13680086221327592000
      0.41332752885164159018     -3.34882606787943126747      0.62388161890597293446
     -0.14980559149072392167     -4.43406697288960938153      0.74563440500108901787
      0.50678777165045307829     -2.48614053360401854320      1.63958194242461829937
      0.94015052367837903535     -1.59281133039129341178      1.46193696959977148531
     -0.12723293615769695752     -2.63574442027545829959      2.94595355544575543405
     -1.07705619881626657453     -3.15895103227304829829      2.82273660428549399981
      0.78641729056017439792     -3.47016196170949120514      3.85509404575445602248
      0.95496684140616061587     -4.45121226661347169085      3.40829810120068232848
      1.74457598182462025882     -2.96469411612078115326      3.98464071727138913204
      0.31787300225396236675     -3.60417380750265881062      4.83030236165810755722
     -0.40975101759561416426     -1.25006991258344557494      3.55579708776811909132
      0.27239641373053496975     -0.27783221887929565597      3.22946591867284427124
     -1.39763120506759097594     -1.16758702462891594820      4.45569150060970553540
     -1.90839044218921616292     -2.00853336972607277033      4.67447323062313646602
     -1.78775075624556634146      0.07101635553573040771      5.12689368438207626610
     -2.08532260486639531294      0.81391877396385992061      4.38373600817370778771
     -2.62121690084543956800     -0.11177150136337470065      5.80644217690543573696
     -0.94126288153065007513      0.46641540629368194448      5.69205434133868592994
