     -1.87369638021247952864      5.47072296518822920319      0.45861358988470379838
     -0.97337671762227273575      4.87810692169092607884      0.66751970212674216487
     -0.31926564540712842888      5.03698550927775645647     -0.18565160883024414695
     -0.42614949461048184931      5.26082035717872820157      1.53843835936080552962
     -1.23699484078959787148      3.36088996539722950629      0.72388699776456688628
     -1.90953940702892244197      3.71280585889738912186      1.69039593817286437627
     -1.61725108703120690201      2.07569081715340075789      0.95743576865075574744
     -1.08032018403194740586      1.45149527289046664791      0.37052071557439586469
     -2.51693737049080112911      1.34187845300420272032      1.90631770128440547474
     -2.42988351532025781410      1.76102722154731772264      2.91089735035189711709
     -3.97291190432059071469      1.48673010441156394634      1.42903659623226575448
     -4.25848143756260366644      2.53927879914488840996      1.42886543106548935533
     -4.63453040155127737876      0.94663171595350859011      2.10724214362056327943
     -4.08392152466105340380      1.08635198611947569880      0.42105973295776716325
     -2.15712748575882340418     -0.15190430974046306711      2.00996987330503351643
     -2.10742216345719013404     -0.70894282140111997137      3.10368975700400628881
     -1.89059897242814334284     -0.80457909566646046429      0.87386632638917027815
     -1.93721134959357432770     -0.29475867072880951314      0.00426732153747655992
     -1.49941997338881827240     -2.21088252449560407342      0.78567856183806927817
     -0.98270101559072875474     -2.49443449823694862744      1.70437808958444736440
     -2.75855520509442397881     -3.07637979923151316797      0.64549511214468269227
     -3.29809506482105785352     -2.80517292875353918546     -0.26334947381722118021
     -2.48122032080987331426     -4.12964271382091308027      0.59603537887300916953
     -3.40861614152454928117     -2.92287259202613247666      1.50838495883699952316
     -0.53751103049300186232     -2.41775812712328486143     -0.39502431488167949469
     -0.66659387645076229045     -1.74362752122451580838     -1.41589560808108627654
      0.42510036808749890325     -3.33693867074616834500     -0.24546169533691422626
      0.41063202313919799913     -3.86317866701390544293      0.61352188205459046166
      1.60267155582533460390     -3.55076604443843191206     -1.10965093515749901876
      2.19722568439152832198     -4.32997636807640517986     -0.63063750515787031503
      1.16459020393120948889     -4.12557350157065361174     -2.46486654444795005858
      2.04676259790155157248     -4.40641561817936455725     -3.04172200650745949702
      0.59975806201783388172     -3.38239258774201223545     -3.02884088921892402624
      0.54500455416033244394     -5.00997339779825612283     -2.31301532990843083937
      2.56302401177514260766     -2.34309711282081378769     -1.24287841307087187914
      3.77487483714916338684     -2.52669946108211629365     -1.17094696605057757566
      2.04576438988098985305     -1.11864671032988760579     -1.35533271416688605449
      1.03775080148190834706     -1.04541033012629602794     -1.44351462338240610350
      2.78233789549270671415      0.13748769389492745963     -1.25054126635617368635
      3.75288154498365855716     -0.05634904248233661012     -0.79060781798039181378
      3.02138709022425411277      0.69314115054942204708     -2.65998662775122873825
      3.58108531189728429567     -0.03332522606540652688     -3.25113658196255528310
      2.06576476537282172075      0.89262139658572436929     -3.14759950545430911006
      3.59446955911264520722      1.61883627079904401924     -2.60241077665856312962
      2.02498874016725594061      1.13615027433214277330     -0.35333493270483123938
      0.79462138346771937769      1.10461477390950335575     -0.27314326994362025935
      2.76508257171759197490      2.02868725700656771238      0.31644685520945736723
      3.76550242365440812620      1.99306530828047612225      0.19381784008172012190
      2.22790488674918885081      3.02757289586129774150      1.23996617122502161834
      1.82157309025477975872      3.87030920366704256352      0.67914083933720725827
      3.01564778526094245947      3.38820092117179516578      1.90325255633764900409
      1.43192637195462091348      2.58959524700833210176      1.84740785602193158255
