      0.67457761014588979442      2.43014218608327148274      5.52659198098310877612
      1.52878557125213254686      2.22399570422607339992      4.88451498547222673352
      2.14298858359784150096      3.11679030017087876914      4.78182689932149340706
      2.12606660422363802354      1.42304784651842575194      5.31917048144299986490
      1.04376669571618840848      1.78989084215150051627      3.52171513064341423771
      1.34724944689355807803      0.68377660093463121793      3.09599640343026960565
      0.29306397000259171159      2.67220002639916298648      2.85852311746671716719
      0.13113063298469043727      3.54757534118840833770      3.32787075556709233126
     -0.31649463152849038883      2.54469965813179710423      1.52095419806419585029
     -0.90592535481551517140      3.44960013385957742216      1.36756468636379069359
      0.79009396279503707472      2.57670374378482236466      0.45684597372718077635
      1.42137364333566784680      3.45485051083254335325      0.59465614901041830009
      0.34059477266164522868      2.61806102642854821028     -0.53663980232971320028
      1.40389472822537464403      1.67741801399134726758      0.52117938978215683221
     -1.31098982611813608123      1.38189242200536988037      1.28853365136661413004
     -2.34242111821311471687      1.60240194660378021396      0.65643770117104405237
     -1.03616248824968315567      0.17582593867275714272      1.79741464993632193980
     -0.16189053309690948357      0.11312996425526952726      2.30669664205280611213
     -1.70129217221526096715     -1.10328412628733762979      1.50938608319713263306
     -1.13237595657473355537     -1.86741329303500602776      2.04102353660715518657
     -3.11313974902032564174     -1.12661026143393305787      2.11407344275434816439
     -3.54366123641263452981     -2.12142958774882206541      1.99446059607173542538
     -3.75543124525605565012     -0.40165237442732176776      1.61305959803485365889
     -3.06424579780446570965     -0.88760410289197544387      3.17693720966998149891
     -1.64768036292193897907     -1.52014363608975400233      0.02454767165462244313
     -1.06910091858520472918     -2.55833059123098971455     -0.29702747652477085039
     -2.15743552968663143687     -0.69780953299897563458     -0.89468116764385785533
     -2.54714899401412697699      0.18035242195572939727     -0.56826599371197039634
     -1.87926021785259877994     -0.82881290341870017535     -2.32149528041216024477
     -2.16275126495912406455     -1.83079745703616780794     -2.64644252414172109766
     -2.73359254327427114717      0.18924056849532705504     -3.08677466414863355126
     -3.79151956619250274372      0.00129212035803880272     -2.90017288348367641149
     -2.53865236643909675252      0.10215509623552077034     -4.15607482518520754411
     -2.48573904607457762950      1.20182313375124949495     -2.76255402318712217635
     -0.37012491634500499504     -0.63313373219883450904     -2.56299792402921822188
      0.16632178238486600153      0.43851959670852913575     -2.29324594491305999711
      0.31125372195271200360     -1.69336663342768956042     -3.01404885527259214228
     -0.20818947802803422498     -2.53985436574243195196     -3.17932917531952163870
      1.77780171331140990354     -1.78666670056752052709     -3.07916368835435161344
      2.00465034089256777250     -2.82638442167456993559     -3.31447099834367175930
      2.29753449487317862321     -0.95585725689740630440     -4.26422030461156076342
      3.36233242109862473512     -1.14508608342694606641     -4.40597800542457118667
      2.15564987820970799248      0.10713772022038391130     -4.06457741754919510413
      1.76531581726957509382     -1.22762703715754839529     -5.17589807081683694889
      2.51577679247260288520     -1.52243078431111711346     -1.73859035126323724363
      3.70459473915801806854     -1.20778879728822285955     -1.74035634014408824299
      1.83129111276778178130     -1.67907070696171545343     -0.59479948652200986814
      0.86394691476330598423     -1.97000028432513318855     -0.65897930100388135699
      2.38496271349261501626     -1.44071572940387193640      0.73634512389318651504
      2.68468949255498623430     -0.39515660162011528866      0.82931071115542931427
      3.26384668544430311954     -2.06919841947969418428      0.88951190895691556459
      1.64167047119792708365     -1.66629744288114367556      1.50163582653942029310
