      4.21484930647734401532      0.93525130647067289402      2.58661173788511211669
      3.84285607064492351626      1.75470715097871221566      3.19821652038126558182
      4.27712162333264611647      2.69569491076748768421      2.86631462112604040726
      4.10556796161162651515      1.57915214218511024136      4.24069198710391237483
      2.33874459825111635780      1.82479012228502157633      3.07894096611886158854
      1.63147843910756851216      1.66187435787955783972      4.06486361832980680475
      1.84495998712290454336      2.06930937828488037411      1.86767698749403709968
      2.48160314717005370255      2.16208148775062003466      1.09428747316156349534
      0.41109532765493383977      2.09090296131552078052      1.58550020182463491381
     -0.08610487434865911338      2.64207966154858242547      2.38580453945154324913
      0.17837379303054617941      2.85054671890105071341      0.27389323169131069013
      0.69706621036064553287      2.34969279890190030358     -0.54409670044498925634
      0.55477956425849794808      3.87030627060853582577      0.36458072600995400370
     -0.88858463448684443797      2.88636216395022726644      0.05031719149996612822
     -0.19198927885393229920      0.67255711403645745960      1.54987775528053584040
      0.46037757022356012859     -0.28611791301036848534      1.13123442442247945650
     -1.46684096114409046052      0.53851842888734458015      1.92901590530530175904
     -1.97048792287661345135      1.35112683980939851658      2.24426386196296201447
     -2.18883033798669091041     -0.73074653811269218995      1.84177755053547542730
     -1.66063972607803989057     -1.46705288204540429398      2.44983922414246846344
     -3.59416662627434080335     -0.54649376783076775155      2.42743026784659043926
     -4.13311338122826743557     -1.49399664371481111225      2.39117263260947643388
     -4.14622301737470166927      0.19585390639530450563      1.84835256465066333220
     -3.52514260237845800106     -0.21853209793508099335      3.46548036720273788802
     -2.22456375344011325623     -1.23388772932069268329      0.38454072076164580452
     -2.70263566585506831430     -0.52695276905343180207     -0.50120781079703746741
     -1.68267842794864130873     -2.43518355937815389467      0.14973555436947111330
     -1.30409731972030962233     -2.91346741085225069412      0.95121753567067557356
     -1.38566659267649971987     -3.05385323954130072366     -1.15422854586929535259
     -0.87126820622076117662     -3.99101938851188142721     -0.93697106580588629399
     -2.69723844732301598626     -3.44188768878600015455     -1.85252837506302170389
     -2.47269216802762814567     -4.01659151292959837320     -2.75217864212910301447
     -3.30931396626342699818     -4.05159649348106754019     -1.18722346868936345921
     -3.25368707665614742552     -2.54807093802764228485     -2.13727659701941297143
     -0.41837248251918601749     -2.28040127013874460715     -2.08500181342713064581
      0.41873262565344288033     -2.90780972889288014116     -2.72589756170948405156
     -0.48766295272547144357     -0.94798975737101454087     -2.14782783516670372492
     -1.23231380832626236099     -0.50026287094540300426     -1.62758000847562711577
      0.32038700468987912906     -0.10866591967943427244     -3.03929051082728740596
      0.48226905650930146363     -0.65885316451156950013     -3.96799165957848698483
     -0.50677313947957336460      1.13824651018781719536     -3.38054896719571917885
      0.04164438206701021050      1.75841206048988851762     -4.09109729107872421849
     -1.45441550177490364071      0.84175921243108409175     -3.83202419027401575136
     -0.70370705243406550533      1.71754341653499476017     -2.47870646051671661425
      1.72865307222475950155      0.24811779799912361821     -2.50571041790149395823
      2.49624246080214229337      0.90455042068703439551     -3.20659807698018894939
      2.07727452067351325837     -0.15031495103794120793     -1.27492156473625928292
      1.38102761469397439242     -0.63046205561885715341     -0.71783482897396855282
      3.39308728920633884130      0.06200980603413028258     -0.67781898297591891556
      3.68541101791759517781      1.10791192025939722043     -0.78473555676557660288
      4.12873701813134719174     -0.56032167036109636893     -1.19086054210113911900
      3.36687026260604271855     -0.20882690449176830039      0.37851930766405894602
