     -2.61386597561587663563      3.94093671957203994793     -0.71087437324648883319
     -2.03389563872420264801      3.96370796018259285987      0.20917029198460848627
     -0.97481634320541143968      3.88276754236572330115     -0.02418017796906156772
     -2.22185453817360389905      4.89756838078922207558      0.73686132359633438327
     -2.45369520584214306780      2.80904649694941666027      1.08960172637390817485
     -2.95580935996945814992      3.03070998742130326420      2.18297213141489931942
     -2.25303020620570704224      1.58255485617906388462      0.60750374283758235006
     -1.66149447200334199337      1.51961390837061971482     -0.21008842502990190959
     -2.58777729579171955621      0.34835457835371397284      1.33428211298560106535
     -2.30583172752314524701      0.46294134885719484540      2.38271969120724458335
     -4.10878493774885988898      0.13625772235261418563      1.25557934342257504490
     -4.42600560174757351461      0.04333790436080561803      0.21633369929962267819
     -4.62893404831911059460      0.97764956358127907965      1.71544770169450000452
     -4.37908716156196042846     -0.77220028043923416572      1.79566690264403505672
     -1.87837598024391749796     -0.91068684805953159511      0.79384700340654723583
     -1.53388560630905224080     -1.80681168667994795918      1.56183079364172328063
     -1.66693160994336930791     -1.00664140621040543166     -0.52377481927148628049
     -1.93897733481888989715     -0.23077819873700061715     -1.10453015723152092598
     -1.19199483349306278868     -2.21828637731941746836     -1.20170341070840680509
     -1.65307718261467750942     -3.08270117626197448502     -0.72029433000863896108
     -1.69649609953753111036     -2.18012601467990840831     -2.65207154172350101362
     -1.26904839880355790882     -1.32337848338230079648     -3.17560265196914404129
     -1.39545939015568998265     -3.09336832007646478360     -3.16735354240508870660
     -2.78473042034918005783     -2.10946694486974006821     -2.66760422550518505602
      0.33639874341240799671     -2.40430148959727407743     -1.07860708714931541330
      1.06258638310593456211     -2.29449126194729080552     -2.06526972829787025532
      0.81945495736284668098     -2.62621155630066871467      0.15094737457689799687
      0.12105937673626447626     -2.66626082724695878667      0.88655531175166857327
      2.22029265029114286634     -2.54160835189566114423      0.60380768301538823017
      2.20680710344748876039     -2.73405391486078652719      1.67764595661057014375
      3.05888970415452243756     -3.66600446214882680351     -0.02167662996082740309
      4.05368422912509451805     -3.66795387240495696091      0.42544119403942598501
      3.15788416938918992116     -3.51586721581986250129     -1.09715659723135194881
      2.58523290676533790133     -4.63036551336394808231      0.16502695577585776987
      2.84919941944039800674     -1.13885433334371288794      0.45264080869490724846
      3.42926463804868175700     -0.61844374422904535571      1.40384165469310184804
      2.64060557890234415268     -0.46959394831614426069     -0.68244083013989631503
      2.18990038523899732681     -0.97140385072951029866     -1.43951849609674042973
      2.69647310383891802843      0.98280916210420032897     -0.78082089146385313949
      3.63071994635257988548      1.33680100773566579164     -0.34156856329155488305
      2.68665092106057246113      1.36928797097658949689     -2.26619917207413656968
      1.77955984096061614608      0.99729428029101974129     -2.74572863222820151563
      3.55680504194371938098      0.94123415588832870515     -2.76541698522497547685
      2.71994188549557991408      2.45499834019476415037     -2.36221432772526140909
      1.51974108400356144877      1.58745858950232077156      0.01433290196227209393
      0.40608668336501474450      1.71959169931576183465     -0.49982205238110849477
      1.76709724304979265419      1.89499666207156503006      1.29327814650895422943
      2.67510836380385219613      1.62982064660292969016      1.65416317291828929292
      0.79639512410017754274      2.43902484932260277262      2.24036316603003982095
     -0.02792251209607744811      1.73695178594595134314      2.37474277234867248154
      0.40271267233976293376      3.38748708830978095818      1.87262065872366667563
      1.27322972506232101608      2.60665687132350187838      3.20729342617462265252
