     -3.69514747727878933858      3.93511105969731334042     -2.33389984246348758390
     -2.67977723446873783431      4.08665974879158166999     -2.69910842787579685620
     -2.66064616404420073437      3.96256887059674722806     -3.78021638971547746522
     -2.34586052908427822317      5.08769901823746995007     -2.43225765689007999981
     -1.77035533849647275240      3.06612924170501965904     -2.05717724206050434077
     -2.23205785979462056901      2.25351237785066205177     -1.26815119608892534764
     -0.48367491247337585092      3.12257414330463545227     -2.40609279059810443613
     -0.23804292219108391659      3.84752482626993730364     -3.05970797018470186401
      0.62738553508580163776      2.26301788530458036774     -1.95589937458053397812
      1.50761443588662280568      2.58827726318305595399     -2.51210934405159136418
      0.92900516829748280845      2.55613824042892323618     -0.47862930721747204421
      1.82674613781365358101      2.01520252863775439778     -0.17463982369636335545
      1.09381611758304075899      3.62402641370473466154     -0.33280403004787534327
      0.09891624306239352182      2.23022251434994656094      0.14911324183383245501
      0.52341852485826778629      0.74443869679938634576     -2.23658958816705455419
      1.53508370431106655474      0.14390342048344317849     -2.59227624662585975912
     -0.65847991525450599859      0.13056014687369915661     -2.10563611154205876375
     -1.42100465479338922137      0.72348093046763195524     -1.79756707594326181621
     -0.95137602308448010469     -1.31244606374055128306     -2.14380554763554531661
     -2.01496444700590338073     -1.41146320766102184585     -1.92150725634943020381
     -0.76070241420546358402     -1.85529009127158350800     -3.56771123156081415573
     -1.10184248593577005515     -2.89036473489593470632     -3.61005170466497693482
      0.29185403611152183068     -1.81938410514342119306     -3.85064427849402468595
     -1.34355968014378901465     -1.26147378863022674444     -4.27249640792922669164
     -0.23721631795802708420     -2.15489538628196841685     -1.06328273651136862021
     -0.89081522027334025804     -2.91078907341512316265     -0.34744006124613813213
      1.07320428730758532510     -1.99076665778546813002     -0.87597801928946261718
      1.55689358274688016692     -1.34172739850126965244     -1.48668235931431746977
      1.77134182502027126560     -2.45650627902044416118      0.31629750734148176505
      1.49049395596542622044     -3.49348129602942147898      0.50737909464330077647
      3.28202355215102858921     -2.40754580585718391816      0.05754376497333763690
      3.53304506555506980803     -3.04280221169035725026     -0.79276716677822589574
      3.81745275955877527707     -2.76301382849885346360      0.93841758165127531210
      3.59035990302082863579     -1.38251115132373625372     -0.15637121318575977758
      1.35238832632234484699     -1.59647054888744999168      1.52379801482615384600
      1.52646030273212174322     -0.37881489143026952915      1.50380621803612202214
      0.78638808849877672724     -2.23408507783651799627      2.55489299519867119059
      0.64785150700894478248     -3.22532651869480613271      2.44044997045822009696
      0.21249802089939665017     -1.64484925514844149141      3.77920326955517937861
     -0.21649422565305115329     -2.47513903674362989449      4.34145664940105824314
      1.34397663564548119908     -1.08140354954778339369      4.65172431898547511508
      1.79883121197442830130     -0.21712198572392985008      4.16607630206455858968
      2.10434248255015399209     -1.84479861935250855076      4.81869031546515191877
      0.93791463581378897718     -0.76919652600268928477      5.61489283126742577679
     -0.96118430675604138447     -0.64608501092337100591      3.60883256907368421551
     -1.80254622217621718328     -0.56761428871943464536      4.50119507571991128714
     -1.05945942796739100977      0.07879417655978269985      2.48811003041525680146
     -0.28487019562812931905      0.02179250367613981901      1.83818702273179823692
     -2.15246879557708581387      0.99912414570330820851      2.18323390457584176616
     -2.04977892449067899960      1.38265283890234003117      1.16757135539110290523
     -2.13899318189515907918      1.83278484318726864188      2.88711244777367204151
     -3.10798716915117267945      0.47917055404203773294      2.27351591932592977940
