         1        0.8670085240
         2        0.8670085431
         3        0.8670085762
         4        0.8670085269
         5        0.8670085318
         6        0.8670085307
         7        0.8670085338
         8       -3.0200093800
         9        0.8670085388
        10       -3.1671230700
        11       -3.1671230063
        12       -3.1671228597
        13       -3.1671230610
        14       -3.1671228626
        15       -2.3946692694
        16       -3.1671230539
        17       -3.1671230479
        18       -3.1671227483
        19       -4.7755615839
        20       -3.1671230427
        21       -3.1671229212
        22       -3.1671230533
        23       -3.1671226113
        24       -3.1671230440
        25       -3.1671230471
        26       -0.3822480334
        27       -3.1671228045
        28       -3.1671228264
        29       -3.1671230066
        30       -3.1671230134
        31       -3.1671230647
        32       -3.1671229396
        33       -3.1671230678
        34       -3.1671230174
        35       -3.1671230794
        36       -3.1671230392
        37       -3.1671230010
        38       -3.1671230205
        39       -3.1671229103
        40  1000000.0000000000
        41       -3.1671230373
        42       -1.9778617462
        43       -3.1671230629
        44       -3.1671230253
        45       -2.3946692597
        46       -2.3946692717
        47       -2.3946692583
        48       -2.3946692613
        49       -2.3946692742
        50        1.8145990496
        51       -2.3946692683
        52       -2.3946692572
        53       -2.3946692746
        54       -3.1671230617
        55       -3.1671230331
        56       -3.3474568825
        57        1.8145990580
        58       -3.1671230578
        59       -3.1671230566
        60       -3.1671230407
        61       -3.1671230605
        62       -3.1671230754
        63       -3.1671228871
        64       -3.1671229750
        65        1.8145990448
        66       -3.1671230145
        67       -1.9778617359
        68       -3.1671229902
        69      136.6889331148
        70       -2.3946692679
        71       -2.3946692737
        72       -2.3946691388
        73       -2.3946692604
        74       -6.1803053969
        75       -2.3946692552
        76       -2.3946692078
        77       -2.3946692555
        78       -2.3946692605
        79       -2.3946688235
        80       -2.3946692504
        81       -2.3946692762
        82       -2.3946692582
        83       -2.3946692638
        84       -2.3946692508
        85       -2.3946692116
        86       -2.3946692698
        87       -2.3946692627
        88       -2.3946691830
        89       -2.3946691646
        90       -2.3946692725
        91      262.5423930865
        92       -2.3946692721
        93       -2.3946692727
        94       -2.3946692729
        95       -2.3946692602
        96       -3.1671230605
        97       -3.1671230652
        98       -3.1671230521
        99       -3.1671230552
       100       -3.0105508127
       101       -3.0105508213
       102       -3.0105508133
       103       -3.0105508196
       104       -3.0105507861
       105       -3.0105508141
       106       -3.1671230434
       107       -3.1671230620
       108       -3.1671230212
       109       -3.1671230428
       110       -3.1671230691
       111       -3.1671230110
       112       -3.1671230669
       113       -3.1671230690
       114       -3.1671230664
       115       -3.1671230702
       116       -3.1671230667
       117       -4.0111003013
       118       -3.1671228952
       119       -3.1671230619
       120        6.0310063879
       121       -3.1671228544
       122       -3.1671227326
       123       -3.1671230615
       124       -3.1671229414
       125       -3.1671230473
       126       -4.7755613640
       127       -3.1671230464
       128       -3.1671225337
       129       -3.1671230468
       130       -3.1671230656
       131       -3.1671230584
       132       -3.1671230662
       133       -3.1671230558
       134      -12.6688283118
       135       -3.1671230448
       136       -3.1671230638
       137       -3.1671230464
       138       -4.7755615804
       139       -4.7755615780
       140       -2.4276576483
       141       -3.1671230639
       142       -3.1671226952
       143       -3.1671230552
       144       -3.1671230670
       145       -3.1671228768
       146  1000000.0000000000
       147       -3.1671230573
       148       -3.1671230676
       149       -3.1671229226
       150       -0.6894944296
       151       -3.1671229435
       152       -3.1671228772
       153       -3.1671229875
       154       -4.7755564031
       155       -3.1671230623
       156       -3.1671229736
       157       -3.1671230669
       158       -4.7755614152
       159       -3.1671230623
       160  1000000.0000000000
       161       -3.1671228819
       162       -3.1671230591
       163       -3.1671230185
       164       -3.1671230496
       165      -12.6696840036
       166       -3.1671230669
       167       -3.1671229324
       168       -3.1671230658
       169       -3.1671230493
       170       -4.5931271603
       171       -3.1671229105
       172       -3.1671230616
       173       -3.1671230751
       174       -3.1671230632
       175       -3.1671229716
       176       -3.1671230307
       177       -4.7755615733
       178       -3.1671230638
       179       -1.9778617528
       180       -0.3822480259
       181       -3.1671230661
       182       -3.1671230657
       183       -3.1671230423
       184       -3.1671230468
       185       -2.4516631966
       186       -3.1671230627
       187       -3.1671230676
       188       -0.3822480323
       189       -3.1671229964
       190       -3.1671230552
       191       -3.1671230656
       192       -3.1671230656
       193       -3.1671230064
       194       -3.1671230462
       195  1000000.0000000000
       196       -3.1671230673
       197       -3.1671229691
       198       -3.1671228415
       199       -3.1671228615
       200        1.3807661633
       201       -3.1671230582
       202       -3.0200093104
       203       -3.1671230705
       204       -1.9778617561
       205       -4.7755615661
       206       -3.1671229891
       207       -3.1671230542
       208      131.9618589540
       209       -3.1671230479
       210       -3.1671230682
       211       -3.1671230649
       212       -3.1671230666
       213       -3.1671230660
       214       -3.1671230699
       215  1000000.0000000000
       216       -3.1671230460
       217       -2.3946692070
       218       -2.3946691297
       219       -6.1803092147
       220       -2.3946692336
       221       -0.1197852085
       222       -2.3946692614
       223       -3.1671230137
       224       -3.1671230645
       225        3.9200899472
       226       -3.1671230624
       227       -3.1671230458
       228      -12.6696840049
       229        1.8145990545
       230       -2.3946692488
       231       -3.1671230702
       232       -3.1671230745
       233       -3.1671230024
       234       -3.1671230411
       235       -3.1671230625
       236       -3.1671225653
       237       -3.1671230626
       238       -3.1671230638
       239       -0.3822480250
       240       -3.1671230407
       241       -3.1671230588
       242       -3.1671230606
       243       -3.1671230666
       244       -3.1671230554
       245       -3.1671230620
       246       -1.9778617394
       247       -3.1671230517
       248       -3.1671230536
       249       -3.1671230343
       250       -2.7634768871
       251       -2.3946692743
       252      -12.6676413475
       253       -3.1671230524
       254      129.7530597312
       255       -3.1671230573
       256       -3.1671230749
       257       -2.3946692681
       258       -2.3946692563
       259       -4.3018300274
       260       -2.3946692722
       261      136.0462054766
       262       -2.3946691045
       263       -2.3946692679
       264       -2.4276576841
       265       -2.7047327393
       266       -3.1671230564
       267       -3.1671228332
       268       -3.1671230625
       269       -3.1671230635
       270  1000000.0000000000
       271       -3.1671230500
       272       -2.3946692735
       273       -1.9778617378
       274       -2.3946692671
       275       -2.3946692404
       276       -3.1671230749
       277       -3.1671230185
       278       -3.1671230275
       279       -2.3946692786
       280       -3.9916434458
       281       -2.3946692667
       282       -3.1671230546
       283       -3.1671230522
       284       -3.1671230361
       285       -4.7755615635
       286       -3.1671230685
       287       -3.1671230730
       288       -3.1671228876
       289       -2.4516632260
       290       -2.8302243455
       291  1000000.0000000000
       292      141.9602969256
       293       -3.1671227777
       294       -4.3187807722
       295        2.8020981534
       296       -4.3187807704
       297       -6.1803093221
       298       -4.3187807743
       299       -4.3187807768
       300       -4.3187807793
       301       -4.3187807697
       302       -4.3187807682
       303       -4.3187807600
       304       -4.3187807708
       305       -9.7959187875
       306       -9.7959188028
       307       -9.7959188053
       308       -9.7959188070
       309       -9.7959188105
       310       -9.7959186810
       311       -9.7959188070
       312       -9.7959188015
       313       -9.7959187924
       314       -9.7959188063
       315       -9.7959187951
       316       -9.7959188086
       317      -15.3324108924
       318       -9.7959187943
       319      -13.0268119540
       320       -6.4920718596
       321       -9.7959188070
       322       -9.7959188092
       323       -9.7959188067
       324       -9.7959184347
       325  1000000.0000000000
       326       -9.7959187995
       327      -11.0794619894
       328       -9.7959187999
       329       -9.7959187880
       330        5.1973870607
       331       -9.7959188073
       332       -9.7959188118
       333       -9.7959187948
       334       -9.7959187991
       335      -10.2303551568
       336      -10.2303551776
       337      -10.2303551456
       338      110.8898316944
       339       -8.5275478481
       340       -5.4314898506
       341       -7.5063664719
       342      -10.2303551907
       343      -10.2303551946
       344      -10.2303551903
       345  1000000.0000000000
       346      -10.2303551852
       347       -7.5247586596
       348      -10.2303551858
       349       -5.4314898573
       350        2.0120326064
       351      -10.2303551846
       352      -10.2303551793
       353      -14.1503045661
       354      -10.2303551937
       355       -5.3515667483
       356      135.7257588075
       357      -15.3324108932
       358      -10.2303551703
       359      -11.1852273616
       360       -0.1250937262
       361      -11.1852273519
       362      -10.2303551933
       363      -10.2303551596
       364      -10.2303551254
       365      -11.7575547532
       366       -5.3515667486
       367      -10.2303551447
       368      -10.2303551495
       369      -10.2303551354
       370       -6.6418158275
       371      135.7257587553
       372      -10.2303551517
       373      -12.1297369901
       374      -10.2303551544
       375       -2.6846840455
       376       -1.0451704447
       377      -10.2303551630
       378      -10.2303551774
       379      -10.2303551690
       380      -10.2303551803
       381  1000000.0000000000
       382      -10.2303551548
       383      125.2151034020
       384      -10.2303551801
       385      -10.8949492552
       386      -10.2303551797
       387      -10.2303551873
       388      -10.2303551825
       389      -10.2303550961
       390      -10.2303551870
       391      -10.2303551289
       392      -10.1199626804
       393      -10.2303551738
       394      -10.2303551530
       395      -11.1852273408
       396      -11.1852273214
       397      -10.2303551870
       398      -10.2303551518
       399      -10.2303551630
       400      -10.2303551904
       401      -10.2303551743
       402      -10.2303551899
       403      -10.2303551808
       404        2.1634923939
       405      -10.2303551905
       406      -10.2303551732
       407      -10.2303551590
       408       72.6304002870
       409      -10.2303551877
       410       -7.5247586388
       411      -10.9386740677
       412      -12.1297369772
       413      -10.2303551745
       414      -11.1852273552
       415  1000000.0000000000
       416       -4.1268555211
       417  1000000.0000000000
       418      -10.2303549642
       419        2.1188779679
       420      -12.1297369925
       421      -10.2303551987
       422      -10.2303551629
       423      -10.2303551698
       424      -11.1852273595
       425      -10.2303551767
       426      -10.2303551843
       427      -10.2303548449
       428      -12.9478115354
       429      -12.9478115240
       430      -11.7575547414
       431      -12.9478115538
       432      -11.1852273597
       433       -5.4314898529
       434      -12.9478115129
       435      -12.9478115295
       436      -12.9478115450
       437       -3.7774463082
       438      -12.9478115128
       439      -12.9478115398
       440      -12.9478115401
       441      -12.9478115455
       442      110.5801001271
       443      -12.9478115240
       444       -0.2329814056
       445       -6.8771308252
       446      -12.9478115508
       447      -12.9478115265
       448      -12.9478115481
       449      -12.8861655279
       450      -11.7575547413
       451      -12.9478115557
       452      -12.9478115376
       453      -12.9478115502
       454      120.8856453290
       455  1000000.0000000000
       456      -12.9478115356
       457      -12.9478115354
       458      -12.9478115415
       459       -8.3934523859
       460  1000000.0000000000
       461       -9.1541504423
       462      -11.7575547440
       463      -12.9478115458
       464      -13.8718644368
       465      -12.9478115426
       466      -12.9478115493
       467      -12.9478115429
       468       -4.2088671079
       469       -7.8892794642
       470      -12.9478115312
       471      -12.9478115529
       472      -12.9478115529
       473      -12.9478115428
       474      -12.9478115494
       475       -4.3968985677
       476      -12.1297369897
       477      -12.9478114930
       478      -12.9478115275
       479      -12.9478115326
       480      -11.1852273605
       481      -12.9478115426
       482       -9.9268894159
       483      -12.9478115504
       484      -12.9478115445
       485      -12.1297369819
       486      -13.8718644391
       487      -12.9478115516
       488      -12.9478115464
       489      -12.9478115568
       490       -9.9268893426
       491      -12.9478115085
       492      -12.9478115496
       493      -13.3109000793
       494      -12.9478115464
       495      120.8856453245
       496      -13.8718644230
       497  1000000.0000000000
       498      -12.1297369867
       499      -12.9478115331
       500        0.8694768830
       501      -12.9478115417
       502        2.3283959166
       503      -12.9478115255
       504      -12.9478115366
       505      -12.9478115487
       506  1000000.0000000000
       507      -11.1852273370
       508      -12.1297369796
       509      127.0871266880
       510        5.8994853599
       511      -11.1852272704
       512        3.8989774369
       513      -11.1852273606
       514      -12.9478115499
       515      -12.9478115547
       516      -12.9478114835
       517       -1.4023889369
       518      121.9379247759
       519      -12.9478115535
       520       -7.1775102325
       521      131.5551057657
       522        0.9514446795
       523       -2.2423534234
       524      -11.1852273113
       525      -11.7575547460
       526      -12.9478115302
       527      -12.9478115521
       528      -11.1852273211
       529      -12.9478115486
       530  1000000.0000000000
       531      -11.7575547494
       532      -12.9478115496
       533      -11.1852273030
       534      -12.9478115479
       535      -12.9478115400
       536       -5.3515667238
       537      -11.1852273474
       538      -11.1852273581
       539      -12.9478115401
       540      -12.9478115191
       541      -12.9478115376
       542      -12.9478115116
       543      -12.9478115473
       544      -11.1852273392
       545       -1.0389766563
       546       -9.1541504493
       547        4.3330872910
       548      -13.8718644319
       549      -12.9478115423
       550      -13.8718644370
       551      -12.9478115428
       552      -12.9478115501
       553      -12.9478115480
       554      -12.9478115304
       555      -13.8718644386
       556      -12.9478115030
       557       -9.7959188130
       558      -12.9478115464
       559      -12.9478115399
       560       -7.5247586421
       561      -12.1297369844
       562      -12.9478115120
       563  1000000.0000000000
       564  1000000.0000000000
       565       -3.7143686865
       566      -12.9478115531
       567       -6.3290848933
       568  1000000.0000000000
       569       -5.3515667343
       570        2.9078365823
       571      -11.1852273479
       572      -11.7575547538
       573       -3.7782905891
       574      -12.9478115493
       575      -12.9478115399
       576      -13.8718644375
       577      -12.9478115300
       578  1000000.0000000000
       579      -12.9478115384
       580       -6.6813983077
       581       -2.1608765378
       582       -6.6813983129
       583      -12.9478115520
       584        2.8767329243
       585       -3.0273966853
       586  1000000.0000000000
       587       -7.5063664676
       588      -10.7964989933
       589      -12.9478115334
       590       -4.5817541883
       591      -13.8718644429
       592       -5.3515667586
       593  1000000.0000000000
       594      -12.9478115501
       595       -9.9524434768
       596      -11.1852273597
       597      -12.9478115167
       598       -2.7390655861
       599      -11.7575547458
       600       -4.7439446298
       601      -12.9478115465
       602       -0.2329813880
       603      -11.7575547301
       604       -9.1541504508
       605       -8.6203657869
       606      128.5033827857
       607       -8.6203657760
       608       -8.6203657872
       609       -8.6203657922
       610  1000000.0000000000
       611       -8.6203657929
       612       -8.6203657941
       613      -10.3488197997
       614       -0.7551573531
       615        0.7897796648
       616       -8.6203657916
       617       -8.6203656689
       618  1000000.0000000000
       619       -8.6203656920
       620  1000000.0000000000
       621       -8.6203657920
       622       -8.6203657518
       623       -1.5580708103
       624  1000000.0000000000
       625  1000000.0000000000
       626        9.9566683331
       627  1000000.0000000000
       628      -10.9332252254
       629      -10.3488198129
       630  1000000.0000000000
       631      -12.9478115493
       632       -3.3046628438
       633  1000000.0000000000
       634      -12.9478115272
       635  1000000.0000000000
       636      -12.1297369700
       637      -12.9478115333
       638      -12.9478115454
       639      125.6533519381
       640      -12.9478115423
       641      122.4781452395
       642      -12.9478115424
       643       -5.4314898404
       644      -12.9478115573
       645      -12.9478115080
       646      -11.1852273243
       647      -12.1297369428
       648      -12.9478115433
       649      -12.9478115505
       650  1000000.0000000000
       651      -12.9478115528
       652  1000000.0000000000
       653      -12.9478115477
       654       37.1894147558
       655       -3.0273966870
       656      -12.9478115573
       657      -12.9478115559
       658       -9.1541504262
       659      -11.7575547311
       660  1000000.0000000000
       661       -5.3515667513
       662      -12.9478115396
       663      -11.1852273565
       664       12.6576043594
       665      -12.9478115442
       666       -4.3671698022
       667      -12.9478115478
       668  1000000.0000000000
       669      -12.9478115433
       670       -0.8098482638
       671      -12.9478115521
       672      -12.9478115522
       673      -12.9478115270
       674       -5.6356579575
       675       -0.1250937291
       676      -13.8718644354
       677       -9.1541504606
       678  1000000.0000000000
       679  1000000.0000000000
       680       -7.8590762866
       681       -4.9939989612
       682      -12.9478115474
       683  1000000.0000000000
       684      120.8856453219
       685      -12.9478115498
       686        6.9778321619
       687      -11.7575547276
       688      -12.9478115572
       689        6.0320955241
       690      -12.9478115421
       691      -12.9478115466
       692      -12.9478115545
       693       -8.4179121707
       694  1000000.0000000000
       695      -11.1852273339
       696      -12.9478115269
       697      -12.9478115341
       698      -12.9478115541
       699  1000000.0000000000
       700      -11.1852273510
       701  1000000.0000000000
       702      -13.8718644292
       703      -12.9478115236
       704      -12.1297369609
       705        1.4554168722
       706      -12.9478115441
       707       -1.0389766528
       708  1000000.0000000000
       709  1000000.0000000000
       710      -13.8718644175
       711  1000000.0000000000
       712       -3.9469920545
       713      -12.9478115430
       714       -5.9292838715
       715        0.9461050584
       716      -12.9478115488
       717  1000000.0000000000
       718      -12.9478115469
       719      126.3105891856
       720        9.9883933465
       721        1.4554168710
       722      -12.7574151113
       723      -12.9478115346
       724  1000000.0000000000
       725  1000000.0000000000
       726      -12.9478115454
       727      -11.7575547313
       728  1000000.0000000000
       729      -11.1852273551
       730       10.8874825047
       731      131.0889624576
       732  1000000.0000000000
       733       -7.5063664606
       734       -3.3046628521
       735  1000000.0000000000
       736      -12.9478115193
       737  1000000.0000000000
       738      -12.9478115363
       739        8.5097061336
       740      -10.7096869303
       741      -12.9478115138
       742      -12.9478115373
       743      -12.9478115059
       744      -13.8718644086
       745  1000000.0000000000
       746        1.2740297409
       747       -3.4742469377
       748  1000000.0000000000
       749       -4.2010072927
       750      -12.1297369690
       751      -11.7575547526
       752      -11.1852273270
       753      -12.9478115375
       754      -10.7096869218
       755        4.1968939004
       756        2.7588578878
       757  1000000.0000000000
       758      -12.9478115127
       759      127.4493384644
       760      -12.9478115299
       761      -13.8718644306
       762  1000000.0000000000
       763       -0.7033242595
       764      -12.9478115469
       765       16.2368075444
       766      -12.1297369931
       767      -12.9478115427
       768       10.5246908095
       769       -7.5063664504
       770      -13.3109000838
       771      -12.9478115560
       772      -12.9478115370
       773       -7.8892794765
       774       -5.4314898067
       775       17.6370685912
       776      -14.3064144033
       777      -12.9478115439
       778      -13.8718644247
       779      -10.7096869161
       780      -12.9478115502
       781      -12.9478115425
       782      -12.9478115302
       783      -12.9478115422
       784       -1.1906281281
       785      -11.1852273537
       786  1000000.0000000000
       787  1000000.0000000000
       788      -12.9478115293
       789      -12.9478115366
       790       13.5369434221
       791  1000000.0000000000
       792       -5.3515667095
       793  1000000.0000000000
       794      -12.9478115129
       795       -7.8590762735
       796        4.9057030245
       797       -4.8554862348
       798      -13.8718644327
       799       -1.0483610275
       800      -12.1297369411
       801      -12.1297369776
       802      -12.9478115417
       803        1.3337201254
       804      -13.8718644408
       805       -9.9110005362
       806       -6.6813983277
       807       -6.7666841565
       808      -11.1852273157
       809       -9.1541504435
       810  1000000.0000000000
       811       -7.5063664659
       812       10.1958043723
       813      -12.9478115472
       814  1000000.0000000000
       815        7.5453264097
       816      -11.1852273136
       817      -12.9478115276
       818       -3.8792777387
       819      -13.8718644332
       820       -8.4179121595
       821      -12.9478115335
       822  1000000.0000000000
       823      -12.9478115437
       824      -12.9478114777
       825      112.3802359681
       826       -6.1121651233
       827       -9.1541502763
       828      -13.8718644351
       829      -12.9478115427
       830       -4.0312179217
       831      -12.9478115537
       832      -12.9478114725
       833      -12.9478115474
       834  1000000.0000000000
       835        3.4573950738
       836        1.7250849819
       837       -5.6021833453
       838        1.2740297078
       839       -7.5063664422
       840      -11.7575547280
       841       -7.8590759778
       842      -12.9478115309
       843      -12.1297369825
       844      -12.9478115506
       845       12.2234148837
       846        4.7469633969
       847  1000000.0000000000
       848       14.1176751232
       849       -4.3108971323
       850      138.3858482988
       851      -13.8718644355
       852  1000000.0000000000
       853      -12.9478115458
       854       -9.1541504535
       855        1.7362272142
       856  1000000.0000000000
       857       22.5176276643
       858        1.2740297737
       859      143.3853882097
       860       -9.7959188129
       861       -9.7959188134
       862       -9.7959187643
       863  1000000.0000000000
       864       -3.5449182043
       865        3.5471708558
       866       -0.7115639001
       867      124.8296598867
       868       -6.6218220490
       869       -9.7959187893
       870      -13.0268119408
       871       11.6863823465
       872       -9.7959187996
       873  1000000.0000000000
       874  1000000.0000000000
       875       -6.4920718772
       876      -13.0268119547
       877      -10.0782658739
       878      -11.0794619965
       879       -9.2631261156
       880      -11.0794619914
       881      -10.0782658410
       882      -10.0782658953
       883        1.1448606177
       884  1000000.0000000000
       885       -5.9859044486
       886  1000000.0000000000
       887       12.3908575064
       888       -1.0451704414
       889       -4.2532660236
       890       -3.9886608969
       891        4.5285722704
       892  1000000.0000000000
       893      132.8463636351
       894        3.8978455575
       895        8.6826719434
       896        6.0082353109
       897      -10.0782658748
       898      -10.0782658913
       899       -6.3130049110
       900       -6.3130049190
       901      -10.0782658759
       902  1000000.0000000000
       903      -12.0823032765
       904  1000000.0000000000
       905       -7.9686082938
       906      -10.0782659114
       907        1.6956927200
       908       -3.3591787101
       909       -6.3130049015
       910      127.8054744353
       911       -6.3290593545
       912      -10.0782657698
       913      -10.0782658945
       914      -10.0782659003
       915       -0.1792006127
       916        4.2950877635
       917      -10.0782658870
       918      -10.0782657489
       919       -9.7959187784
       920  1000000.0000000000
       921       -8.3882748008
       922       -7.7789302081
       923       -8.3882748156
       924       -8.0383006510
       925       -5.1340957251
       926       -5.1340957281
       927       11.6652825180
       928       -5.1340953462
       929       -5.1340957099
       930       -5.1340957220
       931      122.3410022553
       932       -4.2178843404
       933        9.9020540031
       934       -5.1283958052
       935       -3.6490734529
       936       -5.1340955219
       937       -5.1340957108
       938      125.9067076716
       939       -8.3955233238
       940       11.7146931809
       941  1000000.0000000000
       942  1000000.0000000000
       943  1000000.0000000000
       944       -4.9024387691
       945  1000000.0000000000
       946       -4.9024388367
       947       -0.7228635408
       948       -4.9024388246
       949        1.8915937396
       950  1000000.0000000000
       951       -1.4913135765
       952       -0.5460818130
       953  1000000.0000000000
       954       -1.3740680632
       955       -5.8681191029
       956       11.9231798475
       957       -8.6364922225
       958       -5.8681191214
       959       -0.7115639035
       960       -0.5211313909
       961       -5.8681191213
       962       -5.8681191262
       963       -7.0940247338
       964       -5.8681191131
       965       -3.9242902512
       966       -7.3185742536
       967       -7.1942715310
       968       -5.8681190528
       969       -0.6603194779
       970  1000000.0000000000
       971       -5.8681191069
       972       -5.8681191087
       973       -5.8681191178
       974       -7.3185742533
       975       -5.8016472768
       976        3.9659063559
       977       -5.8681191177
       978       -4.0796134651
       979       -5.1153922543
       980        1.8368718731
       981       -3.8405987963
       982       -5.3237148190
       983  1000000.0000000000
       984       -7.9945992821
       985       -5.1537817693
       986  1000000.0000000000
       987       -7.9945992227
       988        0.8694768742
       989        0.9461050623
       990       -7.9945992779
       991       -7.9945992440
       992       -7.1175407221
       993       -6.8792787148
       994       -7.9945992929
       995        9.9197950267
       996  1000000.0000000000
       997       -7.9945992248
       998      -12.9478115541
       999       -2.3036616161
      1000       -2.2423533936
      1001        0.9514446782
      1002      -12.9478115442
      1003      -12.9478114944
      1004       -3.9469920559
      1005      -12.7574151045
      1006       -7.5063664535
      1007  1000000.0000000000
      1008       -7.5063664636
      1009        7.0173798561
      1010      -13.8718644223
      1011  1000000.0000000000
      1012       -7.5247586362
      1013      128.2999797916
      1014       -7.1175408643
      1015      -12.1297369864
      1016  1000000.0000000000
      1017      -12.1297369806
      1018      -10.7964989909
      1019      -12.1297369869
      1020  1000000.0000000000
      1021      -13.3109000901
      1022        1.2740297147
      1023       -8.0878945884
      1024      -12.9478115531
      1025      -12.9478115494
      1026      -12.9478115570
      1027       -3.9916434455
      1028      -12.9478115413
      1029      -12.9478115513
      1030      -11.7575547475
      1031  1000000.0000000000
      1032      -10.1683170877
      1033      -12.9478115314
      1034  1000000.0000000000
      1035       -1.8842923820
      1036  1000000.0000000000
      1037  1000000.0000000000
      1038       -7.5063664609
      1039      -13.8718644338
      1040        3.0312112115
      1041       -7.5063664547
      1042      -12.9478115446
      1043  1000000.0000000000
      1044  1000000.0000000000
      1045       -5.9762915910
      1046       -3.6780292938
      1047      -13.8718644295
      1048       -7.5384033638
      1049       -5.4314898430
      1050      -13.8718644326
      1051       -5.8719122531
      1052      -12.9478115520
      1053       -9.1541504402
      1054        2.8420802901
      1055       -5.3049616539
      1056       -9.1541504202
      1057      -12.9478115283
      1058        2.2656831693
      1059      -11.1852273534
      1060       -5.3515667415
      1061  1000000.0000000000
      1062        6.8325303992
      1063      -12.9478115288
      1064       -4.7865744713
      1065  1000000.0000000000
      1066       -0.3910131901
      1067      -12.9478115501
      1068      -12.9478115258
      1069      -11.7575547509
      1070        9.8649450242
      1071  1000000.0000000000
      1072      -13.8718644285
      1073      -12.9478115357
      1074  1000000.0000000000
      1075      -11.1852273460
      1076      -12.9478115477
      1077      -11.1852273403
      1078      -10.7964989922
      1079        4.9580834456
      1080      -12.9478115441
      1081  1000000.0000000000
      1082  1000000.0000000000
      1083      -12.9478115408
      1084  1000000.0000000000
      1085       -4.4467368671
      1086      -14.3064143984
      1087      -12.9478115439
      1088        5.4049259164
      1089  1000000.0000000000
      1090       -7.8892794532
      1091  1000000.0000000000
      1092      -12.9478115209
      1093       -9.1541504324
      1094      122.2988633936
      1095      -12.9478115471
      1096      -11.1852273174
      1097      -12.9478115522
      1098       -7.9945992422
      1099      -11.1852273444
      1100        3.2045558229
      1101        5.2215029489
      1102      -12.9478115525
      1103      -12.9478115312
      1104      -11.1852273553
      1105      -12.9478115340
      1106      -12.9478115546
      1107        4.3330872856
      1108      -11.1852273606
      1109      -12.9478115525
      1110      -12.9478115414
      1111       -0.2329813855
      1112      -12.9478115436
      1113      -12.9478115434
      1114      -10.7964989769
      1115       -8.3882748314
      1116      -12.9478115369
      1117      -12.9478115545
      1118       -7.8590762887
      1119       -7.9945992650
      1120       -7.5672692635
      1121      -12.9478115372
      1122      -12.9478115531
      1123      -12.9478115492
      1124      -12.1297369879
      1125      -12.9478115579
      1126  1000000.0000000000
      1127        1.3053188516
      1128  1000000.0000000000
      1129      -11.7575547499
      1130  1000000.0000000000
      1131        2.3191187464
      1132      -12.9478115413
      1133  1000000.0000000000
      1134       -5.4314898612
      1135      -12.9478115529
      1136  1000000.0000000000
      1137       -5.3049616664
      1138  1000000.0000000000
      1139      -12.9478115500
      1140        8.7601259615
      1141      -12.9478115516
      1142  1000000.0000000000
      1143      -12.9478115301
      1144      -10.7096869074
      1145      -12.9478115506
      1146       -8.6203657943
      1147      -10.3488198125
      1148  1000000.0000000000
      1149  1000000.0000000000
      1150        2.0422359745
      1151      -10.3488198102
      1152       -8.6203657784
      1153       -6.6308752049
      1154       -2.7525211789
      1155       -5.9046648214
      1156       -8.4382431171
      1157        3.6899571934
      1158       -6.1059252026
      1159       -3.1138891996
      1160        4.3650717738
      1161       -6.6611429344
      1162       11.4969386715
      1163      -10.9332251932
      1164       -6.6308752044
      1165      123.2373415846
      1166  1000000.0000000000
      1167      -10.9332252322
      1168  1000000.0000000000
      1169      -10.9332252123
      1170  1000000.0000000000
      1171        3.6899571776
      1172       -8.6203657805
      1173       -8.6203657852
      1174       -0.2309879740
      1175  1000000.0000000000
      1176       -6.6308752023
      1177       -5.1522344128
      1178       -8.6203657959
      1179       -8.6203657785
      1180      -10.3488198052
      1181      -12.9478115485
      1182       -8.7500716305
      1183        4.3330872853
      1184       -9.1541504558
      1185       14.1055962661
      1186        4.4142578078
      1187      -11.7575547437
      1188      -12.9478115533
      1189      -12.7574150998
      1190      -11.1852273527
      1191      -12.9478115514
      1192  1000000.0000000000
      1193  1000000.0000000000
      1194      -12.9478115161
      1195       -6.9502825146
      1196      -13.8718644391
      1197       -4.3631566616
      1198      -13.8718644361
      1199        4.6530677286
      1200      142.7156706702
      1201      -12.9478115504
      1202       -9.4477722073
      1203      -12.7574151043
      1204      129.2665776825
      1205      -11.7575547461
      1206      -12.9478115269
      1207      -12.9478115452
      1208      -11.1852273561
      1209        0.9514446860
      1210        2.3140112420
      1211       -1.0389766614
      1212        2.1584765200
      1213      -12.1297369771
      1214       -7.5063664673
      1215      -12.1297369828
      1216       -9.1541504610
      1217      -11.1852272882
      1218      -12.9478115362
      1219        0.9514446965
      1220       -0.8903169427
      1221      -12.9478115445
      1222      -13.8718644358
      1223  1000000.0000000000
      1224       -4.5139118992
      1225       13.9244195009
      1226      -13.8718644274
      1227  1000000.0000000000
      1228      -12.9478115367
      1229      -12.9478115404
      1230      -12.9478115142
      1231      -12.9478115170
      1232      -12.1297369836
      1233       -7.8892794481
      1234      -11.1852273208
      1235       -1.0389766607
      1236  1000000.0000000000
      1237       -8.3934523999
      1238        6.3480484755
      1239       -1.0483610360
      1240       -8.3934523641
      1241       -8.3934523927
      1242       -8.3934523613
      1243       -8.3934524036
      1244        2.0093190967
      1245       -6.6843081663
      1246       -1.7284524181
      1247       -5.2765063973
      1248       -4.2251434908
      1249        6.6034141171
      1250       -5.2765063040
      1251       -5.2765063073
      1252       -2.1041562049
      1253      -10.8949492846
      1254       -0.7621632070
      1255       -4.1749639962
      1256       -5.2765064112
      1257       -5.2765064001
      1258       -5.2765062836
      1259  1000000.0000000000
      1260      135.0590042983
      1261       -1.9973364706
      1262        4.9454380434
      1263       -6.6843081472
      1264       -6.9465755669
      1265       -4.2251446702
      1266  1000000.0000000000
      1267  1000000.0000000000
      1268       -8.3934523280
      1269       -3.7782905518
      1270       -1.0273419677
      1271        8.1820480954
      1272  1000000.0000000000
      1273       -9.7959188142
      1274      -10.2303551915
      1275       -6.8771308244
      1276       -5.4314898490
      1277      -10.2303551932
      1278        5.9128504416
      1279      -10.2303551760
      1280        2.3938171742
      1281      -10.9386741889
      1282      -10.2303551716
      1283      -11.1852273553
      1284  1000000.0000000000
      1285       -0.8611095998
      1286       -6.8771308292
      1287      -11.1852273588
      1288      -10.2303551809
      1289       -8.2412723634
      1290      -13.3109000875
      1291      -11.1852273580
      1292      -11.1852273679
      1293      -10.2303551915
      1294  1000000.0000000000
      1295      -10.2303551739
      1296       -7.6362837443
      1297      -11.1852273633
      1298      -10.2303551910
      1299      -10.0396869866
      1300       -0.9074733090
      1301  1000000.0000000000
      1302      -12.9478115392
      1303       -7.5063664608
      1304        2.8420802887
      1305      -12.9478115406
      1306       -5.4314898273
      1307  1000000.0000000000
      1308      -11.7575547520
      1309      -12.1297369856
      1310      -12.9478115508
      1311      -11.7575547336
      1312      -12.9478115585
      1313        2.7588578996
      1314        0.8694768931
      1315        1.4554168759
      1316  1000000.0000000000
      1317      127.1182690379
      1318      -12.1297369722
      1319      140.3912105877
      1320      120.2128484355
      1321      -12.9478115527
      1322      -12.9478115539
      1323        2.3830199402
      1324  1000000.0000000000
      1325        6.4990063442
      1326       -9.7959187782
      1327  1000000.0000000000
      1328      -12.9478115454
      1329      -11.1852273422
      1330      -10.9386741794
      1331      -12.9478115583
      1332        1.2740297237
      1333      -12.9478115426
      1334       -7.5063664691
      1335      -13.3109000705
      1336  1000000.0000000000
      1337       12.8278743738
      1338        1.8675972658
      1339      -12.9478115451
      1340  1000000.0000000000
      1341      -11.1852273503
      1342      125.8278612207
      1343       -4.5987930632
      1344        2.2656831655
      1345  1000000.0000000000
      1346      -12.9478115147
      1347  1000000.0000000000
      1348  1000000.0000000000
      1349  1000000.0000000000
      1350        3.6978150215
      1351  1000000.0000000000
      1352       -5.4314898138
      1353      -12.9478115516
      1354      -12.9478115424
      1355      -12.9478115507
      1356       -9.9268893971
      1357      -12.9478115563
      1358       -2.6467429056
      1359      -12.9478115218
      1360        2.6162109092
      1361        1.2740297339
      1362       -9.1541504475
      1363  1000000.0000000000
      1364      -12.9478115413
      1365  1000000.0000000000
      1366       -2.5960918840
      1367  1000000.0000000000
      1368  1000000.0000000000
      1369      -12.8861655375
      1370       -3.9243442809
      1371  1000000.0000000000
      1372       -1.4697073831
      1373      -12.9478115546
      1374  1000000.0000000000
      1375       -5.6405877066
      1376      -12.9478115309
      1377        2.2656831823
      1378      -10.7964989954
      1379      -10.2303551837
      1380       -5.9762915933
      1381  1000000.0000000000
      1382  1000000.0000000000
      1383      -11.1852273609
      1384      -11.1852273622
      1385        1.3099023590
      1386      120.2128484570
      1387      120.8856454390
      1388      -13.8718644378
      1389       -7.8590762928
      1390       -6.8771308078
      1391      -12.9478115510
      1392      -12.1297369671
      1393      -10.7964989899
      1394      -12.9478115570
      1395       24.1710455847
      1396      -12.9478115256
      1397      -12.9478115465
      1398  1000000.0000000000
      1399       -7.5063664664
      1400        2.3007416073
      1401  1000000.0000000000
      1402      -12.9478115199
      1403       -4.8781756915
      1404       -9.1541504329
      1405       -6.8771308207
      1406      -12.1297369890
      1407  1000000.0000000000
      1408  1000000.0000000000
      1409      -13.8718644329
      1410      -12.9478115331
      1411      -12.9478115477
      1412      -12.1297369788
      1413      -12.9478115394
      1414      -13.8718644162
      1415      -12.9478115331
      1416      -13.3109000900
      1417      -12.9478115238
      1418      -12.9478115382
      1419  1000000.0000000000
      1420      -12.1297369690
      1421      -11.7575547156
      1422      -13.8718644204
      1423      -12.9478115477
      1424      -12.1297369824
      1425      -12.9478115516
      1426       -7.6362837490
      1427      -12.9478115522
      1428      -12.9478115413
      1429        1.2740297184
      1430       22.0654204723
      1431      -12.9478115572
      1432       -3.7143686848
      1433      -11.7575547515
      1434        1.2740297037
      1435  1000000.0000000000
      1436      -12.9478115599
      1437      -12.9478115508
      1438      -12.1297369838
      1439      -12.9478115395
      1440       -5.4965357933
      1441      -12.9478115144
      1442      -12.1297369722
      1443      -12.9478115384
      1444      -12.9478115461
      1445      -12.9478115384
      1446      112.1155927959
      1447      -11.7575547530
      1448      -12.1297369889
      1449      120.8856454044
      1450       19.2366547594
      1451       -6.3674280345
      1452  1000000.0000000000
      1453      -12.9478115518
      1454      -12.9478115398
      1455        5.7548345732
      1456       -7.8590762849
      1457      -12.9478115384
      1458      -12.9478115452
      1459  1000000.0000000000
      1460      -12.1297369174
      1461        5.8050821604
      1462       -7.9945992900
      1463      -11.7575547326
      1464      120.2128484159
      1465      -11.1852273561
      1466       -6.1690983372
      1467      -10.2581366135
      1468      -13.8718644427
      1469      -11.1852273456
      1470      -12.9478115394
      1471       -4.5990447656
      1472  1000000.0000000000
      1473       -6.3290848764
      1474  1000000.0000000000
      1475       -1.0389766579
      1476      -12.9478115435
      1477      -12.9478115394
      1478       -4.5990447363
      1479       -6.1853321756
      1480      -12.9478115534
      1481        2.9823813362
      1482      -11.7575547424
      1483      -12.9478115472
      1484      -12.1297369722
      1485       -0.5988212448
      1486       -1.0389766372
      1487      -13.8718644347
      1488       -1.4088286366
      1489  1000000.0000000000
      1490        6.0945110477
      1491      -12.9478115358
      1492        4.8504696432
      1493      -11.1852273546
      1494      -12.9478115435
      1495  1000000.0000000000
      1496      -12.9478115477
      1497      -12.1297369798
      1498      -12.1297369876
      1499      -11.7575547477
      1500  1000000.0000000000
