         1    0.8670085140    
         2    0.8670085240    
         3    0.8670085431    
         4    0.8670085762    
         5    0.8670085269    
         6    0.8670085318    
         7    0.8670085307    
         8    0.8670085338    
         9    0.8670085338    
        10    0.8670085388    
        11    -3.167123070    
        12    -3.167123006    
        13    -3.167122860    
        14    -3.167123061    
        15    -3.167122863    
        16    -3.167122863    
        17    -3.167123054    
        18    -3.167123048    
        19    -3.167122748    
        20    -3.167122748    
        21    -3.167123043    
        22    -3.167122921    
        23    -3.167123053    
        24    -3.167122611    
        25    -3.167123044    
        26    -3.167123047    
        27    -3.167123047    
        28    -3.167122805    
        29    -3.167122826    
        30    -3.167123007    
        31    -3.167123013    
        32    -3.167123065    
        33    -3.167122940    
        34    -3.167123068    
        35    -3.167123017    
        36    -3.167123079    
        37    -3.167123039    
        38    -3.167123001    
        39    -3.167123021    
        40    -3.167122910    
        41    -3.167122910    
        42    -3.167123037    
        43    -3.167123037    
        44    -3.167123063    
        45    -3.167123025    
        46    -2.394669260    
        47    -2.394669272    
        48    -2.394669258    
        49    -2.394669261    
        50    -2.394669274    
        51    -2.394669274    
        52    -2.394669268    
        53    -2.394669257    
        54    -2.394669275    
        55    -3.167123062    
        56    -3.167123033    
        57    -3.167123033    
        58    -3.167123033    
        59    -3.167123058    
        60    -3.167123057    
        61    -3.167123041    
        62    -3.167123060    
        63    -3.167123075    
        64    -3.167122887    
        65    -3.167122975    
        66    -3.167122975    
        67    -3.167123015    
        68    -3.167123015    
        69    -3.167122990    
        70    -3.167122990    
        71    -2.394669268    
        72    -2.394669274    
        73    -2.394669139    
        74    -2.394669260    
        75    -2.394669260    
        76    -2.394669255    
        77    -2.394669208    
        78    -2.394669256    
        79    -2.394669261    
        80    -2.394668823    
        81    -2.394669250    
        82    -2.394669276    
        83    -2.394669258    
        84    -2.394669264    
        85    -2.394669251    
        86    -2.394669212    
        87    -2.394669270    
        88    -2.394669263    
        89    -2.394669183    
        90    -2.394669165    
        91    -2.394669273    
        92    -2.394669273    
        93    -2.394669272    
        94    -2.394669273    
        95    -2.394669273    
        96    -2.394669260    
        97    -3.167123061    
        98    -3.167123065    
        99    -3.167123052    
       100    -3.167123055    
       101    -3.010550813    
       102    -3.010550821    
       103    -3.010550813    
       104    -3.010550820    
       105    -3.010550786    
       106    -3.010550814    
       107    -3.167123043    
       108    -3.167123062    
       109    -3.167123021    
       110    -3.167123043    
       111    -3.167123069    
       112    -3.167123011    
       113    -3.167123067    
       114    -3.167123069    
       115    -3.167123066    
       116    -3.167123070    
       117    -3.167123067    
       118    -3.167123067    
       119    -3.167122895    
       120    -3.167123062    
       121    -3.167123062    
       122    -3.167122854    
       123    -3.167122733    
       124    -3.167123062    
       125    -3.167122941    
       126    -3.167123047    
       127    -3.167123047    
       128    -3.167123046    
       129    -3.167122534    
       130    -3.167123047    
       131    -3.167123066    
       132    -3.167123058    
       133    -3.167123066    
       134    -3.167123056    
       135    -3.167123056    
       136    -3.167123045    
       137    -3.167123064    
       138    -3.167123046    
       139    -3.167123046    
       140    -3.167123046    
       141    -3.167123046    
       142    -3.167123064    
       143    -3.167122695    
       144    -3.167123055    
       145    -3.167123067    
       146    -3.167122877    
       147    -3.167122877    
       148    -3.167123057    
       149    -3.167123068    
       150    -3.167122923    
       151    -3.167122923    
       152    -3.167122943    
       153    -3.167122877    
       154    -3.167122987    
       155    -3.167122987    
       156    -3.167123062    
       157    -3.167122974    
       158    -3.167123067    
       159    -3.167123067    
       160    -3.167123062    
       161    -3.167123062    
       162    -3.167122882    
       163    -3.167123059    
       164    -3.167123019    
       165    -3.167123050    
       166    -3.167123050    
       167    -3.167123067    
       168    -3.167122932    
       169    -3.167123066    
       170    -3.167123049    
       171    -3.167123049    
       172    -3.167122910    
       173    -3.167123062    
       174    -3.167123075    
       175    -3.167123063    
       176    -3.167122972    
       177    -3.167123031    
       178    -3.167123031    
       179    -3.167123064    
       180    -3.167123064    
       181    -3.167123064    
       182    -3.167123066    
       183    -3.167123066    
       184    -3.167123042    
       185    -3.167123047    
       186    -3.167123047    
       187    -3.167123063    
       188    -3.167123068    
       189    -3.167123068    
       190    -3.167122996    
       191    -3.167123055    
       192    -3.167123066    
       193    -3.167123066    
       194    -3.167123006    
       195    -3.167123046    
       196    -3.167123046    
       197    -3.167123067    
       198    -3.167122969    
       199    -3.167122842    
       200    -3.167122862    
       201    -3.167122862    
       202    -3.167123058    
       203    -3.167123058    
       204    -3.167123070    
       205    -3.167123070    
       206    -3.167123070    
       207    -3.167122989    
       208    -3.167123054    
       209    -3.167123054    
       210    -3.167123048    
       211    -3.167123068    
       212    -3.167123065    
       213    -3.167123067    
       214    -3.167123066    
       215    -3.167123070    
       216    -3.167123070    
       217    -3.167123046    
       218    -2.394669207    
       219    -2.394669130    
       220    -2.394669130    
       221    -2.394669234    
       222    -2.394669234    
       223    -2.394669261    
       224    -3.167123014    
       225    -3.167123065    
       226    -3.167123065    
       227    -3.167123062    
       228    -3.167123046    
       229    -3.167123046    
       230    -3.167123046    
       231    -2.394669249    
       232    -3.167123070    
       233    -3.167123074    
       234    -3.167123002    
       235    -3.167123041    
       236    -3.167123062    
       237    -3.167122565    
       238    -3.167123063    
       239    -3.167123064    
       240    -3.167123064    
       241    -3.167123041    
       242    -3.167123059    
       243    -3.167123061    
       244    -3.167123067    
       245    -3.167123055    
       246    -3.167123062    
       247    -3.167123062    
       248    -3.167123052    
       249    -3.167123054    
       250    -3.167123034    
       251    -3.167123034    
       252    -3.167123034    
       253    -3.167123034    
       254    -3.167123052    
       255    -3.167123052    
       256    -3.167123057    
       257    -3.167123075    
       258    -2.394669268    
       259    -2.394669256    
       260    -2.394669256    
       261    -2.394669272    
       262    -2.394669272    
       263    -2.394669104    
       264    -2.394669268    
       265    -2.394669268    
       266    -2.394669268    
       267    -3.167123056    
       268    -3.167122833    
       269    -3.167123063    
       270    -3.167123064    
       271    -3.167123064    
       272    -3.167123050    
       273    -2.394669274    
       274    -2.394669274    
       275    -2.394669267    
       276    -2.394669240    
       277    -3.167123075    
       278    -3.167123018    
       279    -3.167123027    
       280    -2.394669279    
       281    -2.394669279    
       282    -2.394669267    
       283    -3.167123055    
       284    -3.167123052    
       285    -3.167123036    
       286    -3.167123036    
       287    -3.167123069    
       288    -3.167123073    
       289    -3.167122888    
       290    -3.167122888    
       291    -3.167122888    
       292    -3.167122888    
       293    -3.167122888    
       294    -3.167122778    
       295    -4.318780772    
       296    -4.318780772    
       297    -4.318780770    
       298    -4.318780770    
       299    -4.318780774    
       300    -4.318780777    
       301    -4.318780779    
       302    -4.318780770    
       303    -4.318780768    
       304    -4.318780760    
       305    -4.318780771    
       306    -9.795918787    
       307    -9.795918803    
       308    -9.795918805    
       309    -9.795918807    
       310    -9.795918810    
       311    -9.795918681    
       312    -9.795918807    
       313    -9.795918802    
       314    -9.795918792    
       315    -9.795918806    
       316    -9.795918795    
       317    -9.795918809    
       318    -9.795918809    
       319    -9.795918794    
       320    -9.795918794    
       321    -9.795918794    
       322    -9.795918807    
       323    -9.795918809    
       324    -9.795918807    
       325    -9.795918435    
       326    -9.795918435    
       327    -9.795918800    
       328    -9.795918800    
       329    -9.795918800    
       330    -9.795918788    
       331    -9.795918788    
       332    -9.795918807    
       333    -9.795918812    
       334    -9.795918795    
       335    -9.795918799    
       336    -10.23035516    
       337    -10.23035518    
       338    -10.23035515    
       339    -10.23035515    
       340    -10.23035515    
       341    -10.23035515    
       342    -10.23035515    
       343    -10.23035519    
       344    -10.23035519    
       345    -10.23035519    
       346    -10.23035519    
       347    -10.23035519    
       348    -10.23035519    
       349    -10.23035519    
       350    -10.23035519    
       351    -10.23035519    
       352    -10.23035518    
       353    -10.23035518    
       354    -10.23035518    
       355    -10.23035519    
       356    -10.23035519    
       357    -10.23035519    
       358    -10.23035519    
       359    -10.23035517    
       360    -10.23035517    
       361    -10.23035517    
       362    -10.23035517    
       363    -10.23035519    
       364    -10.23035516    
       365    -10.23035513    
       366    -10.23035513    
       367    -10.23035513    
       368    -10.23035514    
       369    -10.23035515    
       370    -10.23035514    
       371    -10.23035514    
       372    -10.23035514    
       373    -10.23035515    
       374    -10.23035515    
       375    -10.23035515    
       376    -10.23035515    
       377    -10.23035515    
       378    -10.23035516    
       379    -10.23035518    
       380    -10.23035517    
       381    -10.23035518    
       382    -10.23035518    
       383    -10.23035515    
       384    -10.23035515    
       385    -10.23035518    
       386    -10.23035518    
       387    -10.23035518    
       388    -10.23035519    
       389    -10.23035518    
       390    -10.23035510    
       391    -10.23035519    
       392    -10.23035513    
       393    -10.23035513    
       394    -10.23035517    
       395    -10.23035515    
       396    -10.23035515    
       397    -10.23035515    
       398    -10.23035519    
       399    -10.23035515    
       400    -10.23035516    
       401    -10.23035519    
       402    -10.23035517    
       403    -10.23035519    
       404    -10.23035518    
       405    -10.23035518    
       406    -10.23035519    
       407    -10.23035517    
       408    -10.23035516    
       409    -10.23035516    
       410    -10.23035519    
       411    -10.23035519    
       412    -10.23035519    
       413    -10.23035519    
       414    -10.23035517    
       415    -10.23035517    
       416    -10.23035517    
       417    -10.23035517    
       418    -10.23035517    
       419    -10.23035496    
       420    -10.23035496    
       421    -10.23035496    
       422    -10.23035520    
       423    -10.23035516    
       424    -10.23035517    
       425    -10.23035517    
       426    -10.23035518    
       427    -10.23035518    
       428    -10.23035484    
       429    -12.94781154    
       430    -12.94781152    
       431    -12.94781152    
       432    -12.94781155    
       433    -12.94781155    
       434    -12.94781155    
       435    -12.94781151    
       436    -12.94781153    
       437    -12.94781155    
       438    -12.94781155    
       439    -12.94781151    
       440    -12.94781154    
       441    -12.94781154    
       442    -12.94781155    
       443    -12.94781155    
       444    -12.94781152    
       445    -12.94781152    
       446    -12.94781152    
       447    -12.94781155    
       448    -12.94781153    
       449    -12.94781155    
       450    -12.94781155    
       451    -12.94781155    
       452    -12.94781156    
       453    -12.94781154    
       454    -12.94781155    
       455    -12.94781155    
       456    -12.94781155    
       457    -12.94781154    
       458    -12.94781154    
       459    -12.94781154    
       460    -12.94781154    
       461    -12.94781154    
       462    -12.94781154    
       463    -12.94781154    
       464    -12.94781155    
       465    -12.94781155    
       466    -12.94781154    
       467    -12.94781155    
       468    -12.94781154    
       469    -12.94781154    
       470    -12.94781154    
       471    -12.94781153    
       472    -12.94781155    
       473    -12.94781155    
       474    -12.94781154    
       475    -12.94781155    
       476    -12.94781155    
       477    -12.94781155    
       478    -12.94781149    
       479    -12.94781153    
       480    -12.94781153    
       481    -12.94781153    
       482    -12.94781154    
       483    -12.94781154    
       484    -12.94781155    
       485    -12.94781154    
       486    -12.94781154    
       487    -12.94781154    
       488    -12.94781155    
       489    -12.94781155    
       490    -12.94781156    
       491    -12.94781156    
       492    -12.94781151    
       493    -12.94781155    
       494    -12.94781155    
       495    -12.94781155    
       496    -12.94781155    
       497    -12.94781155    
       498    -12.94781155    
       499    -12.94781155    
       500    -12.94781153    
       501    -12.94781153    
       502    -12.94781154    
       503    -12.94781154    
       504    -12.94781153    
       505    -12.94781154    
       506    -12.94781155    
       507    -12.94781155    
       508    -12.94781155    
       509    -12.94781155    
       510    -12.94781155    
       511    -12.94781155    
       512    -12.94781155    
       513    -12.94781155    
       514    -12.94781155    
       515    -12.94781155    
       516    -12.94781155    
       517    -12.94781148    
       518    -12.94781148    
       519    -12.94781148    
       520    -12.94781155    
       521    -12.94781155    
       522    -12.94781155    
       523    -12.94781155    
       524    -12.94781155    
       525    -12.94781155    
       526    -12.94781155    
       527    -12.94781153    
       528    -12.94781155    
       529    -12.94781155    
       530    -12.94781155    
       531    -12.94781155    
       532    -12.94781155    
       533    -12.94781155    
       534    -12.94781155    
       535    -12.94781155    
       536    -12.94781154    
       537    -12.94781154    
       538    -12.94781154    
       539    -12.94781154    
       540    -12.94781154    
       541    -12.94781152    
       542    -12.94781154    
       543    -12.94781151    
       544    -12.94781155    
       545    -12.94781155    
       546    -12.94781155    
       547    -12.94781155    
       548    -12.94781155    
       549    -12.94781155    
       550    -12.94781154    
       551    -12.94781154    
       552    -12.94781154    
       553    -12.94781155    
       554    -12.94781155    
       555    -12.94781153    
       556    -12.94781153    
       557    -12.94781150    
       558    -12.94781150    
       559    -12.94781155    
       560    -12.94781154    
       561    -12.94781154    
       562    -12.94781154    
       563    -12.94781151    
       564    -12.94781151    
       565    -12.94781151    
       566    -12.94781151    
       567    -12.94781155    
       568    -12.94781155    
       569    -12.94781155    
       570    -12.94781155    
       571    -12.94781155    
       572    -12.94781155    
       573    -12.94781155    
       574    -12.94781155    
       575    -12.94781155    
       576    -12.94781154    
       577    -12.94781154    
       578    -12.94781153    
       579    -12.94781153    
       580    -12.94781154    
       581    -12.94781154    
       582    -12.94781154    
       583    -12.94781154    
       584    -12.94781155    
       585    -12.94781155    
       586    -12.94781155    
       587    -12.94781155    
       588    -12.94781155    
       589    -12.94781155    
       590    -12.94781153    
       591    -12.94781153    
       592    -12.94781153    
       593    -12.94781153    
       594    -12.94781153    
       595    -12.94781155    
       596    -12.94781155    
       597    -12.94781155    
       598    -12.94781152    
       599    -12.94781152    
       600    -12.94781152    
       601    -12.94781152    
       602    -12.94781155    
       603    -12.94781155    
       604    -12.94781155    
       605    -12.94781155    
       606    -12.94781155    
       607    -12.94781155    
       608    -8.620365776    
       609    -8.620365787    
       610    -8.620365792    
       611    -8.620365792    
       612    -8.620365793    
       613    -8.620365794    
       614    -8.620365794    
       615    -8.620365794    
       616    -8.620365794    
       617    -8.620365792    
       618    -8.620365669    
       619    -8.620365669    
       620    -8.620365692    
       621    -8.620365692    
       622    -8.620365792    
       623    -8.620365752    
       624    -8.620365752    
       625    -8.620365752    
       626    -8.620365752    
       627    -8.620365752    
       628    -8.620365752    
       629    -8.620365752    
       630    -8.620365752    
       631    -8.620365752    
       632    -12.94781155    
       633    -12.94781155    
       634    -12.94781155    
       635    -12.94781153    
       636    -12.94781153    
       637    -12.94781153    
       638    -12.94781153    
       639    -12.94781155    
       640    -12.94781155    
       641    -12.94781154    
       642    -12.94781154    
       643    -12.94781154    
       644    -12.94781154    
       645    -12.94781156    
       646    -12.94781151    
       647    -12.94781151    
       648    -12.94781151    
       649    -12.94781154    
       650    -12.94781155    
       651    -12.94781155    
       652    -12.94781155    
       653    -12.94781155    
       654    -12.94781155    
       655    -12.94781155    
       656    -12.94781155    
       657    -12.94781156    
       658    -12.94781156    
       659    -12.94781156    
       660    -12.94781156    
       661    -12.94781156    
       662    -12.94781156    
       663    -12.94781154    
       664    -12.94781154    
       665    -12.94781154    
       666    -12.94781154    
       667    -12.94781154    
       668    -12.94781155    
       669    -12.94781155    
       670    -12.94781154    
       671    -12.94781154    
       672    -12.94781155    
       673    -12.94781155    
       674    -12.94781153    
       675    -12.94781153    
       676    -12.94781153    
       677    -12.94781153    
       678    -12.94781153    
       679    -12.94781153    
       680    -12.94781153    
       681    -12.94781153    
       682    -12.94781153    
       683    -12.94781155    
       684    -12.94781155    
       685    -12.94781155    
       686    -12.94781155    
       687    -12.94781155    
       688    -12.94781155    
       689    -12.94781156    
       690    -12.94781156    
       691    -12.94781154    
       692    -12.94781155    
       693    -12.94781155    
       694    -12.94781155    
       695    -12.94781155    
       696    -12.94781155    
       697    -12.94781153    
       698    -12.94781153    
       699    -12.94781155    
       700    -12.94781155    
       701    -12.94781155    
       702    -12.94781155    
       703    -12.94781155    
       704    -12.94781152    
       705    -12.94781152    
       706    -12.94781152    
       707    -12.94781154    
       708    -12.94781154    
       709    -12.94781154    
       710    -12.94781154    
       711    -12.94781154    
       712    -12.94781154    
       713    -12.94781154    
       714    -12.94781154    
       715    -12.94781154    
       716    -12.94781154    
       717    -12.94781155    
       718    -12.94781155    
       719    -12.94781155    
       720    -12.94781155    
       721    -12.94781155    
       722    -12.94781155    
       723    -12.94781155    
       724    -12.94781153    
       725    -12.94781153    
       726    -12.94781153    
       727    -12.94781155    
       728    -12.94781155    
       729    -12.94781155    
       730    -12.94781155    
       731    -12.94781155    
       732    -12.94781155    
       733    -12.94781155    
       734    -12.94781155    
       735    -12.94781155    
       736    -12.94781155    
       737    -12.94781152    
       738    -12.94781152    
       739    -12.94781154    
       740    -12.94781154    
       741    -12.94781154    
       742    -12.94781151    
       743    -12.94781154    
       744    -12.94781151    
       745    -12.94781151    
       746    -12.94781151    
       747    -12.94781151    
       748    -12.94781151    
       749    -12.94781151    
       750    -12.94781151    
       751    -12.94781151    
       752    -12.94781151    
       753    -12.94781151    
       754    -12.94781154    
       755    -12.94781154    
       756    -12.94781154    
       757    -12.94781154    
       758    -12.94781154    
       759    -12.94781151    
       760    -12.94781151    
       761    -12.94781153    
       762    -12.94781153    
       763    -12.94781153    
       764    -12.94781153    
       765    -12.94781155    
       766    -12.94781155    
       767    -12.94781155    
       768    -12.94781154    
       769    -12.94781154    
       770    -12.94781154    
       771    -12.94781154    
       772    -12.94781156    
       773    -12.94781154    
       774    -12.94781154    
       775    -12.94781154    
       776    -12.94781154    
       777    -12.94781154    
       778    -12.94781154    
       779    -12.94781154    
       780    -12.94781154    
       781    -12.94781155    
       782    -12.94781154    
       783    -12.94781153    
       784    -12.94781154    
       785    -12.94781154    
       786    -12.94781154    
       787    -12.94781154    
       788    -12.94781154    
       789    -12.94781153    
       790    -12.94781154    
       791    -12.94781154    
       792    -12.94781154    
       793    -12.94781154    
       794    -12.94781154    
       795    -12.94781151    
       796    -12.94781151    
       797    -12.94781151    
       798    -12.94781151    
       799    -12.94781151    
       800    -12.94781151    
       801    -12.94781151    
       802    -12.94781151    
       803    -12.94781154    
       804    -12.94781154    
       805    -12.94781154    
       806    -12.94781154    
       807    -12.94781154    
       808    -12.94781154    
       809    -12.94781154    
       810    -12.94781154    
       811    -12.94781154    
       812    -12.94781154    
       813    -12.94781154    
       814    -12.94781155    
       815    -12.94781155    
       816    -12.94781155    
       817    -12.94781155    
       818    -12.94781153    
       819    -12.94781153    
       820    -12.94781153    
       821    -12.94781153    
       822    -12.94781153    
       823    -12.94781153    
       824    -12.94781154    
       825    -12.94781148    
       826    -12.94781148    
       827    -12.94781148    
       828    -12.94781148    
       829    -12.94781148    
       830    -12.94781154    
       831    -12.94781154    
       832    -12.94781155    
       833    -12.94781147    
       834    -12.94781155    
       835    -12.94781155    
       836    -12.94781155    
       837    -12.94781155    
       838    -12.94781155    
       839    -12.94781155    
       840    -12.94781155    
       841    -12.94781155    
       842    -12.94781155    
       843    -12.94781153    
       844    -12.94781153    
       845    -12.94781155    
       846    -12.94781155    
       847    -12.94781155    
       848    -12.94781155    
       849    -12.94781155    
       850    -12.94781155    
       851    -12.94781155    
       852    -12.94781155    
       853    -12.94781155    
       854    -12.94781155    
       855    -12.94781155    
       856    -12.94781155    
       857    -12.94781155    
       858    -12.94781155    
       859    -12.94781155    
       860    -12.94781155    
       861    -9.795918813    
       862    -9.795918813    
       863    -9.795918764    
       864    -9.795918764    
       865    -9.795918764    
       866    -9.795918764    
       867    -9.795918764    
       868    -9.795918764    
       869    -9.795918764    
       870    -9.795918789    
       871    -9.795918789    
       872    -9.795918789    
       873    -9.795918800    
       874    -9.795918800    
       875    -9.795918800    
       876    -9.795918800    
       877    -9.795918800    
       878    -10.07826587    
       879    -10.07826587    
       880    -10.07826587    
       881    -10.07826587    
       882    -10.07826584    
       883    -10.07826590    
       884    -10.07826590    
       885    -10.07826590    
       886    -10.07826590    
       887    -10.07826590    
       888    -10.07826590    
       889    -10.07826590    
       890    -10.07826590    
       891    -10.07826590    
       892    -10.07826590    
       893    -10.07826590    
       894    -10.07826590    
       895    -10.07826590    
       896    -10.07826590    
       897    -10.07826590    
       898    -10.07826587    
       899    -10.07826589    
       900    -10.07826589    
       901    -10.07826589    
       902    -10.07826588    
       903    -10.07826588    
       904    -10.07826588    
       905    -10.07826588    
       906    -10.07826588    
       907    -10.07826591    
       908    -10.07826591    
       909    -10.07826591    
       910    -10.07826591    
       911    -10.07826591    
       912    -10.07826591    
       913    -10.07826577    
       914    -10.07826589    
       915    -10.07826590    
       916    -10.07826590    
       917    -10.07826590    
       918    -10.07826589    
       919    -10.07826575    
       920    -9.795918778    
       921    -9.795918778    
       922    -9.795918778    
       923    -9.795918778    
       924    -9.795918778    
       925    -9.795918778    
       926    -5.134095725    
       927    -5.134095728    
       928    -5.134095728    
       929    -5.134095346    
       930    -5.134095710    
       931    -5.134095722    
       932    -5.134095722    
       933    -5.134095722    
       934    -5.134095722    
       935    -5.134095722    
       936    -5.134095722    
       937    -5.134095522    
       938    -5.134095711    
       939    -5.134095711    
       940    -5.134095711    
       941    -5.134095711    
       942    -5.134095711    
       943    -5.134095711    
       944    -5.134095711    
       945    -4.902438769    
       946    -4.902438769    
       947    -4.902438837    
       948    -4.902438837    
       949    -4.902438825    
       950    -4.902438825    
       951    -4.902438825    
       952    -4.902438825    
       953    -4.902438825    
       954    -4.902438825    
       955    -4.902438825    
       956    -5.868119103    
       957    -5.868119103    
       958    -5.868119103    
       959    -5.868119121    
       960    -5.868119121    
       961    -5.868119121    
       962    -5.868119121    
       963    -5.868119126    
       964    -5.868119126    
       965    -5.868119113    
       966    -5.868119113    
       967    -5.868119113    
       968    -5.868119113    
       969    -5.868119053    
       970    -5.868119053    
       971    -5.868119053    
       972    -5.868119107    
       973    -5.868119109    
       974    -5.868119118    
       975    -5.868119118    
       976    -5.868119118    
       977    -5.868119118    
       978    -5.868119118    
       979    -5.868119118    
       980    -5.868119118    
       981    -5.868119118    
       982    -3.840598796    
       983    -3.840598796    
       984    -3.840598796    
       985    -7.994599282    
       986    -7.994599282    
       987    -7.994599282    
       988    -7.994599223    
       989    -7.994599223    
       990    -7.994599223    
       991    -7.994599278    
       992    -7.994599244    
       993    -7.994599244    
       994    -7.994599244    
       995    -7.994599293    
       996    -7.994599293    
       997    -7.994599293    
       998    -7.994599225    
       999    -12.94781155    
      1000    -12.94781155    
      1001    -12.94781155    
      1002    -12.94781155    
      1003    -12.94781154    
      1004    -12.94781149    
      1005    -12.94781149    
      1006    -12.94781149    
      1007    -12.94781149    
      1008    -12.94781149    
      1009    -12.94781149    
      1010    -12.94781149    
      1011    -12.94781149    
      1012    -12.94781149    
      1013    -12.94781149    
      1014    -12.94781149    
      1015    -12.94781149    
      1016    -12.94781149    
      1017    -12.94781149    
      1018    -12.94781149    
      1019    -12.94781149    
      1020    -12.94781149    
      1021    -12.94781149    
      1022    -12.94781149    
      1023    -12.94781149    
      1024    -12.94781149    
      1025    -12.94781155    
      1026    -12.94781155    
      1027    -12.94781156    
      1028    -12.94781156    
      1029    -12.94781154    
      1030    -12.94781155    
      1031    -12.94781155    
      1032    -12.94781155    
      1033    -12.94781155    
      1034    -12.94781153    
      1035    -12.94781153    
      1036    -12.94781153    
      1037    -12.94781153    
      1038    -12.94781153    
      1039    -12.94781153    
      1040    -12.94781153    
      1041    -12.94781153    
      1042    -12.94781153    
      1043    -12.94781154    
      1044    -12.94781154    
      1045    -12.94781154    
      1046    -12.94781154    
      1047    -12.94781154    
      1048    -12.94781154    
      1049    -12.94781154    
      1050    -12.94781154    
      1051    -12.94781154    
      1052    -12.94781154    
      1053    -12.94781155    
      1054    -12.94781155    
      1055    -12.94781155    
      1056    -12.94781155    
      1057    -12.94781155    
      1058    -12.94781153    
      1059    -12.94781153    
      1060    -12.94781153    
      1061    -12.94781153    
      1062    -12.94781153    
      1063    -12.94781153    
      1064    -12.94781153    
      1065    -12.94781153    
      1066    -12.94781153    
      1067    -12.94781153    
      1068    -12.94781155    
      1069    -12.94781153    
      1070    -12.94781153    
      1071    -12.94781153    
      1072    -12.94781153    
      1073    -12.94781153    
      1074    -12.94781154    
      1075    -12.94781154    
      1076    -12.94781154    
      1077    -12.94781155    
      1078    -12.94781155    
      1079    -12.94781155    
      1080    -12.94781155    
      1081    -12.94781154    
      1082    -12.94781154    
      1083    -12.94781154    
      1084    -12.94781154    
      1085    -12.94781154    
      1086    -12.94781154    
      1087    -12.94781154    
      1088    -12.94781154    
      1089    -12.94781154    
      1090    -12.94781154    
      1091    -12.94781154    
      1092    -12.94781154    
      1093    -12.94781152    
      1094    -12.94781152    
      1095    -12.94781152    
      1096    -12.94781155    
      1097    -12.94781155    
      1098    -12.94781155    
      1099    -12.94781155    
      1100    -12.94781155    
      1101    -12.94781155    
      1102    -12.94781155    
      1103    -12.94781155    
      1104    -12.94781153    
      1105    -12.94781153    
      1106    -12.94781153    
      1107    -12.94781155    
      1108    -12.94781155    
      1109    -12.94781155    
      1110    -12.94781155    
      1111    -12.94781154    
      1112    -12.94781154    
      1113    -12.94781154    
      1114    -12.94781154    
      1115    -12.94781154    
      1116    -12.94781154    
      1117    -12.94781154    
      1118    -12.94781155    
      1119    -12.94781155    
      1120    -12.94781155    
      1121    -12.94781155    
      1122    -12.94781154    
      1123    -12.94781155    
      1124    -12.94781155    
      1125    -12.94781155    
      1126    -12.94781156    
      1127    -12.94781156    
      1128    -12.94781156    
      1129    -12.94781156    
      1130    -12.94781156    
      1131    -12.94781156    
      1132    -12.94781156    
      1133    -12.94781154    
      1134    -12.94781154    
      1135    -12.94781154    
      1136    -12.94781155    
      1137    -12.94781155    
      1138    -12.94781155    
      1139    -12.94781155    
      1140    -12.94781155    
      1141    -12.94781155    
      1142    -12.94781155    
      1143    -12.94781155    
      1144    -12.94781153    
      1145    -12.94781153    
      1146    -12.94781155    
      1147    -8.620365794    
      1148    -8.620365794    
      1149    -8.620365794    
      1150    -8.620365794    
      1151    -8.620365794    
      1152    -8.620365794    
      1153    -8.620365778    
      1154    -8.620365778    
      1155    -8.620365778    
      1156    -8.620365778    
      1157    -8.620365778    
      1158    -8.620365778    
      1159    -8.620365778    
      1160    -8.620365778    
      1161    -8.620365778    
      1162    -8.620365778    
      1163    -8.620365778    
      1164    -8.620365778    
      1165    -8.620365778    
      1166    -8.620365778    
      1167    -8.620365778    
      1168    -8.620365778    
      1169    -8.620365778    
      1170    -8.620365778    
      1171    -8.620365778    
      1172    -8.620365778    
      1173    -8.620365780    
      1174    -8.620365785    
      1175    -8.620365785    
      1176    -8.620365785    
      1177    -8.620365785    
      1178    -8.620365785    
      1179    -8.620365796    
      1180    -8.620365778    
      1181    -8.620365778    
      1182    -12.94781155    
      1183    -12.94781155    
      1184    -12.94781155    
      1185    -12.94781155    
      1186    -12.94781155    
      1187    -12.94781155    
      1188    -12.94781155    
      1189    -12.94781155    
      1190    -12.94781155    
      1191    -12.94781155    
      1192    -12.94781155    
      1193    -12.94781155    
      1194    -12.94781155    
      1195    -12.94781152    
      1196    -12.94781152    
      1197    -12.94781152    
      1198    -12.94781152    
      1199    -12.94781152    
      1200    -12.94781152    
      1201    -12.94781152    
      1202    -12.94781155    
      1203    -12.94781155    
      1204    -12.94781155    
      1205    -12.94781155    
      1206    -12.94781155    
      1207    -12.94781153    
      1208    -12.94781155    
      1209    -12.94781155    
      1210    -12.94781155    
      1211    -12.94781155    
      1212    -12.94781155    
      1213    -12.94781155    
      1214    -12.94781155    
      1215    -12.94781155    
      1216    -12.94781155    
      1217    -12.94781155    
      1218    -12.94781155    
      1219    -12.94781154    
      1220    -12.94781154    
      1221    -12.94781154    
      1222    -12.94781154    
      1223    -12.94781154    
      1224    -12.94781154    
      1225    -12.94781154    
      1226    -12.94781154    
      1227    -12.94781154    
      1228    -12.94781154    
      1229    -12.94781154    
      1230    -12.94781154    
      1231    -12.94781151    
      1232    -12.94781152    
      1233    -12.94781152    
      1234    -12.94781152    
      1235    -12.94781152    
      1236    -12.94781152    
      1237    -12.94781152    
      1238    -8.393452400    
      1239    -8.393452400    
      1240    -8.393452400    
      1241    -8.393452364    
      1242    -8.393452393    
      1243    -8.393452361    
      1244    -8.393452404    
      1245    -8.393452404    
      1246    -8.393452404    
      1247    -8.393452404    
      1248    -8.393452404    
      1249    -8.393452404    
      1250    -8.393452404    
      1251    -5.276506304    
      1252    -5.276506307    
      1253    -5.276506307    
      1254    -5.276506307    
      1255    -5.276506307    
      1256    -5.276506307    
      1257    -5.276506411    
      1258    -5.276506400    
      1259    -5.276506284    
      1260    -5.276506284    
      1261    -5.276506284    
      1262    -5.276506284    
      1263    -5.276506284    
      1264    -5.276506284    
      1265    -5.276506284    
      1266    -4.225144670    
      1267    -4.225144670    
      1268    -4.225144670    
      1269    -8.393452328    
      1270    -8.393452328    
      1271    -8.393452328    
      1272    -8.393452328    
      1273    -8.393452328    
      1274    -9.795918814    
      1275    -10.23035519    
      1276    -10.23035519    
      1277    -10.23035519    
      1278    -10.23035519    
      1279    -10.23035519    
      1280    -10.23035518    
      1281    -10.23035518    
      1282    -10.23035518    
      1283    -10.23035517    
      1284    -10.23035517    
      1285    -10.23035517    
      1286    -10.23035517    
      1287    -10.23035517    
      1288    -10.23035517    
      1289    -10.23035518    
      1290    -10.23035518    
      1291    -10.23035518    
      1292    -10.23035518    
      1293    -10.23035518    
      1294    -10.23035519    
      1295    -10.23035519    
      1296    -10.23035517    
      1297    -10.23035517    
      1298    -10.23035517    
      1299    -10.23035519    
      1300    -10.23035519    
      1301    -10.23035519    
      1302    -10.23035519    
      1303    -12.94781154    
      1304    -12.94781154    
      1305    -12.94781154    
      1306    -12.94781154    
      1307    -12.94781154    
      1308    -12.94781154    
      1309    -12.94781154    
      1310    -12.94781154    
      1311    -12.94781155    
      1312    -12.94781155    
      1313    -12.94781156    
      1314    -12.94781156    
      1315    -12.94781156    
      1316    -12.94781156    
      1317    -12.94781156    
      1318    -12.94781156    
      1319    -12.94781156    
      1320    -12.94781156    
      1321    -12.94781156    
      1322    -12.94781155    
      1323    -12.94781155    
      1324    -12.94781155    
      1325    -12.94781155    
      1326    -12.94781155    
      1327    -12.94781155    
      1328    -12.94781155    
      1329    -12.94781155    
      1330    -12.94781155    
      1331    -12.94781155    
      1332    -12.94781156    
      1333    -12.94781156    
      1334    -12.94781154    
      1335    -12.94781154    
      1336    -12.94781154    
      1337    -12.94781154    
      1338    -12.94781154    
      1339    -12.94781154    
      1340    -12.94781155    
      1341    -12.94781155    
      1342    -12.94781155    
      1343    -12.94781155    
      1344    -12.94781155    
      1345    -12.94781155    
      1346    -12.94781155    
      1347    -12.94781151    
      1348    -12.94781151    
      1349    -12.94781151    
      1350    -12.94781151    
      1351    -12.94781151    
      1352    -12.94781151    
      1353    -12.94781151    
      1354    -12.94781155    
      1355    -12.94781154    
      1356    -12.94781155    
      1357    -12.94781155    
      1358    -12.94781156    
      1359    -12.94781156    
      1360    -12.94781152    
      1361    -12.94781152    
      1362    -12.94781152    
      1363    -12.94781152    
      1364    -12.94781152    
      1365    -12.94781154    
      1366    -12.94781154    
      1367    -12.94781154    
      1368    -12.94781154    
      1369    -12.94781154    
      1370    -12.94781154    
      1371    -12.94781154    
      1372    -12.94781154    
      1373    -12.94781154    
      1374    -12.94781155    
      1375    -12.94781155    
      1376    -12.94781155    
      1377    -12.94781153    
      1378    -12.94781153    
      1379    -12.94781153    
      1380    -12.94781153    
      1381    -12.94781153    
      1382    -12.94781153    
      1383    -12.94781153    
      1384    -12.94781153    
      1385    -12.94781153    
      1386    -12.94781153    
      1387    -12.94781153    
      1388    -12.94781153    
      1389    -12.94781153    
      1390    -12.94781153    
      1391    -12.94781153    
      1392    -12.94781155    
      1393    -12.94781155    
      1394    -12.94781155    
      1395    -12.94781156    
      1396    -12.94781156    
      1397    -12.94781153    
      1398    -12.94781155    
      1399    -12.94781155    
      1400    -12.94781155    
      1401    -12.94781155    
      1402    -12.94781155    
      1403    -12.94781152    
      1404    -12.94781152    
      1405    -12.94781152    
      1406    -12.94781152    
      1407    -12.94781152    
      1408    -12.94781152    
      1409    -12.94781152    
      1410    -12.94781152    
      1411    -12.94781153    
      1412    -12.94781155    
      1413    -12.94781155    
      1414    -12.94781154    
      1415    -12.94781154    
      1416    -12.94781153    
      1417    -12.94781153    
      1418    -12.94781152    
      1419    -12.94781154    
      1420    -12.94781154    
      1421    -12.94781154    
      1422    -12.94781154    
      1423    -12.94781154    
      1424    -12.94781155    
      1425    -12.94781155    
      1426    -12.94781155    
      1427    -12.94781155    
      1428    -12.94781155    
      1429    -12.94781154    
      1430    -12.94781154    
      1431    -12.94781154    
      1432    -12.94781156    
      1433    -12.94781156    
      1434    -12.94781156    
      1435    -12.94781156    
      1436    -12.94781156    
      1437    -12.94781156    
      1438    -12.94781155    
      1439    -12.94781155    
      1440    -12.94781154    
      1441    -12.94781154    
      1442    -12.94781151    
      1443    -12.94781151    
      1444    -12.94781154    
      1445    -12.94781155    
      1446    -12.94781154    
      1447    -12.94781154    
      1448    -12.94781154    
      1449    -12.94781154    
      1450    -12.94781154    
      1451    -12.94781154    
      1452    -12.94781154    
      1453    -12.94781154    
      1454    -12.94781155    
      1455    -12.94781154    
      1456    -12.94781154    
      1457    -12.94781154    
      1458    -12.94781154    
      1459    -12.94781155    
      1460    -12.94781155    
      1461    -12.94781155    
      1462    -12.94781155    
      1463    -12.94781155    
      1464    -12.94781155    
      1465    -12.94781155    
      1466    -12.94781155    
      1467    -12.94781155    
      1468    -12.94781155    
      1469    -12.94781155    
      1470    -12.94781155    
      1471    -12.94781154    
      1472    -12.94781154    
      1473    -12.94781154    
      1474    -12.94781154    
      1475    -12.94781154    
      1476    -12.94781154    
      1477    -12.94781154    
      1478    -12.94781154    
      1479    -12.94781154    
      1480    -12.94781154    
      1481    -12.94781155    
      1482    -12.94781155    
      1483    -12.94781155    
      1484    -12.94781155    
      1485    -12.94781155    
      1486    -12.94781155    
      1487    -12.94781155    
      1488    -12.94781155    
      1489    -12.94781155    
      1490    -12.94781155    
      1491    -12.94781155    
      1492    -12.94781154    
      1493    -12.94781154    
      1494    -12.94781154    
      1495    -12.94781154    
      1496    -12.94781154    
      1497    -12.94781155    
      1498    -12.94781155    
      1499    -12.94781155    
      1500    -12.94781155    
